"beta1" "lambda1" "lambda2" "diffBeta1" "diffLambda1" "pi1" "pi2" "init_beta1" "init_beta2" "init_pi1" "init_pi2" "tempering" "Qlike" "Q1" "Q2" "bpBase" "bp1"
0.196422078869567 0.00219549144619288 8.21959372482536e-07 -0.0384664297656059 1.0884626533425e-12 0.710664908999935 0.289335091000065 0.5 1 0.5 0.5 0.66 -2798.78806309325 -278.41751172269 -20.306892447015 100 100
0.196475857655813 0.00218087268340314 8.1132672365289e-07 -0.000376977075831064 6.63469279515994e-13 0.716291747195426 0.283708252804574 0.5 1 0.5 0.5 0.663433333333333 -2777.50207348108 -279.102165121597 -19.6717133902771 10200 10200
0.196584406145668 0.00216521222087037 8.00847484993952e-07 -0.000189270327354052 1.62136970516258e-12 0.722046416592281 0.277953583407719 0.5 1 0.5 0.5 0.666866666666667 -2755.06619848257 -279.787516814738 -19.0404835315242 20300 20300
0.196692353849769 0.00214957248540116 7.90487767208109e-07 -0.000126290415551011 6.82121026329696e-13 0.727863629880936 0.272136370119064 0.5 1 0.5 0.5 0.6703 -2731.69193164923 -280.468206420326 -18.4170151655065 30400 30400
0.196799517674922 0.0021339654655366 7.80248360564118e-07 -9.47233109229728e-05 5.11590769747272e-13 0.733741231539366 0.266258768460634 0.5 1 0.5 0.5 0.673733333333333 -2707.35625918363 -281.143989995712 -17.8014764342219 40500 40500
0.196905822948505 0.00211840120107771 7.70130139397957e-07 -7.57586165889279e-05 6.82121026329696e-13 0.739676979723616 0.260323020276383 0.5 1 0.5 0.5 0.677166666666667 -2682.03626193805 -281.814626338854 -17.1940308573514 50600 50600
0.197011212616849 0.00210288951873367 7.60134006733714e-07 -6.31055325754915e-05 -9.2503782411768e-13 0.745668427349731 0.254331572650269 0.5 1 0.5 0.5 0.6806 -2655.70966247746 -282.47986811916 -16.5948435578694 60700 60700
0.197115634238678 0.00208744026796542 7.50260882403316e-07 -5.40629228567013e-05 -1.33315580796989e-12 0.751712899725696 0.248287100274304 0.5 1 0.5 0.5 0.684033333333333 -2628.35502366828 -283.139460969532 -16.0040817282366 70800 70800
0.197219036665257 0.00207206338953857 7.40511702146268e-07 -4.72785492888761e-05 2.18847162614111e-12 0.757807476113871 0.242192523886129 0.5 1 0.5 0.5 0.687466666666667 -2599.95195137514 -283.793142805339 -15.4219150178755 80900 80900
0.19732136901997 0.00205676892244988 7.30887413027851e-07 -4.20005079888597e-05 -1.4317436125566e-12 0.763948981271027 0.236051018728973 0.5 1 0.5 0.5 0.6909 -2570.48126972668 -284.440644075065 -14.8485151748629 91000 91000
0.197422580232309 0.00204156701683065 7.21388973888958e-07 -3.77773590685138e-05 1.70530256582424e-13 0.770133970636657 0.229866029363343 0.5 1 0.5 0.5 0.694333333333333 -2539.92524235456 -285.081687416502 -14.284056187818 101100 101100
0.197522618924689 0.00202646792251145 7.12017350993478e-07 -3.43216752582975e-05 -1.46815892776431e-12 0.776358723552858 0.223641276447142 0.5 1 0.5 0.5 0.697766666666667 -2508.26777307721 -285.715988060429 -13.7287138206697 111200 111200
0.197621433299005 0.00201148199379985 7.02773518233637e-07 -3.14417590630001e-05 -3.21165316563565e-12 0.782619229618046 0.217380770381954 0.5 1 0.5 0.5 0.7012 -2475.49465827937 -286.34325360336 -13.1826656697732 121300 121300
0.197718971183863 0.00199661967346074 6.93658452418649e-07 -2.90048521947028e-05 -4.84057238736568e-13 0.78891118333856 0.21108881666144 0.5 1 0.5 0.5 0.704633333333333 -2441.59381682987 -286.963184520514 -12.6460906255669 131400 131400
0.197815180005497 0.00198189149431356 6.84673133030831e-07 -2.69161007508956e-05 -1.10844666778576e-12 0.795229971874684 0.204770028125316 0.5 1 0.5 0.5 0.708066666666667 -2406.55557568661 -287.57547404496 -12.1191688565822 141500 141500
0.1979100068886 0.00196730806017155 6.75818536963247e-07 -2.51059281879407e-05 2.60635957261002e-12 0.801570671746933 0.198429328253067 0.5 1 0.5 0.5 0.7115 -2370.37292872588 -288.179808808301 -11.6020811886187 151600 151600
0.19800339867032 0.00195288004376253 6.67095637461816e-07 -2.35221415323394e-05 1.69642078162724e-13 0.807928039106913 0.192071960893087 0.5 1 0.5 0.5 0.714933333333333 -2333.04185213531 -288.775868882868 -11.0950089770603 161700 161700
0.198095302000669 0.00193861817044333 6.58505399615402e-07 -2.21248213563285e-05 7.95807864051312e-13 0.814296506764757 0.185703493235242 0.5 1 0.5 0.5 0.718366666666667 -2294.56160495985 -289.363328361567 -10.5981335605103 171800 171800
0.198185663450006 0.00192453320154676 6.50048775803392e-07 -2.08829144412448e-05 -3.69482222595252e-13 0.820670182512245 0.179329817487755 0.5 1 0.5 0.5 0.7218 -2254.93504330833 -289.941855977199 -10.1116357009415 181900 181900
0.198274429576607 0.00191063592558676 6.41726703068248e-07 -1.97719016057363e-05 8.5265128291212e-13 0.827042845157814 0.172957154842186 0.5 1 0.5 0.5 0.725233333333333 -2214.16897189107 -290.511115462357 -9.63569524576069 192000 192000
0.198361547065516 0.00189693713747478 6.33540097621648e-07 -1.87721648785555e-05 -5.96855898038484e-13 0.833407947214899 0.166592052785101 0.5 1 0.5 0.5 0.728666666666667 -2172.27447844038 -291.070766376821 -9.17049043890506 202100 202100
0.198446962877501 0.00188344761654724 6.25489849127645e-07 -1.78678214126649e-05 -2.30215846386272e-12 0.839758619868432 0.160241380131568 0.5 1 0.5 0.5 0.7321 -2129.26727484431 -291.620465011811 -8.71619719574579 212200 212200
0.198530624361694 0.00187017811163922 6.17576816721004e-07 -1.70458748129931e-05 5.6843418860808e-14 0.846087676516708 0.153912323483292 0.5 1 0.5 0.5 0.735533333333333 -2085.16807035693 -292.159865069927 -8.27298857662219 222300 222300
0.198612479437414 0.00185713931437317 6.09801822273491e-07 -1.62955877556215e-05 1.4264145420384e-12 0.852387623758321 0.147612376241679 0.5 1 0.5 0.5 0.738966666666667 -2040.00291687727 -292.688618812826 -7.84103392109386 232400 232400
0.198612478465959 0.00185713932738033 6.09801822273491e-07 -1.5616885008285e-05 -1.4210854715202e-13 0.852387623758321 0.147612376241679 0.5 1 0.5 0.5 0.7424 -2040.00291687727 -292.688618812826 -7.84103392109386 242500 242500
0.198612477572189 0.00185713933934734 6.09801822273491e-07 -1.49924570962412e-05 -1.52944323872362e-12 0.852387623758321 0.147612376241679 0.5 1 0.5 0.5 0.745833333333333 -2040.00291687727 -292.688618812826 -7.84103392109386 252600 252600
0.198612476747145 0.00185713935039416 6.09801822273491e-07 -1.44160436548191e-05 -5.6843418860808e-13 0.852387623758321 0.147612376241679 0.5 1 0.5 0.5 0.749266666666667 -2040.00291687727 -292.688618812826 -7.84103392109386 262700 262700
0.198612475983192 0.00185713936062299 6.09801822273491e-07 -1.38823118902565e-05 -6.87450096847897e-13 0.852387623758321 0.147612376241679 0.5 1 0.5 0.5 0.7527 -2040.00291687727 -292.688618812826 -7.84103392109386 272800 272800
0.198612475273789 0.00185713937012145 6.09801822273491e-07 -1.33866903979651e-05 -6.19948536950687e-13 0.852387623758321 0.147612376241679 0.5 1 0.5 0.5 0.756133333333333 -2040.00291687727 -292.688618812826 -7.84103392109386 282900 282900
0.198612474613293 0.00185713937896507 6.09801822273491e-07 -1.29252379394984e-05 -1.4210854715202e-13 0.852387623758321 0.147612376241679 0.5 1 0.5 0.5 0.759566666666667 -2040.00291687727 -292.688618812826 -7.84103392109386 293000 293000
0.198612473996815 0.00185713938721931 6.09801822273491e-07 -1.2494538879082e-05 -7.95807864051312e-13 0.852387623758321 0.147612376241679 0.5 1 0.5 0.5 0.763 -2040.00291687727 -292.688618812826 -7.84103392109386 303100 303100
0.198612473420098 0.00185713939494119 6.09801822273491e-07 -1.20916180037511e-05 -2.78888023785839e-13 0.852387623758321 0.147612376241679 0.5 1 0.5 0.5 0.766433333333333 -2040.00291687727 -292.688618812826 -7.84103392109386 313200 313200
0.198612472879414 0.0018571394021806 6.09801822273491e-07 -1.17138718280785e-05 -6.76791955811495e-13 0.852387623758321 0.147612376241679 0.5 1 0.5 0.5 0.769866666666667 -2040.00291687727 -292.688618812826 -7.84103392109386 323300 323300
0.198612472371489 0.00185713940898139 6.09801822273491e-07 -1.13590125749852e-05 2.55795384873636e-13 0.852387623758321 0.147612376241679 0.5 1 0.5 0.5 0.7733 -2040.00291687727 -292.688618812826 -7.84103392109386 333400 333400
0.198612471893434 0.00185713941538225 6.09801822273491e-07 -1.10250212230767e-05 1.75859327100625e-13 0.852387623758321 0.147612376241679 0.5 1 0.5 0.5 0.776733333333333 -2040.00291687727 -292.688618812826 -7.84103392109386 343500 343500
0.198612471442688 0.00185713942141745 6.09801822273491e-07 -1.07101097626128e-05 -1.02318153949454e-12 0.852387623758321 0.147612376241679 0.5 1 0.5 0.5 0.780166666666667 -2040.00291687727 -292.688618812826 -7.84103392109386 353600 353600
0.198612471016976 0.00185713942711745 6.09801822273491e-07 -1.0412688567385e-05 2.8421709430404e-13 0.852387623758321 0.147612376241679 0.5 1 0.5 0.5 0.7836 -2040.00291687727 -292.688618812826 -7.84103392109386 363700 363700
0.19861247061427 0.00185713943250943 6.09801822273491e-07 -1.01313399056835e-05 -5.63105118089879e-13 0.852387623758321 0.147612376241679 0.5 1 0.5 0.5 0.787033333333333 -2040.00291687727 -292.688618812826 -7.84103392109386 373800 373800
0.198612470232754 0.00185713943761769 6.09801822273491e-07 -9.86479508924276e-06 -5.11590769747272e-13 0.852387623758321 0.147612376241679 0.5 1 0.5 0.5 0.790466666666667 -2040.00291687727 -292.688618812826 -7.84103392109386 383900 383900
0.198612469870797 0.00185713944246406 6.09801822273491e-07 -9.6119158286001e-06 5.15143483426073e-14 0.852387623758321 0.147612376241679 0.5 1 0.5 0.5 0.7939 -2040.00291687727 -292.688618812826 -7.84103392109386 394000 394000
0.198612469526934 0.00185713944706816 6.09801822273491e-07 -9.37167746428713e-06 -2.27906582495052e-12 0.852387623758321 0.147612376241679 0.5 1 0.5 0.5 0.797333333333333 -2040.00291687727 -292.688618812826 -7.84103392109386 404100 404100
0.19861246919984 0.00185713945144774 6.09801822273491e-07 -9.14315515387898e-06 -1.13153930669796e-12 0.852387623758321 0.147612376241679 0.5 1 0.5 0.5 0.800766666666667 -2040.00291687727 -292.688618812826 -7.84103392109386 414200 414200
0.198612468888319 0.0018571394556188 6.09801822273491e-07 -8.92551233278027e-06 -9.71667191151937e-13 0.852387623758321 0.147612376241679 0.5 1 0.5 0.5 0.8042 -2040.00291687727 -292.688618812826 -7.84103392109386 424300 424300
0.198612468591284 0.00185713945959592 6.09801822273491e-07 -8.71798999924067e-06 1.62003743753303e-12 0.852387623758321 0.147612376241679 0.5 1 0.5 0.5 0.807633333333333 -2040.00291687727 -292.688618812826 -7.84103392109386 434400 434400
0.198612468307747 0.00185713946339229 6.09801822273491e-07 -8.51989855732427e-06 -9.66338120633736e-13 0.852387623758321 0.147612376241679 0.5 1 0.5 0.5 0.811066666666667 -2040.00291687727 -292.688618812826 -7.84103392109386 444500 444500
0.19861246803681 0.00185713946701998 6.09801822273491e-07 -8.33060909144479e-06 -2.8705926524708e-12 0.852387623758321 0.147612376241679 0.5 1 0.5 0.5 0.8145 -2040.00291687727 -292.688618812826 -7.84103392109386 454600 454600
0.198612467777649 0.00185713947048997 6.09801822273491e-07 -8.14954793781908e-06 -6.25277607468888e-13 0.852387623758321 0.147612376241679 0.5 1 0.5 0.5 0.817933333333333 -2040.00291687727 -292.688618812826 -7.84103392109386 464700 464700
0.198612467529515 0.00185713947381233 6.09801822273491e-07 -7.97618977799175e-06 5.32907051820075e-15 0.852387623758321 0.147612376241679 0.5 1 0.5 0.5 0.821366666666667 -2040.00291687727 -292.688618812826 -7.84103392109386 474800 474800
0.198612467291717 0.00185713947699629 6.09801822273491e-07 -7.81005343242214e-06 1.14219744773436e-12 0.852387623758321 0.147612376241679 0.5 1 0.5 0.5 0.8248 -2040.00291687727 -292.688618812826 -7.84103392109386 484900 484900
0.198612467063623 0.00185713948005032 6.09801822273491e-07 -7.65069685826347e-06 6.21724893790088e-14 0.852387623758321 0.147612376241679 0.5 1 0.5 0.5 0.828233333333333 -2040.00291687727 -292.688618812826 -7.84103392109386 495000 495000
0.198612466844651 0.00185713948298222 6.09801822273491e-07 -7.49771317032355e-06 -1.76214598468505e-12 0.852387623758321 0.147612376241679 0.5 1 0.5 0.5 0.831666666666667 -2040.00291687727 -292.688618812826 -7.84103392109386 505100 505100
0.198612466634265 0.00185713948579915 6.09801822273491e-07 -7.35072771362866e-06 -6.30606677987089e-13 0.852387623758321 0.147612376241679 0.5 1 0.5 0.5 0.8351 -2040.00291687727 -292.688618812826 -7.84103392109386 515200 515200
0.198612466431969 0.00185713948850777 6.09801822273491e-07 -7.20939453913161e-06 -3.69482222595252e-13 0.852387623758321 0.147612376241679 0.5 1 0.5 0.5 0.838533333333333 -2040.00291687727 -292.688618812826 -7.84103392109386 525300 525300
0.198612466237305 0.00185713949111419 6.09801822273491e-07 -7.07339361838422e-06 1.50635059981141e-12 0.852387623758321 0.147612376241679 0.5 1 0.5 0.5 0.841966666666667 -2040.00291687727 -292.688618812826 -7.84103392109386 535400 535400
0.19861246604985 0.0018571394936241 6.09801822273491e-07 -6.94242891086105e-06 8.5265128291212e-13 0.852387623758321 0.147612376241679 0.5 1 0.5 0.5 0.8454 -2040.00291687727 -292.688618812826 -7.84103392109386 545500 545500
0.19861246586921 0.00185713949604275 6.09801822273491e-07 -6.81622560705364e-06 -1.4495071809506e-12 0.852387623758321 0.147612376241679 0.5 1 0.5 0.5 0.848833333333333 -2040.00291687727 -292.688618812826 -7.84103392109386 555600 555600
0.19861246569502 0.00185713949837504 6.09801822273491e-07 -6.69452884949351e-06 -1.19371179607697e-12 0.852387623758321 0.147612376241679 0.5 1 0.5 0.5 0.852266666666667 -2040.00291687727 -292.688618812826 -7.84103392109386 565700 565700
0.198612465526941 0.00185713950062551 6.09801822273491e-07 -6.57710134532863e-06 -6.82121026329696e-13 0.852387623758321 0.147612376241679 0.5 1 0.5 0.5 0.8557 -2040.00291687727 -292.688618812826 -7.84103392109386 575800 575800
0.198612465364657 0.00185713950279839 6.09801822273491e-07 -6.46372242840698e-06 -9.37916411203332e-13 0.852387623758321 0.147612376241679 0.5 1 0.5 0.5 0.859133333333333 -2040.00291687727 -292.688618812826 -7.84103392109386 585900 585900
0.198612465207874 0.00185713950489762 6.09801822273491e-07 -6.35418621186545e-06 1.13686837721616e-12 0.852387623758321 0.147612376241679 0.5 1 0.5 0.5 0.862566666666667 -2040.00291687727 -292.688618812826 -7.84103392109386 596000 596000
0.198612465056315 0.00185713950692689 6.09801822273491e-07 -6.24830056494829e-06 -8.01136934569513e-13 0.852387623758321 0.147612376241679 0.5 1 0.5 0.5 0.866 -2040.00291687727 -292.688618812826 -7.84103392109386 606100 606100
0.198612464909725 0.00185713950888964 6.09801822273491e-07 -6.14588608982558e-06 -1.79056769411545e-12 0.852387623758321 0.147612376241679 0.5 1 0.5 0.5 0.869433333333333 -2040.00291687727 -292.688618812826 -7.84103392109386 616200 616200
0.198612464767863 0.00185713951078909 6.09801822273491e-07 -6.04677467208603e-06 -2.05169214950729e-12 0.852387623758321 0.147612376241679 0.5 1 0.5 0.5 0.872866666666667 -2040.00291687727 -292.688618812826 -7.84103392109386 626300 626300
0.198612464630503 0.00185713951262824 6.09801822273491e-07 -5.95080922494162e-06 -4.2632564145606e-13 0.852387623758321 0.147612376241679 0.5 1 0.5 0.5 0.8763 -2040.00291687727 -292.688618812826 -7.84103392109386 636400 636400
0.198612464497436 0.00185713951440993 6.09801822273491e-07 -5.85784223972041e-06 -4.2632564145606e-13 0.852387623758321 0.147612376241679 0.5 1 0.5 0.5 0.879733333333333 -2040.00291687727 -292.688618812826 -7.84103392109386 646500 646500
0.198612464368462 0.0018571395161368 6.09801822273491e-07 -5.76773530269747e-06 -1.88116189292487e-12 0.852387623758321 0.147612376241679 0.5 1 0.5 0.5 0.883166666666667 -2040.00291687727 -292.688618812826 -7.84103392109386 656600 656600
0.198612464243396 0.00185713951781136 6.09801822273491e-07 -5.68035846981729e-06 -1.65378821748163e-12 0.852387623758321 0.147612376241679 0.5 1 0.5 0.5 0.8866 -2040.00291687727 -292.688618812826 -7.84103392109386 666700 666700
0.198612464122063 0.00185713951943593 6.09801822273491e-07 -5.59558958457274e-06 -2.33058017329313e-12 0.852387623758321 0.147612376241679 0.5 1 0.5 0.5 0.890033333333333 -2040.00291687727 -292.688618812826 -7.84103392109386 676800 676800
0.198612464004298 0.00185713952101274 6.09801822273491e-07 -5.51331339693206e-06 1.01785246897634e-12 0.852387623758321 0.147612376241679 0.5 1 0.5 0.5 0.893466666666667 -2040.00291687727 -292.688618812826 -7.84103392109386 686900 686900
0.198612463889946 0.00185713952254384 6.09801822273491e-07 -5.43342184755602e-06 -1.16529008664656e-12 0.852387623758321 0.147612376241679 0.5 1 0.5 0.5 0.8969 -2040.00291687727 -292.688618812826 -7.84103392109386 697000 697000
0.19861246377886 0.0018571395240312 6.09801822273491e-07 -5.35581247618211e-06 1.52944323872362e-12 0.852387623758321 0.147612376241679 0.5 1 0.5 0.5 0.900333333333333 -2040.00291687727 -292.688618812826 -7.84103392109386 707100 707100
0.198612463670903 0.00185713952547667 6.09801822273491e-07 -5.2803890469022e-06 -5.63105118089879e-13 0.852387623758321 0.147612376241679 0.5 1 0.5 0.5 0.903766666666667 -2040.00291687727 -292.688618812826 -7.84103392109386 717200 717200
0.198612463565945 0.001857139526882 6.09801822273491e-07 -5.20706038287244e-06 7.67386154620908e-13 0.852387623758321 0.147612376241679 0.5 1 0.5 0.5 0.9072 -2040.00291687727 -292.688618812826 -7.84103392109386 727300 727300
0.198612463463862 0.00185713952824883 6.09801822273491e-07 -5.13574048000009e-06 -1.36424205265939e-12 0.852387623758321 0.147612376241679 0.5 1 0.5 0.5 0.910633333333333 -2040.00291687727 -292.688618812826 -7.84103392109386 737400 737400
0.198612463364537 0.00185713952957872 6.09801822273491e-07 -5.06634785324422e-06 -1.3926637620898e-12 0.852387623758321 0.147612376241679 0.5 1 0.5 0.5 0.914066666666667 -2040.00291687727 -292.688618812826 -7.84103392109386 747500 747500
0.198612463267861 0.00185713953087315 6.09801822273491e-07 -4.99880547977227e-06 -9.71667191151937e-13 0.852387623758321 0.147612376241679 0.5 1 0.5 0.5 0.9175 -2040.00291687727 -292.688618812826 -7.84103392109386 757600 757600
0.198612463173729 0.00185713953213352 6.09801822273491e-07 -4.93304023052588e-06 8.47322212393919e-13 0.852387623758321 0.147612376241679 0.5 1 0.5 0.5 0.920933333333333 -2040.00291687727 -292.688618812826 -7.84103392109386 767700 767700
0.198612463082041 0.00185713953336116 6.09801822273491e-07 -4.86898304075112e-06 1.19015908239817e-13 0.852387623758321 0.147612376241679 0.5 1 0.5 0.5 0.924366666666667 -2040.00291687727 -292.688618812826 -7.84103392109386 777800 777800
0.198612462992704 0.00185713953455733 6.09801822273491e-07 -4.8065681994558e-06 -7.90478793533111e-13 0.852387623758321 0.147612376241679 0.5 1 0.5 0.5 0.9278 -2040.00291687727 -292.688618812826 -7.84103392109386 787900 787900
0.198612462905628 0.00185713953572322 6.09801822273491e-07 -4.74573315045745e-06 -1.25055521493778e-12 0.852387623758321 0.147612376241679 0.5 1 0.5 0.5 0.931233333333333 -2040.00291687727 -292.688618812826 -7.84103392109386 798000 798000
0.198612462820729 0.00185713953685996 6.09801822273491e-07 -4.68641880502219e-06 2.8421709430404e-13 0.852387623758321 0.147612376241679 0.5 1 0.5 0.5 0.934666666666667 -2040.00291687727 -292.688618812826 -7.84103392109386 808100 808100
0.198612462737926 0.00185713953796864 6.09801822273491e-07 -4.62856885974361e-06 -2.33590924381133e-12 0.852387623758321 0.147612376241679 0.5 1 0.5 0.5 0.9381 -2040.00291687727 -292.688618812826 -7.84103392109386 818200 818200
0.198612462657142 0.00185713953905028 6.09801822273491e-07 -4.57212976812116e-06 -8.5265128291212e-13 0.852387623758321 0.147612376241679 0.5 1 0.5 0.5 0.941533333333333 -2040.00291687727 -292.688618812826 -7.84103392109386 828300 828300
0.198612462578305 0.00185713954010587 6.09801822273491e-07 -4.51705037107786e-06 -1.19015908239817e-13 0.852387623758321 0.147612376241679 0.5 1 0.5 0.5 0.944966666666667 -2040.00291687727 -292.688618812826 -7.84103392109386 838400 838400
0.198612462501345 0.00185713954113632 6.09801822273491e-07 -4.46328229486426e-06 -1.25588428545598e-12 0.852387623758321 0.147612376241679 0.5 1 0.5 0.5 0.9484 -2040.00291687727 -292.688618812826 -7.84103392109386 848500 848500
0.198612462426195 0.00185713954214253 6.09801822273491e-07 -4.41077918367228e-06 1.13686837721616e-13 0.852387623758321 0.147612376241679 0.5 1 0.5 0.5 0.951833333333333 -2040.00291687727 -292.688618812826 -7.84103392109386 858600 858600
0.198612462352792 0.00185713954312534 6.09801822273491e-07 -4.35949701227401e-06 -1.76747505520325e-12 0.852387623758321 0.147612376241679 0.5 1 0.5 0.5 0.955266666666667 -2040.00291687727 -292.688618812826 -7.84103392109386 868700 868700
0.198612462281077 0.00185713954408556 6.09801822273491e-07 -4.30939348916581e-06 6.21724893790088e-14 0.852387623758321 0.147612376241679 0.5 1 0.5 0.5 0.9587 -2040.00291687727 -292.688618812826 -7.84103392109386 878800 878800
0.198612462210992 0.00185713954502396 6.09801822273491e-07 -4.26042871026766e-06 -3.12638803734444e-13 0.852387623758321 0.147612376241679 0.5 1 0.5 0.5 0.962133333333333 -2040.00291687727 -292.688618812826 -7.84103392109386 888900 888900
0.198612462142481 0.00185713954594127 6.09801822273491e-07 -4.21256405047643e-06 -2.1600499167107e-12 0.852387623758321 0.147612376241679 0.5 1 0.5 0.5 0.965566666666667 -2040.00291687727 -292.688618812826 -7.84103392109386 899000 899000
0.198612462075493 0.0018571395468382 6.09801822273491e-07 -4.16576290263038e-06 -3.46389583683049e-13 0.852387623758321 0.147612376241679 0.5 1 0.5 0.5 0.969 -2040.00291687727 -292.688618812826 -7.84103392109386 909100 909100
0.198612462009977 0.00185713954771542 6.09801822273491e-07 -4.11999027960519e-06 -1.53477230924182e-12 0.852387623758321 0.147612376241679 0.5 1 0.5 0.5 0.972433333333333 -2040.00291687727 -292.688618812826 -7.84103392109386 919200 919200
0.198612461945884 0.00185713954857357 6.09801822273491e-07 -4.07521258694032e-06 -7.105427357601e-13 0.852387623758321 0.147612376241679 0.5 1 0.5 0.5 0.975866666666667 -2040.00291687727 -292.688618812826 -7.84103392109386 929300 929300
0.19861246188317 0.00185713954941327 6.09801822273491e-07 -4.03139773652583e-06 2.04103400847089e-12 0.852387623758321 0.147612376241679 0.5 1 0.5 0.5 0.9793 -2040.00291687727 -292.688618812826 -7.84103392109386 939400 939400
0.198612461821791 0.00185713955023511 6.09801822273491e-07 -3.98851506133724e-06 -2.39275266267214e-12 0.852387623758321 0.147612376241679 0.5 1 0.5 0.5 0.982733333333333 -2040.00291687727 -292.688618812826 -7.84103392109386 949500 949500
0.198612461761703 0.00185713955103965 6.09801822273491e-07 -3.94653508806186e-06 -1.24522614441958e-12 0.852387623758321 0.147612376241679 0.5 1 0.5 0.5 0.986166666666667 -2040.00291687727 -292.688618812826 -7.84103392109386 959600 959600
0.198612461702867 0.00185713955182742 6.09801822273491e-07 -3.90542956552054e-06 2.22044604925031e-13 0.852387623758321 0.147612376241679 0.5 1 0.5 0.5 0.9896 -2040.00291687727 -292.688618812826 -7.84103392109386 969700 969700
0.198612461645244 0.00185713955259896 6.09801822273491e-07 -3.86517149308929e-06 6.76791955811495e-13 0.852387623758321 0.147612376241679 0.5 1 0.5 0.5 0.993033333333333 -2040.00291687727 -292.688618812826 -7.84103392109386 979800 979800
0.198612461588797 0.00185713955335475 6.09801822273491e-07 -3.82573500701255e-06 4.60076421404665e-13 0.852387623758321 0.147612376241679 0.5 1 0.5 0.5 0.996466666666667 -2040.00291687727 -292.688618812826 -7.84103392109386 989900 989900
0.19861246153349 0.00185713955409527 6.09801822273491e-07 -3.78709509618602e-06 -1.24522614441958e-12 0.852387623758321 0.147612376241679 0.5 1 0.5 0.5 0.9999 -2040.00291687727 -292.688618812826 -7.84103392109386 1e+06 1e+06
