"data_Name" "Iter" "beta1" "beta3" "lambda1" "lambda2" "lambda3" "diffBeta1" "diffBeta3" "diffLambda1" "diffLambda3" "pi1" "pi2" "pi3" "init_beta1" "init_beta2" "init_beta3" "init_pi1" "init_pi2" "init_pi3" "EM_endIter" "tempering" "Qlike" "Q1" "Q2" "Q3" "bpBase" "bp1" "bp3"
"Aarest_data" 1 0.922757906040945 1.00973593773251 0.0304380676385151 0.0217957522817843 0.0208946697815905 0.118626009245347 -1.02712242537105 -1.13686837721616e-13 0 0.333457480963677 0.333294904357098 0.333247614679225 0.9 1 10 0.25 0.5 0.25 22 0.2 -295.967038286423 -80.1589245757694 -80.424729971371 -80.4527711235687 100 100 100
"Aarest_data" 2 0.922435264528575 1.00889345360035 0.0304923452149489 0.0217899057147232 0.0209639916535321 0.105119889903719 -1.0009779389032 -6.82121026329696e-13 -4.54747350886464e-13 0.33346262531651 0.333290928354191 0.333246446329299 0.9 1 10 0.25 0.5 0.25 14 0.208080808070707 -295.964343022694 -80.150871419956 -80.4282413084027 -80.4546178156187 112.332403297803 112.332403297803 112.332403297803
"Aarest_data" 3 0.92201700503145 1.00812178967609 0.0305594062747867 0.0217838432813662 0.021027129957966 0.0930274259411306 -0.975749102056639 3.41060513164848e-13 -5.6843418860808e-13 0.333467861991038 0.33328695118353 0.333245186825431 0.9 1 10 0.25 0.5 0.25 14 0.216161616141414 -295.961652598107 -80.1424028123676 -80.4319185906719 -80.4567188629684 126.185688306602 126.185688306602 126.185688306602
"Aarest_data" 4 0.921505593908156 1.00741605169178 0.0306390709654186 0.0217775543352957 0.02108443343199 0.0822207630398282 -0.951288179197576 0 3.41060513164848e-13 0.333473190242416 0.333282977908076 0.333243831849508 0.9 1 10 0.25 0.5 0.25 15 0.224242424212121 -295.958945811369 -80.1334800331223 -80.4357713192584 -80.4590822834012 141.747416292681 141.747416292681 141.747416292681
"Aarest_data" 5 0.920903279991455 1.00677154093217 0.0307311991039011 0.0217710274858578 0.021136244344749 0.0725804420895031 -0.927453810677193 0 -3.41060513164848e-13 0.33347860658836 0.333279013721517 0.333242379690124 0.9 1 10 0.25 0.5 0.25 15 0.232323232282828 -295.95620243657 -80.1240642551845 -80.4398096111644 -80.4617165612167 159.228279334109 159.228279334109 159.228279334109
"Aarest_data" 6 0.920212069588965 1.00618376638267 0.030835693337454 0.0217642505526348 0.0211828960221627 0.063995308884671 -0.90411083589801 0 1.13686837721616e-13 0.333484104565706 0.333275064234834 0.33324083119946 0.9 1 10 0.25 0.5 0.25 16 0.240404040353535 -295.95340297045 -80.114116110231 -80.4440443051291 -80.4646307227938 178.864952905744 178.864952905744 178.864952905744
"Aarest_data" 7 0.919433708065845 1.00564845480105 0.0309525016816793 0.0217572105399293 0.0212247106670397 0.0563623671341276 -0.881130103740119 1.13686837721616e-13 3.41060513164848e-13 0.333489674492602 0.333271135740303 0.333239189767095 0.9 1 10 0.25 0.5 0.25 16 0.248484848424242 -295.950528403157 -80.103595297619 -80.4484870469171 -80.467834413068 200.923300256505 200.923300256505 200.923300256505
"Aarest_data" 8 0.918569658913677 1.00516155942604 0.0310816207642212 0.0217498935803928 0.0212619973516149 0.0495865662410893 -0.858388152082895 0 -1.13686837721616e-13 0.333495303149544 0.333267235509965 0.33323746134049 0.9 1 10 0.25 0.5 0.25 17 0.25656565649495 -295.947559989043 -80.0924601055919 -80.4531504068043 -80.4713380276044 225.701971963392 225.701971963392 225.701971963392
"Aarest_data" 9 0.917621090744167 1.00471926577122 0.0312230982726489 0.0217422849031729 0.0212950503944853 0.0435805382520584 -0.835766886318311 2.27373675443232e-13 2.27373675443232e-13 0.333500973453003 0.333263372078923 0.333235654468075 0.9 1 10 0.25 0.5 0.25 17 0.264646464565657 -295.944479036771 -80.0806669851645 -80.4580479749238 -80.4751528334408 253.536449397011 253.536449397011 253.536449397011
"Aarest_data" 10 0.916588861886435 1.00431799569126 0.031377036110338 0.0217343687706515 0.0213241479475529 0.0382642822970212 -0.813153135331291 -3.41060513164848e-13 -4.54747350886464e-13 0.33350666402175 0.333259555576013 0.333233780402237 0.9 1 10 0.25 0.5 0.25 18 0.272727272636364 -295.941266693238 -80.0681700314132 -80.463194492439 -80.4792911405043 284.80358684358 284.80358684358 284.80358684358
"Aarest_data" 11 0.915473513032857 1.00395440877011 0.0315435927414442 0.0217261284419365 0.0213495509483489 0.0335648127652917 -0.790438225131467 1.13686837721616e-13 -5.6843418860808e-13 0.333512348718078 0.333255798050478 0.333231853231444 0.9 1 10 0.25 0.5 0.25 18 0.280808080707071 -295.937903742196 -80.0549205170696 -80.4686059616249 -80.483766456512 319.926713779738 319.926713779738 319.926713779738
"Aarest_data" 12 0.914275256851635 1.00362540217839 0.031722986349018 0.021717546103125 0.0213715022600624 0.029415773696428 -0.767517440879814 -1.13686837721616e-13 3.41060513164848e-13 0.333517996048997 0.333252113862201 0.333229890088802 0.9 1 10 0.25 0.5 0.25 19 0.288888888777778 -295.93437039008 -80.0408663217104 -80.4742997971893 -80.4885936922329 359.381366380463 359.381366380463 359.381366380463
"Aarest_data" 13 0.912993975600687 1.00332810855142 0.0319154971873585 0.0217086028281732 0.0213902261102809 0.0257570350795078 -0.744289531878522 2.27373675443232e-13 4.54747350886464e-13 0.333523568524596 0.333248520078595 0.333227911396808 0.9 1 10 0.25 0.5 0.25 19 0.296969696848485 -295.930646062707 -80.0259514132003 -80.4802949562089 -80.4937893467471 403.701725859656 403.701725859656 403.701725859656
"Aarest_data" 14 0.91162921446065 1.00305989319626 0.0321214709497142 0.0216992785039568 0.0214059276262267 0.0225342744592609 -0.720656116190383 1.13686837721616e-13 -4.54747350886464e-13 0.3335290218358 0.333245036956104 0.333225941208096 0.9 1 10 0.25 0.5 0.25 20 0.305050504919192 -295.926709181825 -80.0101152041591 -80.486612116498 -80.4993717490929 453.487850812858 453.487850812858 453.487850812858
"Aarest_data" 15 0.910180182853235 1.00281835035913 0.0323413213387677 0.0216895517918986 0.0214187925667917 0.0196985576443751 -0.696521156087044 -1.13686837721616e-13 -4.54747350886464e-13 0.333534303971209 0.333241688438875 0.333224007589916 0.9 1 10 0.25 0.5 0.25 20 0.313131312989899 -295.922536949183 -79.9932919606332 -80.4932738316725 -80.5053612785263 509.413801481638 509.413801481638 509.413801481638
"Aarest_data" 16 0.908645749816293 1.0026013002781 0.0325755339399562 0.0216794000508053 0.0214289869980695 0.0172059187420075 -0.671790340670611 1.13686837721616e-13 1.13686837721616e-13 0.333539354102129 0.333238502769221 0.33322214312865 0.9 1 10 0.25 0.5 0.25 21 0.321212121060606 -295.918105101602 -79.9754100546442 -80.5003047436637 -80.5117806544496 572.236765935022 572.236765935022 572.236765935022
"Aarest_data" 17 0.907024446707825 1.00240678682483 0.0328246694224878 0.0216687993017211 0.0214366570124844 0.0150169563394087 -0.646370560706885 -5.6843418860808e-14 -2.27373675443232e-13 0.333544101380609 0.333235513129782 0.333220385489609 0.9 1 10 0.25 0.5 0.25 22 0.329292929131313 -295.91338766844 -79.9563912586862 -80.5077317713852 -80.5186552106273 642.807311728433 642.807311728433 642.807311728433
"Aarest_data" 18 0.905314465007341 1.00223307781013 0.0330893679537507 0.0216577241688674 0.0214419282133868 0.0130964365576176 -0.620169330920149 -1.70530256582424e-13 3.41060513164848e-13 0.333548463484167 0.333232758408254 0.333218778107579 0.9 1 10 0.25 0.5 0.25 22 0.33737373720202 -295.908356696774 -79.9361498882795 -80.5155843482157 -80.5260132402558 722.080901838547 722.080901838547 722.080901838547
"Aarest_data" 19 0.903513653296947 1.00207866925096 0.0333703542634164 0.0216461478301531 0.0214449048683601 0.0114129190814793 -0.593094235514897 3.41060513164848e-13 0 0.3335523449445 0.333230284063772 0.333217370991728 0.9 1 10 0.25 0.5 0.25 23 0.345454545272727 -295.902981951723 -79.9145918532319 -80.5238946776433 -80.533886389292 811.130830789687 811.130830789687 811.130830789687
"Aarest_data" 20 0.901619516131642 1.00194229539253 0.0336684429961056 0.0216340420017102 0.0214456685749227 0.00993840261959633 -0.565052447591555 0 4.54747350886464e-13 0.33355563529439 0.333228143076597 0.333216221629013 0.9 1 10 0.25 0.5 0.25 24 0.353535353343434 -295.897230594848 -79.8916136533654 -80.5326979839023 -80.5423100884314 911.16275611549 911.16275611549 911.16275611549
"Aarest_data" 21 0.899629204194904 1.00182294905617 0.0339845460897823 0.0216213769146587 0.0214442759414807 0.00864799223404589 -0.535950225333693 -5.6843418860808e-14 1.13686837721616e-13 0.333558206889799 0.333226397058403 0.333215396051798 0.9 1 10 0.25 0.5 0.25 24 0.361616161414141 -295.891066806059 -79.8671011484652 -80.5420328085244 -80.5513241084779 1023.53102189903 1023.53102189903 1023.53102189903
"Aarest_data" 22 0.897539497147788 1.0017199169507 0.0343196821244678 0.0216081213162751 0.0214407548551869 0.00751959009049585 -0.505692441813324 1.13686837721616e-13 -2.27373675443232e-13 0.333559912436839 0.333225117504623 0.333214970058538 0.9 1 10 0.25 0.5 0.25 25 0.369696969484848 -295.884451342899 -79.8409281161554 -80.5519413236837 -80.5609732483985 1149.75699539774 1149.75699539774 1149.75699539774
"Aarest_data" 23 0.895346777212868 1.00163283999142 0.0346749881491344 0.0215942425329295 0.0214350983851968 0.00653360997692687 -0.474182214199487 1.13686837721616e-13 2.27373675443232e-13 0.333560582292585 0.333224387156317 0.333215030551098 0.9 1 10 0.25 0.5 0.25 26 0.377777777555556 -295.877341020156 -79.8129545772317 -80.5624696257312 -80.571308196147 1291.54966501488 1291.54966501488 1291.54966501488
"Aarest_data" 24 0.893046974309485 1.00156181547581 0.0350517374018533 0.0215797065615405 0.0214272546246639 0.00567271431917504 -0.441320517908053 2.8421709430404e-13 5.6843418860808e-13 0.333560021384874 0.333224301551149 0.333215677063977 0.9 1 10 0.25 0.5 0.25 26 0.385858585626263 -295.869688031334 -79.7830245841703 -80.5736680537662 -80.5823867432182 1450.82877849594 1450.82877849594 1450.82877849594
"Aarest_data" 25 0.890635466860599 1.00150757228574 0.0354513661312589 0.0215644782463455 0.0214171094639122 0.00492157339492394 -0.407005842883848 -1.13686837721616e-13 -1.13686837721616e-13 0.333558005841542 0.333224970718078 0.33321702344038 0.9 1 10 0.25 0.5 0.25 27 0.39393939369697 -295.861439025437 -79.7509632485003 -80.5855914784553 -80.5942755455527 1629.75083462065 1629.75083462065 1629.75083462065
"Aarest_data" 26 0.8881069036536 1.00147178048599 0.0358755162711005 0.0215485216326833 0.021404456359051 0.00426664552566081 -0.371133961598062 -2.8421709430404e-13 2.27373675443232e-13 0.33355427955516 0.333226520903648 0.333219199541191 0.9 1 10 0.25 0.5 0.25 28 0.402020201767677 -295.852533763988 -79.7165725414605 -80.5982994628806 -80.6070528195845 1830.73828029537 1830.73828029537 1830.73828029537
"Aarest_data" 27 0.885454851230328 1.00145762470489 0.0363261119452581 0.0215318005509258 0.0213889404443756 0.00369597543537736 -0.333597637793787 5.6843418860808e-14 1.13686837721616e-13 0.333548550710227 0.333229096321525 0.333222352968248 0.9 1 10 0.25 0.5 0.25 29 0.410101009838384 -295.842902913068 -79.6796244790294 -80.6118562516238 -80.6208129609884 2056.51230834865 2056.51230834865 2056.51230834865
"Aarest_data" 28 0.882671082307385 1.00147093519009 0.0368055053485271 0.0215142797486684 0.0213699484878341 0.00319900790640304 -0.294286336585813 5.6843418860808e-14 -9.09494701772928e-13 0.333540489106734 0.333232860514213 0.333226650379054 0.9 1 10 0.25 0.5 0.25 30 0.418181817909091 -295.832464061823 -79.6398491433304 -80.6263302411903 -80.6356750726138 2310.12970008316 2310.12970008316 2310.12970008316
"Aarest_data" 29 0.879744013792725 1.00152261797421 0.0373167860366875 0.0214959272095482 0.0213463726904057 0.00276640966467312 -0.253085715868707 5.6843418860808e-14 -7.95807864051312e-13 0.333529725919036 0.333237996528647 0.333232277552316 0.9 1 10 0.25 0.5 0.25 31 0.426262625979798 -295.821113581733 -79.5969106508553 -80.641792240852 -80.651800596552 2595.02421139974 2595.02421139974 2595.02421139974
"Aarest_data" 30 0.876654890345779 1.00163451898687 0.0378645229294792 0.021476719552199 0.0213160413628582 0.002389882483115 -0.209876381258113 -2.8421709430404e-13 5.6843418860808e-13 0.333515860920313 0.333244703458292 0.333239435621395 0.9 1 10 0.25 0.5 0.25 33 0.434343434050505 -295.808707460246 -79.5503514171138 -80.6583104555304 -80.6694349029809 2915.05306282518 2915.05306282518 2915.05306282518
"Aarest_data" 31 0.873366867094233 1.00185610734585 0.0384568700441293 0.0214566570830993 0.0212741019027297 0.00206191231373509 -0.164530112747386 -2.27373675443232e-13 -6.82121026329696e-13 0.333498494881448 0.333253180774594 0.333248324343958 0.9 1 10 0.25 0.5 0.25 35 0.442424242121212 -295.795007258253 -79.4994368510992 -80.6759349902389 -80.6890240529539 3274.54916287773 3274.54916287773 3274.54916287773
"Aarest_data" 32 0.869784932500749 1.00232566658141 0.0391132825617536 0.0214358185233635 0.0212071062809055 0.00177520911915963 -0.116895012568023 -2.27373675443232e-13 1.13686837721616e-13 0.333477368336638 0.333263561443063 0.3332590702203 0.9 1 10 0.25 0.5 0.25 39 0.450505050191919 -295.77948164724 -79.4425909700341 -80.6946390339513 -80.7116395443717 3678.37977182863 3678.37977182863 3678.37977182863
"Aarest_data" 33 0.865522685380179 1.00362806893081 0.0399095425084825 0.0214146828889901 0.0210586302825305 0.00152004075060574 -0.0667056858882518 5.6843418860808e-14 6.82121026329696e-13 0.333453229242918 0.333275499288583 0.333271271468499 0.9 1 10 0.25 0.5 0.25 54 0.458585858262626 -295.760134671598 -79.3741159680724 -80.713968122723 -80.7414377651617 4132.01240011534 4132.01240011534 4132.01240011534
"Aarest_data" 34 0.84845804460804 1.02533801109148 0.0432656514001627 0.0214124085741558 0.019042667981774 0.00116775179702699 -0.00850277743697347 5.6843418860808e-14 2.27373675443232e-13 0.333482287169981 0.333265668250577 0.333252044579442 0.9 1 10 0.25 0.5 0.25 5312 0.466666666333333 -295.666891394793 -79.1196235201278 -80.7133569968002 -80.9032989473005 4641.58883361278 4641.58883361278 4641.58883361278
"Aarest_data" 35 0.691093456971679 8.2471502543911 0.109241980311603 0.0272826118860213 2.10985184646967e-16 0.000343352494553528 -2.6464336926324e-05 0 0 0.356355238047295 0.34513107524328 0.298513686709425 0.9 1 10 0.25 0.5 0.25 162 0.47474747440404 -268.450589092516 -76.5338209160907 -79.4061306191894 -57.7234801948737 5214.00828799969 5214.00828799969 5214.00828799969
"Aarest_data" 36 0.689926255900592 8.5201091800461 0.110448840475627 0.0273922288323424 6.25217786311431e-17 0.000303159071776804 -2.27038278950431e-05 8.5265128291212e-14 0 0.355732614318112 0.344396040505313 0.299871345176575 0.9 1 10 0.25 0.5 0.25 83 0.482828282474747 -267.760701714522 -76.2208470309064 -79.1679696417267 -57.5741014839364 5857.02081805666 5857.02081805666 5857.02081805666
"Aarest_data" 37 0.688728518126013 8.78759124493947 0.111679114737481 0.0274987152322112 1.89836557053268e-17 0.000267607516661883 -1.95170893988461e-05 2.8421709430404e-14 -128 0.355084263816364 0.34364503313115 0.301270703052485 0.9 1 10 0.25 0.5 0.25 84 0.490909090545455 -267.089159005132 -75.902629276009 -78.9286660264416 -57.4495775000179 6579.33224657568 6579.33224657568 6579.33224657568
"Aarest_data" 38 0.6875140546551 9.05158717123512 0.112927242229945 0.0276024348143814 5.85405621812568e-18 0.000236191835981003 -1.68047332351762e-05 8.5265128291212e-14 0 0.354418258045621 0.342888294996349 0.30269344695803 0.9 1 10 0.25 0.5 0.25 85 0.498989898616162 -266.432190448185 -75.5811012952949 -78.6903141941077 -57.3422772991637 7390.72203352578 7390.72203352578 7390.72203352578
"Aarest_data" 39 0.686294061293837 9.31378759402909 0.114188157804878 0.0277035454817864 1.81970137378449e-18 0.000208451059080517 -1.44880239218992e-05 8.5265128291212e-14 2048 0.353741561443539 0.342134978997521 0.304123459558939 0.9 1 10 0.25 0.5 0.25 88 0.507070706686869 -265.787054720858 -75.2580098544956 -78.4548844173829 -57.2458711304695 8302.17568131974 8302.17568131974 8302.17568131974
"Aarest_data" 40 0.685077597086031 9.57564695654135 0.115457217040445 0.0278020438798871 5.66503323083444e-19 0.000183968537584178 -1.25036306428683e-05 5.6843418860808e-14 -16384 0.353060284022106 0.341393416088483 0.305546299889411 0.9 1 10 0.25 0.5 0.25 90 0.515151514757576 -265.151802892603 -74.9349522185405 -78.2242541972956 -57.1550314303911 9326.0334688322 9326.0334688322 9326.0334688322
"Aarest_data" 41 0.683871929097324 9.83843032069386 0.116730147330686 0.0278977971937931 1.75639363008261e-19 0.000162369917120486 -1.07999771756795e-05 -2.8421709430404e-14 -32768 0.35237985207316 0.340671298296777 0.306948849630063 0.9 1 10 0.25 0.5 0.25 94 0.523232322828283 -264.525109015246 -74.613400600531 -78.0002290086293 -57.0652233101657 10476.1575278967 10476.1575278967 10476.1575278967
"Aarest_data" 42 0.682682795559652 10.1032497324789 0.118003013212596 0.0279905669283602 5.39648768438589e-20 0.000143320394897728 -9.33461633678689e-06 -5.6843418860808e-14 98304 0.351705128165504 0.339975811015824 0.308319060818672 0.9 1 10 0.25 0.5 0.25 98 0.53131313089899 -263.906144262856 -74.2947189355382 -77.7845569529554 -56.9725514718484 11768.11952435 11768.11952435 11768.11952435
"Aarest_data" 43 0.68151462819748 10.3710960348942 0.119272182635222 0.0280800274286412 1.6359007370771e-20 0.000126521645938737 -8.07230375698964e-06 -1.70530256582424e-13 -393216 0.351040504895927 0.339313742270736 0.309645752833336 0.9 1 10 0.25 0.5 0.25 102 0.539393938969697 -263.294478745574 -73.980176790685 -77.5789418678786 -56.8736387164458 13219.4114846603 13219.4114846603 13219.4114846603
"Aarest_data" 44 0.680370768247756 10.6428721725065 0.120534278546546 0.0281657804635876 4.8732072960218e-21 0.000111708659915166 -6.9835527227724e-06 2.8421709430404e-14 524288 0.350389994476893 0.338691595645062 0.310918409878044 0.9 1 10 0.25 0.5 0.25 108 0.547474747040404 -262.690000081114 -73.6709654757131 -77.3850601081711 -56.7655151359429 14849.6826225447 14849.6826225447 14849.6826225447
"Aarest_data" 45 0.679253709318837 10.9194352793716 0.121786095631104 0.028247365967997 1.42111333711028e-21 9.86466323098512e-05 -6.04353208188968e-06 -1.4210854715202e-13 -4194304 0.349757338017636 0.338115737401009 0.312126924581356 0.9 1 10 0.25 0.5 0.25 114 0.555555555111111 -262.092840899274 -73.3682225692767 -77.2045878302685 -56.6454973460069 16681.0053720006 16681.0053720006 16681.0053720006
"Aarest_data" 46 0.678165403362324 11.2016574538823 0.123024454413161 0.0283242677372198 4.04122092204743e-22 8.71279989524965e-05 -5.23120802142785e-06 -1.4210854715202e-13 -8388608 0.349146164418979 0.337592617614747 0.313261217966274 0.9 1 10 0.25 0.5 0.25 121 0.563636363181818 -261.503309443813 -73.0730733252333 -77.0392484850954 -56.5110339697751 18738.1742286039 18738.1742286039 18738.1742286039
"Aarest_data" 47 0.67710767620189 11.4905200925272 0.124245951430848 0.0283959111889636 1.11575454883638e-22 7.69696655282814e-05 -4.52866997591173e-06 -8.5265128291212e-14 16777216 0.34856024155118 0.337129123393379 0.314310635055442 0.9 1 10 0.25 0.5 0.25 130 0.571717171252525 -260.92181856016 -72.7867015819524 -76.8908953445907 -56.3594854837768 21049.0414451202 21049.0414451202 21049.0414451202
"Aarest_data" 48 0.676082825316515 11.7872667777523 0.12544653681261 0.0284616476550817 2.97434491814474e-23 6.80104644956714e-05 -3.92058527154404e-06 -5.6843418860808e-14 67108864 0.348003889433166 0.336733159970918 0.315262950595916 0.9 1 10 0.25 0.5 0.25 140 0.579797979323232 -260.348808236572 -72.5104712224804 -76.7616540100654 -56.1877880643715 23644.8941264541 23644.8941264541 23644.8941264541
"Aarest_data" 49 0.675094536288899 12.0936619060423 0.126620790356857 0.0285207146270949 7.5956841845932e-24 6.01088692491203e-05 -3.39377194791268e-06 1.13686837721616e-13 -805306368 0.347482685187461 0.336414638427025 0.316102676385515 0.9 1 10 0.25 0.5 0.25 152 0.587878787393939 -259.78465428404 -72.2461376382679 -76.6541716778909 -55.9919087643149 26560.8778294668 26560.8778294668 26560.8778294668
"Aarest_data" 50 0.674149416388486 12.4124560438419 0.127760620577575 0.0285721500142652 1.835580049211e-24 5.31410190092174e-05 -2.93679343599251e-06 2.27373675443232e-13 -2147483648 0.347004735747109 0.336187249625793 0.316808014627098 0.9 1 10 0.25 0.5 0.25 168 0.595959595464646 -259.22954697339 -71.9962332048332 -76.5720723545792 -55.7658949129406 29836.4724028334 29836.4724028334 29836.4724028334
"Aarest_data" 51 0.673259894002901 12.7483058566239 0.128852711127891 0.028614608402183 4.11150167315111e-25 4.69991847893425e-05 -2.53964041974086e-06 8.5265128291212e-14 17179869184 0.346583193154025 0.336071949986638 0.317344856859337 0.9 1 10 0.25 0.5 0.25 189 0.604040403535353 -258.68329688382 -71.764832120081 -76.520859287745 -55.5000343063625 33516.0265093885 33516.0265093885 33516.0265093885
"Aarest_data" 52 0.672450684218177 13.1098675966789 0.129872760895164 0.0286459322608658 8.21296312694625e-26 4.15910806950137e-05 -2.19332522988225e-06 -2.8421709430404e-14 68719476736 0.346241963339373 0.336104826430001 0.317653210230627 0.9 1 10 0.25 0.5 0.25 219 0.612121211606061 -258.144936969729 -71.5592879122979 -76.5099586763626 -55.1767257376437 37649.3580679247 37649.3580679247 37649.3580679247
"Aarest_data" 53 0.6717770174607 13.5157251162485 0.130769325785181 0.0286619442409466 1.3468400149026e-26 3.684158438233e-05 -1.88921487165317e-06 -1.13686837721616e-13 -137438953472 0.346031799654986 0.336359140393828 0.317609059951186 0.9 1 10 0.25 0.5 0.25 270 0.620202019676768 -257.611618841774 -71.3951293848026 -76.5584520246245 -54.7588933360216 42292.428743895 42292.428743895 42292.428743895
"Aarest_data" 54 0.671402047211518 14.0194803686953 0.131396134931829 0.0286514421124033 1.42805399088958e-27 3.27062542808676e-05 -1.61673435172816e-06 1.4210854715202e-13 -4398046511104 0.346098001505582 0.33703752424906 0.316864474245358 0.9 1 10 0.25 0.5 0.25 388 0.628282827747475 -257.073827915044 -71.3166355827469 -76.7190343553878 -54.1413213025024 47508.101621028 47508.101621028 47508.101621028
"Aarest_data" 55 0.715282462645555 78.4009700113756 0.098967906366233 0.0259735501703738 6.20337087824542e-152 3.96163194409382e-05 -2.42092234259417e-07 1.13686837721616e-13 0 0.385185131071711 0.386796040145398 0.228018828782892 0.9 1 10 0.25 0.5 0.25 398 0.636363635818182 -245.95868211065 -83.1387992618181 -89.9431638683582 -19.2784060912006 53366.9923120631 53366.9923120631 53366.9923120631
"Aarest_data" 56 0.712758255321507 78.4445012694431 0.100409287583965 0.0259565140832461 5.11132164430594e-152 3.46695995716573e-05 -2.15393022529042e-07 8.5265128291212e-14 0 0.384259459559652 0.386596653328191 0.229143887112157 0.9 1 10 0.25 0.5 0.25 38 0.644444443888889 -245.682893501496 -82.7830175901041 -89.9094823119496 -19.3627427103291 59948.4250318941 59948.4250318941 59948.4250318941
"Aarest_data" 57 0.710234663236432 78.4811392406875 0.101873699870871 0.0259378635586315 4.34268683798623e-152 3.03391349945059e-05 -1.91655431081017e-07 -2.27373675443232e-13 4.65176783549188e+136 0.38331071732854 0.386447845364807 0.230241437306653 0.9 1 10 0.25 0.5 0.25 39 0.652525251959596 -245.411797135638 -82.4212560373858 -89.888763246621 -19.4459031938215 67341.5065775083 67341.5065775083 67341.5065775083
"Aarest_data" 58 0.707710148329112 78.5114230803534 0.103362507668738 0.0259176343135256 3.79543855308663e-152 2.65479304601968e-05 -1.70547913569408e-07 -5.6843418860808e-14 9.30353567098377e+136 0.382335650910069 0.386352615474666 0.231311733615265 0.9 1 10 0.25 0.5 0.25 40 0.660606060030303 -245.145252062605 -82.052729706239 -89.8816844549069 -19.5278338381658 75646.3327554629 75646.3327554629 75646.3327554629
"Aarest_data" 59 0.705182927854026 78.5358516175694 0.104877291122417 0.0258958656343707 3.40470728940822e-152 2.32286446504304e-05 -1.51776490042721e-07 8.5265128291212e-14 -4.65176783549188e+136 0.381330681930211 0.386314252066281 0.232355066003508 0.9 1 10 0.25 0.5 0.25 41 0.66868686810101 -244.883106231788 -81.6765715009344 -89.8889899562983 -19.608488901384 84975.3435908645 84975.3435908645 84975.3435908645
"Aarest_data" 60 0.702650949446538 78.554886947243 0.106419876185746 0.0258726002956346 3.12837735799815e-152 2.0322375263504e-05 -1.35080554741762e-07 2.27373675443232e-13 0 0.380291870600202 0.386336373343653 0.233371756056145 0.9 1 10 0.25 0.5 0.25 42 0.676767676171717 -244.625195407244 -81.2918229454581 -89.9114996129002 -19.6878298078393 95454.8456661836 95454.8456661836 95454.8456661836
"Aarest_data" 61 0.700111861517745 78.5689576441816 0.107992370205691 0.0258478845025867 2.93867766751031e-152 1.77775977050487e-05 -1.20228939692879e-07 0 -1.86070713419675e+137 0.379214872443532 0.38642297443596 0.234362153120509 0.9 1 10 0.25 0.5 0.25 43 0.684848484242424 -244.37134184149 -80.897423289307 -89.9501202480223 -19.7658244262715 107226.722201032 107226.722201032 107226.722201032
"Aarest_data" 62 0.697562978524188 78.5784616600339 0.10959720393516 0.0258217678676064 2.81714578462322e-152 1.55492378013378e-05 -1.07016496997403e-07 -5.6843418860808e-14 9.30353567098377e+136 0.378094887530356 0.386578481801673 0.235326630667971 0.9 1 10 0.25 0.5 0.25 45 0.692929292313131 -244.121352648538 -80.4921967155331 -90.0058584488066 -19.8424464093401 120450.354025878 120450.354025878 120450.354025878
"Aarest_data" 63 0.695001241041755 78.583768955481 0.111237180855077 0.0257943034333104 2.75154361594261e-152 1.35978607289644e-05 -9.52611927118596e-08 -1.13686837721616e-13 -9.30353567098377e+136 0.376926602034841 0.386807815118067 0.236265582847092 0.9 1 10 0.25 0.5 0.25 46 0.701010100383838 -243.875017815253 -80.074837598922 -90.0798350955002 -19.9176745839978 135304.777457981 135304.777457981 135304.777457981
"Aarest_data" 64 0.692423167656751 78.5852239004995 0.112915536555884 0.0257655477390182 2.73393250173333e-152 1.18889626889995e-05 -8.4801349942154e-08 -1.13686837721616e-13 -9.30353567098377e+136 0.375704117807631 0.38711646095998 0.23717942123239 0.9 1 10 0.25 0.5 0.25 47 0.709090908454545 -243.63210772363 -79.643892738215 -90.1733026258452 -19.9914923878725 151991.108295293 151991.108295293 151991.108295293
"Aarest_data" 65 0.689824799713962 78.5831474913065 0.114636008962895 0.0257355609584287 2.75945447814989e-152 1.03923516974191e-05 -7.54934816882269e-08 0 9.30353567098377e+136 0.374420871307139 0.387510556970692 0.238068571722169 0.9 1 10 0.25 0.5 0.25 49 0.717171716525252 -243.392370112586 -79.1977408856701 -90.2876647162382 -20.0638873398784 170735.264747069 170735.264747069 170735.264747069
"Aarest_data" 66 0.687201636467984 78.5778394114316 0.116402922499782 0.0257044071158022 2.82555435109168e-152 9.08160681944992e-06 -6.72100100018724e-08 2.8421709430404e-14 9.30353567098377e+136 0.373069538295848 0.387996990127853 0.238933471576298 0.9 1 10 0.25 0.5 0.25 51 0.72525252459596 -243.155526322781 -78.7345686703932 -90.4244992176685 -20.1348505399495 191791.026167249 191791.026167249 191791.026167249
"Aarest_data" 67 0.684548557734921 78.5695799644475 0.118221290128728 0.0256721543936212 2.93148346834241e-152 7.93360436546209e-06 -5.98377525307114e-08 2.8421709430404e-14 4.65176783549188e+136 0.371641920013543 0.38858351340805 0.239774566578406 0.9 1 10 0.25 0.5 0.25 53 0.733333332666667 -242.921266625268 -78.2523418367123 -90.5855853445506 -20.2043761923036 215443.469003189 215443.469003189 215443.469003189
"Aarest_data" 68 0.681859733398836 78.5586319139724 0.120096936523512 0.0256388755643581 3.07798740248499e-152 6.92810525038112e-06 -5.32759756310952e-08 -2.8421709430404e-14 4.65176783549188e+136 0.370128809689259 0.389278882032481 0.24059230827826 0.9 1 10 0.25 0.5 0.25 55 0.741414140737374 -242.689244439071 -77.7487714957496 -90.7729353730886 -20.2724611426081 242012.826479438 242012.826479438 242012.826479438
"Aarest_data" 69 0.679128516237733 78.5452422575475 0.122036648220579 0.0256046485706553 3.26711591552094e-152 6.04739302900725e-06 -4.74352788160104e-08 -1.70530256582424e-13 -9.30353567098377e+136 0.368519834087908 0.390093014622698 0.241387151289394 0.9 1 10 0.25 0.5 0.25 57 0.749494948808081 -242.459069132996 -77.2212740504276 -90.9888320782544 -20.3391044226943 271858.824273294 271858.824273294 271858.824273294
"Aarest_data" 70 0.676347315014975 78.529643965722 0.124048357526152 0.0255695572927279 3.50211478400697e-152 5.27595855714935e-06 -4.2236102615334e-08 5.6843418860808e-14 9.30353567098377e+136 0.36680326535568 0.39103718404436 0.242159550599961 0.9 1 10 0.25 0.5 0.25 59 0.757575756878788 -242.23029704384 -76.666923588554 -91.2358729993859 -20.4043067940032 305385.550883342 305385.550883342 305385.550883342
"Aarest_data" 71 0.673507444015492 78.5120577206231 0.126141369049357 0.0255336925516501 3.78737134015724e-152 4.60022307890995e-06 -3.76077267105757e-08 2.8421709430404e-14 -9.30353567098377e+136 0.364965797178961 0.392124243973565 0.242909958847474 0.9 1 10 0.25 0.5 0.25 61 0.765656564949495 -242.002420231733 -76.0823952206821 -91.5170229093212 -20.4680702797617 343046.928631492 343046.928631492 343046.928631492
"Aarest_data" 72 0.670598944288392 78.4926936926045 0.128326640545428 0.0254971534107608 4.128392107912e-152 4.00829704005901e-06 -3.34873107021849e-08 5.6843418860808e-14 4.65176783549188e+136 0.362992277723054 0.393368898778753 0.243638823498193 0.9 1 10 0.25 0.5 0.25 64 0.773737373020202 -241.774852344288 -75.4638974450368 -91.8356762136972 -20.5303976741592 385352.859371053 385352.859371053 385352.859371053
"Aarest_data" 73 0.667610372733527 78.4717534040854 0.130617132185298 0.0254600488612156 4.53179331195922e-152 3.48976929842593e-06 -2.9819005931131e-08 2.8421709430404e-14 4.65176783549188e+136 0.360865392701973 0.394788023450747 0.24434658384728 0.9 1 10 0.25 0.5 0.25 67 0.781818181090909 -241.546910811642 -74.8070918288836 -92.1957307846627 -20.5912920127151 432876.128108306 432876.128108306 432876.128108306
"Aarest_data" 74 0.664528550921841 78.4494317309389 0.133028245484138 0.0254224999903059 5.00528439305166e-152 3.03552187119749e-06 -2.65529536136455e-08 -1.13686837721616e-13 -9.30353567098377e+136 0.358565285305431 0.396401046935822 0.245033667758748 0.9 1 10 0.25 0.5 0.25 70 0.789898989161616 -241.317794259691 -74.1069966351946 -92.6016762634083 -20.6507559878302 486260.158006536 486260.158006536 486260.158006536
"Aarest_data" 75 0.661338270133824 78.4259191180484 0.135578375966876 0.0253846427801016 5.55762059679836e-152 2.63756925278358e-06 -2.36450219404105e-08 0 -4.65176783549188e+136 0.35606910538143 0.3982304066105 0.24570048800807 0.9 1 10 0.25 0.5 0.25 73 0.797979797232323 -241.086553824655 -73.3578724115662 -93.0586985074205 -20.7087912839848 546227.721768435 546227.721768435 546227.721768435
"Aarest_data" 76 0.658021945689557 78.4014040936158 0.138289614333376 0.0253466317125852 6.19849374595276e-152 2.28891669706854e-06 -2.10558326330101e-08 9.9475983006414e-14 -1.16294195887297e+137 0.353350474013203 0.400302087905503 0.246347438081294 0.9 1 10 0.25 0.5 0.25 77 0.80606060530303 -240.852056546446 -72.5530859801981 -93.5728032822019 -20.7653978044278 613590.727341317 613590.727341317 613590.727341317
"Aarest_data" 77 0.654559218758647 78.3760761977284 0.141188639149707 0.0253086444183903 6.93831921832366e-152 1.98343747825902e-06 -1.87503417237167e-08 -4.2632564145606e-14 -4.65176783549188e+136 0.350378854703231 0.402646258070297 0.246974887226472 0.9 1 10 0.25 0.5 0.25 81 0.814141413373737 -240.612938582415 -71.6849504992158 -94.1509610502676 -20.820572750577 689261.21043497 689261.21043497 689261.21043497
"Aarest_data" 78 0.650926503767873 78.3501294607443 0.144307861210732 0.0252708876611658 7.78786195651621e-152 1.71576500207493e-06 -1.6697470073268e-08 7.105427357601e-14 -4.65176783549188e+136 0.347118818674363 0.405298006801737 0.2475831745239 0.9 1 10 0.25 0.5 0.25 85 0.822222221444444 -240.367545215415 -70.7445383103156 -94.801275494481 -20.8743095087376 774263.682681128 774263.682681128 774263.682681128
"Aarest_data" 79 0.647096494218984 78.3237666116365 0.147686893178422 0.0252336050329668 8.75762362178496e-152 1.48119887199982e-06 -1.48693999335592e-08 0 -2.32588391774594e+136 0.343529206922747 0.408298191415272 0.248172601661982 0.9 1 10 0.25 0.5 0.25 90 0.830303029515151 -240.113854039972 -69.7214670075958 -95.5331747603048 -20.9265962835884 869749.002617784 869749.002617784 869749.002617784
"Aarest_data" 80 0.643037655299571 78.2972042249432 0.151374440812233 0.0251970867987749 9.85688785809422e-152 1.27562376661672e-06 -1.32414825770866e-08 -2.8421709430404e-14 2.32588391774594e+136 0.339562204267428 0.411694371665554 0.248743424067018 0.9 1 10 0.25 0.5 0.25 95 0.838383837585859 -239.849376900899 -68.6036622548323 -96.3576213013721 -20.9774144088898 977009.957299226 977009.957299226 977009.957299226
"Aarest_data" 81 0.63871376000663 78.2706790360853 0.155430739792223 0.0251616823706934 1.10922931535705e-151 1.09543798032519e-06 -1.17918190767341e-08 -5.6843418860808e-14 0 0.33516236520594 0.41554179477745 0.24929584001661 0.9 1 10 0.25 0.5 0.25 101 0.846464645656566 -239.571035441646 -67.3771069329645 -97.2873302737769 -21.0267362598592 1097498.76549306 1097498.76549306 1097498.76549306
"Aarest_data" 82 0.634083589388103 78.2444556564908 0.159930680329959 0.0251278158530958 1.24657796338714e-151 9.37493311425897e-07 -1.05008197692769e-08 -2.8421709430404e-14 1.16294195887297e+136 0.330265696323336 0.419904326289102 0.249829977387562 0.9 1 10 0.25 0.5 0.25 107 0.854545453727273 -239.275005417548 -66.0256022897753 -98.3369710177397 -21.074522692792 1232846.73944207 1232846.73944207 1232846.73944207
"Aarest_data" 83 0.629100998630237 78.2188358169397 0.164967790833622 0.0250960048532292 1.39717559946753e-151 7.9904172167744e-07 -9.35108346311608e-09 -1.4210854715202e-14 2.32588391774594e+136 0.324798972305845 0.424855149766495 0.25034587792766 0.9 1 10 0.25 0.5 0.25 114 0.86262626179798 -238.956525986715 -64.5305846251566 -99.5233090577223 -21.1207199763091 1384886.37139387 1384886.37139387 1384886.37139387
"Aarest_data" 84 0.623715705533546 78.1941690175447 0.170659247750277 0.0250668821012125 1.55933890055004e-151 6.77692888473302e-07 -8.32714164289428e-09 1.4210854715202e-14 0 0.318679612126108 0.430476908418457 0.250843479455436 0.9 1 10 0.25 0.5 0.25 122 0.870707069868687 -238.609674767153 -62.8710779626626 -100.865211054911 -21.1652562686332 1555676.14393047 1555676.14393047 1555676.14393047
"Aarest_data" 85 0.617875355752552 78.1708638761752 0.177152067729512 0.0250412180299746 1.72980952397744e-151 5.71377206881607e-07 -7.41518846325562e-09 -4.2632564145606e-14 1.16294195887297e+136 0.311816607719872 0.436860794728549 0.251322597551579 0.9 1 10 0.25 0.5 0.25 130 0.878787877939394 -238.227117838328 -61.0239035911781 -102.383396808041 -21.2080379034191 1747528.40000769 1747528.40000769 1747528.40000769
"Aarest_data" 86 0.611529678504844 78.1493983778684 0.184630606049203 0.0250199398976401 1.90327049312979e-151 4.78316998453465e-07 -6.60294574572617e-09 1.4210854715202e-14 1.16294195887297e+136 0.304113178987809 0.444103910635299 0.251782910376892 0.9 1 10 0.25 0.5 0.25 140 0.886868686010101 -237.799858243347 -58.9643103017566 -104.099781389703 -21.2489461274642 1963040.65004027 1963040.65004027 1963040.65004027
"Aarest_data" 87 0.6046377767246 78.1303254589832 0.193325547747045 0.025004138977301 2.07194659945331e-151 3.97002985152994e-07 -5.87950665931203e-09 2.8421709430404e-14 -1.16294195887297e+136 0.295471849963303 0.452304196525965 0.252223953510732 0.9 1 10 0.25 0.5 0.25 149 0.894949494080808 -237.317022850566 -56.667188469537 -106.036248861305 -21.2878355451168 2205130.73990305 2205130.73990305 2205130.73990305
"Aarest_data" 88 0.597179553771464 78.1142681240348 0.20352520014048 0.0249950525434951 2.22550383233066e-151 3.26068807510183e-07 -5.23512255767855e-09 0 0 0.285802045763203 0.461552818594846 0.252645135641952 0.9 1 10 0.25 0.5 0.25 159 0.903030302151515 -236.765723466879 -54.1088679226188 -108.21284388184 -21.3245362853545 2477076.35599171 2477076.35599171 2477076.35599171
"Aarest_data" 89 0.589171677872918 78.1018968203248 0.215592330130296 0.0249940050000666 2.35154947066283e-151 2.64733813537532e-07 -4.66113192487683e-09 -1.4210854715202e-14 0 0.275028354029784 0.471925857878146 0.25304578809207 0.9 1 10 0.25 0.5 0.25 170 0.911111110222222 -236.130943341166 -51.2689757536147 -110.645832013019 -21.3588623797838 2782559.40220712 2782559.40220712 2782559.40220712
"Aarest_data" 90 0.580687007887005 78.0938842628363 0.229997975118777 0.0250023011290588 2.43700114780502e-151 2.1200243338626e-07 -4.14983247765122e-09 -2.1316282072803e-14 1.16294195887297e+136 0.263092588830297 0.483482155601328 0.253425255568375 0.9 1 10 0.25 0.5 0.25 181 0.919191918292929 -235.395062400201 -48.1304913684566 -113.347252284213 -21.3906279211784 3125715.84968824 3125715.84968824 3125715.84968824
"Aarest_data" 91 0.571875062620987 78.0908447076776 0.247409739123167 0.0250210997542038 2.47027910977548e-151 1.67204980527913e-07 -3.69437458402899e-09 2.1316282072803e-14 1.16294195887297e+136 0.24993122837801 0.496285759015145 0.253783012606844 0.9 1 10 0.25 0.5 0.25 194 0.927272726363636 -234.535582197248 -44.6729946102282 -116.330270758592 -21.4196684237572 3511191.73421514 3511191.73421514 3511191.73421514
"Aarest_data" 92 0.56298476821692 78.0932942992789 0.268969554148051 0.0250513951212897 2.44358498172835e-151 1.29807276039173e-07 -3.28873284161091e-09 7.105427357601e-15 0 0.235374893603937 0.510506370570885 0.254118735825178 0.9 1 10 0.25 0.5 0.25 213 0.935353534434343 -233.515945690059 -40.8444423850582 -119.632720399979 -21.4458546282149 3944206.05943766 3944206.05943766 3944206.05943766
"Aarest_data" 93 0.554424039052421 78.1017608761955 0.297456794361691 0.0250946460805834 2.35331375947263e-151 9.94461828440762e-08 -2.92732948992125e-09 2.8421709430404e-14 1.16294195887297e+136 0.218720853268201 0.526847045236136 0.254432101495663 0.9 1 10 0.25 0.5 0.25 253 0.94343434250505 -232.244006767124 -36.4423440991511 -123.416574579832 -21.4690551253718 4430621.45758389 4430621.45758389 4430621.45758389
"Aarest_data" 94 0.547750947971901 78.1190614134153 0.357406895508164 0.0251666830141735 2.17900680883521e-151 7.74605730669009e-08 -2.60536126006627e-09 -1.06581410364015e-14 1.16294195887297e+136 0.191390935351745 0.553890134096244 0.25471893055201 0.9 1 10 0.25 0.5 0.25 1513 0.951515150575758 -229.838993551023 -29.076579078966 -129.672168157633 -21.4883828332059 4977023.56433211 4977023.56433211 4977023.56433211
"Aarest_data" 95 0.999999910706422 78.4361241941611 1.03443405253797 0.0256853469377178 5.31497956048568e-152 2.00280693385369 -2.30985364169101e-09 -8.88178419700125e-16 -4.65176783549188e+136 0.125432717149247 0.620183365321946 0.254383917528807 0.9 1 10 0.25 0.5 0.25 60 0.959595958646465 -217.263874687588 -6.0593132847308 -144.559613780384 -21.3993548743253 5590810.18251223 5590810.18251223 5590810.18251223
"Aarest_data" 96 0.999999921251332 78.4644434695054 1.03691310166665 0.0256870110884934 4.68582535335078e-152 2.0220370475822 -2.05551486942568e-09 0 1.39553035064757e+137 0.125681230837718 0.619689102251524 0.254629666910757 0.9 1 10 0.25 0.5 0.25 20 0.967676766717172 -217.188219003392 -6.05627635986776 -144.442397731656 -21.4131707210075 6280291.44183426 6280291.44183426 6280291.44183426
"Aarest_data" 97 0.999999930559476 78.4919296051413 1.03930628117504 0.0256883371148437 4.14648921885713e-152 2.04085412477782 -1.82919279723137e-09 0 0 0.125930560462963 0.619200536187389 0.254868903349648 0.9 1 10 0.25 0.5 0.25 20 0.975757574787879 -217.114180651922 -6.05377537526941 -144.326920413944 -21.4266094567481 7054802.31071865 7054802.31071865 7054802.31071865
"Aarest_data" 98 0.999999938730218 78.518639153686 1.04161707734799 0.0256893360737249 3.68193102931726e-152 2.05927839741567 -1.6278178804896e-09 -8.88178419700125e-16 -4.65176783549188e+136 0.126180575412704 0.618717653956101 0.255101770631195 0.9 1 10 0.25 0.5 0.25 20 0.983838382858586 -217.041713114867 -6.05178220726458 -144.2131643695 -21.4396727650721 7924828.98353918 7924828.98353918 7924828.98353918
"Aarest_data" 99 0.99999994593317 78.5446256517763 1.04384879716933 0.025690018750415 3.27995565892238e-152 2.07732878272349 -1.44862610795826e-09 8.88178419700125e-16 1.39553035064757e+137 0.126431151552629 0.618240438194149 0.255328410253222 0.9 1 10 0.25 0.5 0.25 20 0.991919190929293 -216.970771660192 -6.0502703504426 -144.101111572148 -21.4523626622267 8902150.8544504 8902150.8544504 8902150.8544504
"Aarest_data" 100 0.999999952275848 78.5699397863657 1.04600458325228 0.0256903956793525 2.93062039027276e-152 2.09502298262307 -1.28917321262634e-09 0 -9.30353567098377e+136 0.126682170482042 0.617768868132456 0.255548961385501 0.9 1 10 0.25 0.5 0.25 20 0.999999999 -216.901313248334 -6.04921476377785 -143.990743580778 -21.4646814659854 1e+07 1e+07 1e+07
