"data_Name" "Iter" "beta1" "beta3" "lambda1" "lambda2" "lambda3" "diffBeta1" "diffBeta3" "diffLambda1" "diffLambda3" "pi1" "pi2" "pi3" "init_beta1" "init_beta2" "init_beta3" "init_pi1" "init_pi2" "init_pi3" "EM_endIter" "tempering" "Qlike" "Q1" "Q2" "Q3" "bpBase" "bp1" "bp3"
"FRT_censord" 1 0.984440007642778 3.9430103411318 0.0462504593092999 0.00967332540660243 1.30218756303766e-10 0.632515778194675 -0.00339788136609798 0 0 0.109150696225888 0.359015811925922 0.53183349184819 0.1 1 2 0.1 0.8 0.1 639 1 -154.802632883474 -13.5266250075281 -57.5144128548527 -55.4009068395072 100 100 100
"FRT_censord" 2 0.986134270079402 3.93869485815231 0.0460657326252359 0.00966505787524386 1.33503992462578e-10 0.63299808295122 -0.00302928724570961 0 7.62939453125e-06 0.109374436748768 0.358695607880684 0.531929955370548 0.1 1 2 0.1 0.8 0.1 411 1 -154.806890558785 -13.5469758818655 -57.4642575911764 -55.4281257151087 112.332403297803 112.332403297803 112.332403297803
"FRT_censord" 3 0.987645266765131 3.93485556656574 0.0459015704824026 0.00965772196470872 1.36496333731314e-10 0.63341675725305 -0.00270024497018539 1.4210854715202e-14 -7.62939453125e-06 0.10957233467503 0.358411780550313 0.532015884774658 0.1 1 2 0.1 0.8 0.1 404 1 -154.810624001468 -13.5649133583567 -57.4197827806495 -55.452369937322 126.185688306602 126.185688306602 126.185688306602
"FRT_censord" 4 0.988992600267429 3.93143965331663 0.0457556527864894 0.00965121015317636 1.39215039868032e-10 0.633781197835754 -0.00240659987694869 0 0 0.109747502041211 0.358160072918344 0.532092425040445 0.1 1 2 0.1 0.8 0.1 398 1 -154.813903021842 -13.580740682874 -57.3803272707362 -55.473963426775 141.747416292681 141.747416292681 141.747416292681
"FRT_censord" 5 0.990193812363944 3.9284002240102 0.0456259281594492 0.00964542789568578 1.41679605398424e-10 0.634099210609442 -0.00214461513444064 1.4210854715202e-14 -7.62939453125e-06 0.109902649423962 0.35793675270739 0.532160597868649 0.1 1 2 0.1 0.8 0.1 391 1 -154.816787084662 -13.5947195493656 -57.3453106690341 -55.4931950543664 159.228279334109 159.228279334109 159.228279334109
"FRT_censord" 6 0.991264596551993 3.92569562131518 0.0455105810812949 0.00964029192418782 1.43909339707057e-10 0.634377319149115 -0.00191093363917361 -1.4210854715202e-14 0 0.110040143685478 0.357738541424059 0.532221314890463 0.1 1 2 0.1 0.8 0.1 385 1 -154.819327055739 -13.6070765279928 -57.3142225656147 -55.5103224338831 178.864952905744 178.864952905744 178.864952905744
"FRT_censord" 7 0.992218988116215 3.92328883585337 0.0454080037668108 0.00963572881352131 1.45923042295808e-10 0.634621006355902 -0.0017025425272621 0 0 0.110162055125347 0.357562555915499 0.532275388959154 0.1 1 2 0.1 0.8 0.1 379 1 -154.821566582081 -13.6180082096326 -57.2866136416804 -55.5255751971581 200.923300256505 200.923300256505 200.923300256505
"FRT_censord" 8 0.993069535290634 3.92114697527574 0.0453167713318154 0.00963167373781092 1.47738775530711e-10 0.634834904558769 -0.00151674033974558 0 0 0.110270198492973 0.357406256587371 0.532323544919656 0.1 1 2 0.1 0.8 0.1 374 1 -154.823543256787 -13.6276856628376 -57.2620877558609 -55.5391580499765 225.701971963392 225.701971963392 225.701971963392
"FRT_censord" 9 0.993827452891108 3.91924080439053 0.0452356204117196 0.0096280694117595 1.49373701201715e-10 0.63502294662506 -0.00135110678491657 0 0 0.110366166697098 0.35726740452553 0.532366428777372 0.1 1 2 0.1 0.8 0.1 368 1 -154.825289544594 -13.6362580161872 -57.2402953835486 -55.5512534065303 253.536449397011 253.536449397011 253.536449397011
"FRT_censord" 10 0.99450276059261 3.91754432766408 0.0451634301336979 0.0096248651621115 1.50843984710556e-10 0.63518848636549 -0.00120347502488727 0 0 0.110451360721164 0.357144022753401 0.532404616525436 0.1 1 2 0.1 0.8 0.1 363 1 -154.826833583535 -13.643855641362 -57.2209276628302 -55.5620238663375 284.80358684358 284.80358684358 284.80358684358
"FRT_censord" 11 0.99510440742561 3.91603443319737 0.0450992058198748 0.00962201613859352 1.52164732753095e-10 0.635334395790236 -0.00107190635756638 1.4210854715202e-14 7.62939453125e-06 0.11052701363694 0.357034365074757 0.532438621288303 0.1 1 2 0.1 0.8 0.1 357 1 -154.828199802399 -13.6505926192801 -57.2037116086815 -55.5716142772961 319.926713779738 319.926713779738 319.926713779738
"FRT_censord" 12 0.995640383832728 3.91469056306574 0.0450420642491767 0.00961948260966835 1.53349979664309e-10 0.635463143410227 -0.000954667173097334 -1.4210854715202e-14 0 0.11059421281886 0.356936886667125 0.532468900514015 0.1 1 2 0.1 0.8 0.1 352 1 -154.82940948469 -13.6565690574648 -57.1884055726137 -55.5801537384139 359.381366380463 359.381366380463 359.381366380463
"FRT_censord" 13 0.996117822110862 3.91349443482525 0.0449912211039259 0.00961722936561236 1.54412687903088e-10 0.635576858434334 -0.000850208026648147 0 0 0.110653917520002 0.356850220830738 0.532495861649259 0.1 1 2 0.1 0.8 0.1 347 1 -154.830481194567 -13.66187284471 -57.1747956573484 -55.5877572373611 403.701725859656 403.701725859656 403.701725859656
"FRT_censord" 14 0.99654308708276 3.91242978360256 0.0449459795629378 0.00961522518216755 1.55364778701e-10 0.635677383064884 -0.00075714468736976 0 -7.62939453125e-06 0.110706975262466 0.356773156931467 0.532519867806067 0.1 1 2 0.1 0.8 0.1 343 1 -154.831431171052 -13.6665813177866 -57.1626923004556 -55.5945272323706 453.487850812858 453.487850812858 453.487850812858
"FRT_censord" 15 0.996921857252907 3.91148214247882 0.0449057205177967 0.00961344236242516 1.56217168150667e-10 0.635766315886233 -0.000674241005796716 -1.4210854715202e-14 0 0.110754134997293 0.356704622685143 0.532541242317564 0.1 1 2 0.1 0.8 0.1 338 1 -154.83227363014 -13.6707625446571 -57.151927532989 -55.6005549628271 509.413801481638 509.413801481638 509.413801481638
"FRT_censord" 16 0.997259197641665 3.91063863764083 0.0448698936474816 0.00961185632251891 1.56979822291864e-10 0.635845047532284 -0.00060039345848395 0 -7.62939453125e-06 0.110796059650509 0.356643666989014 0.532560273360477 0.1 1 2 0.1 0.8 0.1 333 1 -154.833021055131 -13.6744765854246 -57.1423523109345 -55.6059217292763 572.236765935022 572.236765935022 572.236765935022
"FRT_censord" 17 0.997559625196253 3.90988781530022 0.0448380097707409 0.00961044523786315 1.57661809701099e-10 0.635914790685677 -0.000534617222633926 0 7.62939453125e-06 0.110833336042439 0.356589446375368 0.532577217582193 0.1 1 2 0.1 0.8 0.1 328 1 -154.833684413114 -13.6777764374037 -57.1338344132272 -55.6106999364966 642.807311728433 642.807311728433 642.807311728433
"FRT_censord" 18 0.997827167412047 3.90921948268811 0.0448096339287291 0.00960918972521685 1.58271362470448e-10 0.635976605049111 -0.000476033650151919 0 7.62939453125e-06 0.110866484134496 0.356541212233145 0.53259230363236 0.1 1 2 0.1 0.8 0.1 324 1 -154.834273357948 -13.6807089358701 -57.1262564526444 -55.6149540826664 722.080901838547 722.080901838547 722.080901838547
"FRT_censord" 19 0.998065414657668 3.90862457241206 0.0447843794303651 0.00960807256966741 1.58815932971198e-10 0.636031418538614 -0.000423859011981165 0 0 0.110895964483854 0.356498300510545 0.5326057350056 0.1 1 2 0.1 0.8 0.1 319 1 -154.834796385563 -13.6833154470164 -57.1195142746828 -55.6187415796984 811.130830789687 811.130830789687 811.130830789687
"FRT_censord" 20 0.99827756718748 3.90809501271237 0.0447619023048209 0.00960707847203138 1.59302259049528e-10 0.636080044923874 -0.000377394396920749 0 7.62939453125e-06 0.110922185801895 0.356460121113833 0.532617693084273 0.1 1 2 0.1 0.8 0.1 314 1 -154.835260998494 -13.6856326147097 -57.1135153014345 -55.6221135862928 911.16275611549 911.16275611549 911.16275611549
"FRT_censord" 21 0.998466477262681 3.90762361998636 0.0447418965999262 0.00960619383511613 1.59736419870707e-10 0.63612319905161 -0.000336016652440208 0 7.62939453125e-06 0.110945510697462 0.35642614989358 0.532628339408958 0.1 1 2 0.1 0.8 0.1 310 1 -154.835673820709 -13.6876928852041 -57.1081772831936 -55.6251156626903 1023.53102189903 1023.53102189903 1023.53102189903
"FRT_censord" 22 0.998634686498441 3.90720400383949 0.0447240902499562 0.00960540657620402 1.60123889080681e-10 0.636161509844895 -0.00029917026788695 0 0 0.110966260668163 0.356395921648801 0.532637817683036 0.1 1 2 0.1 0.8 0.1 305 1 -154.836040695996 -13.6895249590677 -57.1034272077266 -55.6277883493718 1149.75699539774 1149.75699539774 1149.75699539774
"FRT_censord" 23 0.998784459564261 3.9068304731598 0.0447082411208679 0.00960470594879551 1.60469594226173e-10 0.636195531138119 -0.000266360108675201 -1.4210854715202e-14 0 0.110984721547835 0.35636902237478 0.532646256077385 0.1 1 2 0.1 0.8 0.1 301 1 -154.836366804714 -13.6911543339616 -57.0992000852045 -55.6301677869798 1291.54966501488 1291.54966501488 1291.54966501488
"FRT_censord" 24 0.998917814168702 3.90649796534283 0.0446941338649963 0.00960408240059345 1.60777960414356e-10 0.636225751377914 -0.000237144913441512 0 0 0.111001146874245 0.356345084550002 0.532653768575752 0.1 1 2 0.1 0.8 0.1 297 1 -154.836656722065 -13.6926035785157 -57.0954382151393 -55.632286127247 1450.82877849594 1450.82877849594 1450.82877849594
"FRT_censord" 25 0.999036547746332 3.90620197454616 0.0446815768883124 0.00960352743717259 1.61052959461525e-10 0.636252601710565 -0.000211131480448046 0 7.62939453125e-06 0.11101576185318 0.356323781476474 0.532660456670345 0.1 1 2 0.1 0.8 0.1 292 1 -154.83691449933 -13.6938927137174 -57.0920902993264 -55.6341719977609 1629.75083462065 1629.75083462065 1629.75083462065
"FRT_censord" 26 0.999142261524843 3.90593848746289 0.0446703996288461 0.00960303350006278 1.61298155740944e-10 0.636276462960176 -0.000187969470822225 0 7.62939453125e-06 0.111028766893444 0.356304822221635 0.532666410884921 0.1 1 2 0.1 0.8 0.1 288 1 -154.837143735362 -13.6950395518133 -57.089110648775 -55.6358509192746 1830.73828029537 1830.73828029537 1830.73828029537
"FRT_censord" 27 0.999236381683196 3.90570393554954 0.0446604504217935 0.00960259387077507 1.6151673956856e-10 0.63629767196668 -0.000167346765799437 0 -7.62939453125e-06 0.111040339690609 0.35628794868767 0.532671711621721 0.1 1 2 0.1 0.8 0.1 283 1 -154.837347608248 -13.6960598492784 -57.0864587281518 -55.6373455748687 2056.51230834865 2056.51230834865 2056.51230834865
"FRT_censord" 28 0.999320178510231 3.90549513882474 0.0446515942013214 0.00960220256831251 1.6171157084653e-10 0.63631652666912 -0.000148985321061446 -1.4210854715202e-14 0 0.111050638598624 0.356272930730619 0.532676430670757 0.1 1 2 0.1 0.8 0.1 279 1 -154.837528948935 -13.6969676562759 -57.0840983873347 -55.6386762009407 2310.12970008316 2310.12970008316 2310.12970008316
"FRT_censord" 29 0.999394783356639 3.90530926939693 0.0446437108440758 0.0096018542749996 1.61885206078538e-10 0.636333290953864 -0.000132637465291907 0 0 0.111059804097047 0.356259564100055 0.532680631802898 0.1 1 2 0.1 0.8 0.1 275 1 -154.83769026003 -13.697775411124 -57.0819975418968 -55.6398607853901 2595.02421139974 2595.02421139974 2595.02421139974
"FRT_censord" 30 0.999461203791635 3.90514381017604 0.0446366934480348 0.00960154425978244 1.62039931400608e-10 0.636348198611932 -0.000118082597289515 0 7.62939453125e-06 0.111067961082236 0.356247667126608 0.532684371791155 0.1 1 2 0.1 0.8 0.1 270 1 -154.837833762413 -13.6984941637933 -57.0801276524057 -55.6409153424484 2915.05306282518 2915.05306282518 2915.05306282518
"FRT_censord" 31 0.999520337073821 3.9049965178804 0.0446304467984394 0.009601268309899 1.62177792788962e-10 0.63636145679031 -0.000105124239219379 1.4210854715202e-14 0 0.111075220928622 0.356237077735098 0.53268770133628 0.1 1 2 0.1 0.8 0.1 266 1 -154.837961437387 -13.6991337781938 -57.0784632546269 -55.6418541604978 3274.54916287773 3274.54916287773 3274.54916287773
"FRT_censord" 32 0.99957298222434 3.90486539830786 0.0446248862265503 0.00960102268000225 1.62300615663877e-10 0.636373249273408 -9.35874076759546e-05 0 0 0.111081682390975 0.356227652178903 0.532690665430122 0.1 1 2 0.1 0.8 0.1 262 1 -154.838075035447 -13.6997029796737 -57.0769817637996 -55.6426899311569 3678.37977182863 3678.37977182863 3678.37977182863
"FRT_censord" 33 0.999619850766575 3.90474867640235 0.0446199363760678 0.0096008040373542 1.62410030158519e-10 0.636383739114841 -8.33162698157253e-05 0 7.62939453125e-06 0.111087433297167 0.356219262579001 0.532693304123832 0.1 1 2 0.1 0.8 0.1 257 1 -154.838176111256 -13.7002095235192 -57.0756630871761 -55.6434339527234 4132.01240011534 4132.01240011534 4132.01240011534
"FRT_censord" 34 0.999661576244615 3.90464476935288 0.044615530102548 0.00960060941292012 1.62507494149518e-10 0.636393070940647 -7.41720534236379e-05 0 7.62939453125e-06 0.11109255208247 0.3562117946887 0.53269565322883 0.1 1 2 0.1 0.8 0.1 253 1 -154.838266055696 -13.7006603491544 -57.0744892718745 -55.644096314532 4641.58883361278 4641.58883361278 4641.58883361278
"FRT_censord" 35 0.999698722794177 3.90455227083335 0.044611607715018 0.00960043616764871 1.6259430624628e-10 0.636401373233914 -6.60311835716243e-05 0 7.62939453125e-06 0.111097108226574 0.35620514729393 0.532697744479496 0.1 1 2 0.1 0.8 0.1 249 1 -154.838346095748 -13.7010615852382 -57.0734444134637 -55.6446859694744 5214.00828799969 5214.00828799969 5214.00828799969
"FRT_censord" 36 0.999731792723914 3.90446992907227 0.0446081160860114 0.00960028195300322 1.6267162499554e-10 0.636408760099672 -5.87836221228599e-05 0 0 0.111101163533045 0.35619923034424 0.532699606122715 0.1 1 2 0.1 0.8 0.1 244 1 -154.838417321704 -13.7014186807334 -57.0725143612336 -55.6452108869703 5857.02081805666 5857.02081805666 5857.02081805666
"FRT_censord" 37 0.999761233267968 3.90439662702578 0.044605007851494 0.00960014467549422 1.62740486416593e-10 0.636415332811074 -5.2331387820459e-05 1.4210854715202e-14 0 0.111104773300742 0.356193963239132 0.532701263460127 0.1 1 2 0.1 0.8 0.1 240 1 -154.838480712352 -13.7017365261898 -57.0716864478225 -55.6456781926175 6579.33224657568 6579.33224657568 6579.33224657568
"FRT_censord" 38 0.99978744262799 3.9043313729749 0.0446022409255265 0.00960002247511144 1.62801811917448e-10 0.636421181433866 -4.65872375059462e-05 -1.4210854715202e-14 0 0.111107986435733 0.356189274695693 0.532702738868574 0.1 1 2 0.1 0.8 0.1 236 1 -154.838537128871 -13.7020194296325 -57.0709494710524 -55.6460942005163 7390.72203352578 7390.72203352578 7390.72203352578
"FRT_censord" 39 0.99981077535402 3.90427328324838 0.0445997778217395 0.00959991369530378 1.62856423860489e-10 0.636426385982325 -4.14734910378911e-05 0 0 0.111110846552561 0.356185101130645 0.532704052316794 0.1 1 2 0.1 0.8 0.1 232 1 -154.838587339985 -13.7022712370486 -57.0702934381244 -55.6464645413428 8302.17568131974 8302.17568131974 8302.17568131974
"FRT_censord" 40 0.999831547090806 3.90422157217366 0.0445975852003992 0.00959981686286923 1.62905054444649e-10 0.636431017608157 -3.69209846837748e-05 0 -7.62939453125e-06 0.111113392355945 0.356181386114731 0.532705221529324 0.1 1 2 0.1 0.8 0.1 227 1 -154.838632026165 -13.7024953550973 -57.0697094807497 -55.6467942172396 9326.0334688322 9326.0334688322 9326.0334688322
"FRT_censord" 41 0.999850038875079 3.9041755376022 0.0445956333074087 0.00959973066317451 1.62948358908004e-10 0.636435139479477 -3.28681384473839e-05 1.4210854715202e-14 0 0.111115658598706 0.356178078962495 0.532706262438799 0.1 1 2 0.1 0.8 0.1 223 1 -154.838671802068 -13.7026948584884 -57.0691896319757 -55.6470877119404 10476.1575278967 10476.1575278967 10476.1575278967
"FRT_censord" 42 0.999866500936356 3.90413455711186 0.0445938957284015 0.00959965392922752 1.62986918712466e-10 0.636438807844538 -2.92601255011959e-05 1.4210854715202e-14 0 0.111117675912743 0.356175135005809 0.532707189081448 0.1 1 2 0.1 0.8 0.1 219 1 -154.838707205363 -13.7028724409457 -57.0687268716943 -55.6473489876967 11768.11952435 11768.11952435 11768.11952435
"FRT_censord" 43 0.999881155968708 3.90409807679028 0.0445923489608931 0.00959958562268246 1.6302125184086e-10 0.636442072727112 -2.60481322484907e-05 0 -7.62939453125e-06 0.111119471545221 0.356172514507441 0.532708013947337 0.1 1 2 0.1 0.8 0.1 214 1 -154.838738714139 -13.7030304978891 -57.0683149546153 -55.647581570482 13219.4114846603 13219.4114846603 13219.4114846603
"FRT_censord" 44 0.999894202349942 3.90406560071141 0.0445909719972994 0.0095995248155741 1.63051822504551e-10 0.636444978528258 -2.318869950102e-05 -1.4210854715202e-14 0 0.111121070059622 0.356170181631134 0.532708748309245 0.1 1 2 0.1 0.8 0.1 210 1 -154.838766763021 -13.7031712046397 -57.0679482473653 -55.6477886302244 14849.6826225447 14849.6826225447 14849.6826225447
"FRT_censord" 45 0.999905816627026 3.90403669009589 0.0445897462163783 0.00959947068532499 1.63079041719663e-10 0.636447564825072 -2.06431355422865e-05 0 7.62939453125e-06 0.111122493018175 0.356168104927118 0.532709402054708 0.1 1 2 0.1 0.8 0.1 206 1 -154.83879172972 -13.7032964549431 -57.0676218071268 -55.6479729592345 16681.0053720006 16681.0053720006 16681.0053720006
"FRT_censord" 46 0.999916155976814 3.90401095349522 0.0445886550184235 0.00959942249869519 1.63103276437788e-10 0.63644986679633 -1.83769934736233e-05 0 7.62939453125e-06 0.111123759707433 0.356166256259326 0.532709984033241 0.1 1 2 0.1 0.8 0.1 202 1 -154.838813953222 -13.7034079475979 -57.0673312114656 -55.6481370527451 18738.1742286039 18738.1742286039 18738.1742286039
"FRT_censord" 47 0.999925360338483 3.90398804338196 0.0445876836520674 0.00959937960411754 1.63124852634293e-10 0.636451915767298 -1.6359605787386e-05 0 7.62939453125e-06 0.111124887187397 0.356164610742694 0.532710502069909 0.1 1 2 0.1 0.8 0.1 197 1 -154.838833731901 -13.7035071793691 -57.0670725493147 -55.6482831215516 21049.0414451202 21049.0414451202 21049.0414451202
"FRT_censord" 48 0.999933554282154 3.90396764764561 0.0445868189109621 0.0095993414182922 1.63144063259146e-10 0.636453739520997 -1.4563670077905e-05 0 0 0.111125890951653 0.356163145763694 0.532710963284654 0.1 1 2 0.1 0.8 0.1 193 1 -154.838851340731 -13.7035955262069 -57.0668422653822 -55.6484131643734 23644.8941264541 23644.8941264541 23644.8941264541
"FRT_censord" 49 0.999940848748909 3.90394949105623 0.0445860491083408 0.00959930742507176 1.63161166748494e-10 0.636455362859698 -1.29648797795312e-05 0 -7.62939453125e-06 0.111126784495188 0.356161841636905 0.532711373867906 0.1 1 2 0.1 0.8 0.1 189 1 -154.83886701528 -13.7036741705722 -57.066637265859 -55.6485289311877 26560.8778294668 26560.8778294668 26560.8778294668
"FRT_censord" 50 0.999947342439418 3.90393332780746 0.0445853638233004 0.00959927716418245 1.63176394021973e-10 0.636456807826649 -1.15415957395726e-05 0 7.62939453125e-06 0.111127579922508 0.356160680699676 0.532711739377817 0.1 1 2 0.1 0.8 0.1 185 1 -154.838880968183 -13.7037441784096 -57.0664547744008 -55.6486319890777 29836.4724028334 29836.4724028334 29836.4724028334
"FRT_censord" 51 0.999953123270818 3.90391893999389 0.0445847538010579 0.00959925022689959 1.63189949860359e-10 0.636458094065921 -1.02745534675819e-05 0 0 0.111128287903058 0.356159647387745 0.532712064709197 0.1 1 2 0.1 0.8 0.1 180 1 -154.838893385345 -13.7038064832951 -57.0662923449347 -55.6487237226596 33516.0265093885 33516.0265093885 33516.0265093885
"FRT_censord" 52 0.999958269488862 3.90390613090349 0.0445842107290701 0.00959922624611439 1.63202019219345e-10 0.636459238972153 -9.14660276407631e-06 -1.4210854715202e-14 7.62939453125e-06 0.111128918242207 0.35615872738454 0.532712354373253 0.1 1 2 0.1 0.8 0.1 176 1 -154.838904441688 -13.7038619599843 -57.0661477262522 -55.6488053951046 37649.3580679247 37649.3580679247 37649.3580679247
"FRT_censord" 53 0.99996285075857 3.90389472804905 0.044583727279677 0.00959920489821396 1.63212764304542e-10 0.636460258107951 -8.1424756572801e-06 -1.4210854715202e-14 0 0.111129479372263 0.356157908389091 0.532712612238646 0.1 1 2 0.1 0.8 0.1 172 1 -154.838914283848 -13.7039113451282 -57.0660189851877 -55.6488781015934 42292.428743895 42292.428743895 42292.428743895
"FRT_censord" 54 0.999966929093012 3.90388457705343 0.0445832969072941 0.00959918589412896 1.63222330339373e-10 0.636461165297078 -7.2485799123001e-06 0 0 0.111129978892548 0.356157179311582 0.53271284179587 0.1 1 2 0.1 0.8 0.1 168 1 -154.838923045198 -13.7039553076806 -57.0659043785411 -55.6489428263305 47508.101621028 47508.101621028 47508.101621028
"FRT_censord" 55 0.99997055971384 3.90387554047155 0.0445829137834972 0.00959916897647731 1.63230846651545e-10 0.636461972842033 -6.45281519950913e-06 0 7.62939453125e-06 0.111130423568807 0.35615653027867 0.532713046152523 0.1 1 2 0.1 0.8 0.1 164 1 -154.838930844447 -13.7039944431605 -57.065802354333 -55.6490004455819 53366.9923120631 53366.9923120631 53366.9923120631
"FRT_censord" 56 0.999973791756546 3.90386749691245 0.0445825727481795 0.00959915391737008 1.63238427479957e-10 0.63646269172219 -5.74440926470743e-06 0 -7.62939453125e-06 0.111130819316427 0.356155952661392 0.532713228022181 0.1 1 2 0.1 0.8 0.1 159 1 -154.838937784045 -13.7040292666157 -57.0657115565665 -55.6490517288059 59948.4250318941 59948.4250318941 59948.4250318941
"FRT_censord" 57 0.999976668985655 3.90386033556846 0.0445822691303591 0.00959914051055124 1.63245177147997e-10 0.636463331623281 -5.11377232470522e-06 0 0 0.11113117170858 0.356155438318353 0.532713389973068 0.1 1 2 0.1 0.8 0.1 155 1 -154.838943964512 -13.7040602799397 -57.0656307046892 -55.6490973914494 67341.5065775083 67341.5065775083 67341.5065775083
"FRT_censord" 58 0.999979230343027 3.90385396041479 0.0445819988455641 0.00959912857564026 1.63251186055589e-10 0.636463901248316 -4.55236718011065e-06 0 0 0.111131485412924 0.356154980441239 0.532713534145837 0.1 1 2 0.1 0.8 0.1 151 1 -154.83894946641 -13.7040878884299 -57.0655587288809 -55.6491380413476 75646.3327554629 75646.3327554629 75646.3327554629
"FRT_censord" 59 0.999981510510539 3.90384828514702 0.044581758234021 0.00959911795102866 1.63256535471231e-10 0.636464408317819 -4.05259379476774e-06 1.4210854715202e-14 0 0.111131764676226 0.356154572832284 0.532713662491491 0.1 1 2 0.1 0.8 0.1 147 1 -154.838954364212 -13.7041124657692 -57.0654946549135 -55.6491742286877 84975.3435908645 84975.3435908645 84975.3435908645
"FRT_censord" 60 0.999983540354327 3.90384323293103 0.0445815440382381 0.00959910849286664 1.63261297755927e-10 0.636464859703452 -3.60768631679775e-06 0 0 0.111132013279839 0.356154209972672 0.532713776747489 0.1 1 2 0.1 0.8 0.1 143 1 -154.838958724262 -13.7041343447841 -57.0654376152702 -55.6492064433572 95454.8456661836 95454.8456661836 95454.8456661836
"FRT_censord" 61 0.999985347359175 3.90383873631142 0.044581353383959 0.00959910007423038 1.63265536438167e-10 0.636465261551441 -3.21162170280331e-06 0 7.62939453125e-06 0.111132234483475 0.356153887109044 0.532713878407481 0.1 1 2 0.1 0.8 0.1 138 1 -154.838962602347 -13.7041538066279 -57.0653868631674 -55.6492351109131 107226.722201032 107226.722201032 107226.722201032
"FRT_censord" 62 0.999986955983408 3.903834732526 0.0445811836381604 0.00959909257885336 1.63269310655186e-10 0.636465619247058 -2.85903794150499e-06 -1.4210854715202e-14 0 0.111132431494335 0.356153599552378 0.532713968953287 0.1 1 2 0.1 0.8 0.1 134 1 -154.838966057476 -13.7041711449114 -57.0653416607181 -55.649260640473 120450.354025878 120450.354025878 120450.354025878
"FRT_censord" 63 0.999988387986226 3.90383116828779 0.0445810325293406 0.00959908590641213 1.63272670601286e-10 0.636465937665148 -2.54516174891251e-06 0 0 0.111132606877484 0.356153343562458 0.532714049560058 0.1 1 2 0.1 0.8 0.1 130 1 -154.838969133359 -13.7041865800023 -57.0653014203581 -55.6492833675112 135304.777457981 135304.777457981 135304.777457981
"FRT_censord" 64 0.999989662822614 3.90382799531791 0.0445808980062123 0.00959907996637811 1.63275661763642e-10 0.636466221119198 -2.26574379524891e-06 0 7.62939453125e-06 0.11113276300701 0.356153115675569 0.532714121317421 0.1 1 2 0.1 0.8 0.1 126 1 -154.838971871459 -13.7042003203993 -57.0652655976801 -55.6493035996053 151991.108295293 151991.108295293 151991.108295293
"FRT_censord" 65 0.999990797681922 3.90382517070844 0.044580778253717 0.00959907467854889 1.63278324572355e-10 0.636466473449893 -2.0170011723053e-06 0 7.62939453125e-06 0.11113290199453 0.356152912808468 0.532714185197002 0.1 1 2 0.1 0.8 0.1 122 1 -154.838974308961 -13.7042125522472 -57.065233707961 -55.649321610474 170735.264747069 170735.264747069 170735.264747069
"FRT_censord" 66 0.99999180795171 3.90382265620353 0.0445806716484972 0.00959906997125895 1.63280695076598e-10 0.636466698074914 -1.79556636936695e-06 0 7.62939453125e-06 0.111133025722365 0.356152732214251 0.532714242063384 0.1 1 2 0.1 0.8 0.1 118 1 -154.838976478827 -13.704223441091 -57.0652053194246 -55.6493376439843 191791.026167249 191791.026167249 191791.026167249
"FRT_censord" 67 0.999992707300775 3.90382041776811 0.0445805767480565 0.00959906578080476 1.63282805350205e-10 0.636466898036915 -1.59844142189058e-06 1.4210854715202e-14 0 0.111133135865216 0.35615257144845 0.532714292686335 0.1 1 2 0.1 0.8 0.1 114 1 -154.838978410447 -13.7042331343444 -57.0651800478089 -55.6493519171562 215443.469003189 215443.469003189 215443.469003189
"FRT_censord" 68 0.999993507934291 3.90381842507871 0.0445804922650009 0.00959906205036093 1.6328468397086e-10 0.636467076043919 -1.42295757399324e-06 0 0 0.111133233914954 0.356152428334121 0.532714337750925 0.1 1 2 0.1 0.8 0.1 110 1 -154.838980129919 -13.7042417631571 -57.0651575509359 -55.6493646232652 242012.826479438 242012.826479438 242012.826479438
"FRT_censord" 69 0.999994220651706 3.90381665213867 0.0445804170854493 0.00959905873070726 1.63286355432441e-10 0.63646723453736 -1.26673896971852e-06 0 0 0.111133321090588 0.356152301095386 0.532714377814026 0.1 1 2 0.1 0.8 0.1 105 1 -154.838981657316 -13.7042494292279 -57.0651375500231 -55.6493759236013 271858.824273294 271858.824273294 271858.824273294
"FRT_censord" 70 0.999994855145074 3.90381507210978 0.0445803501101974 0.00959905577335007 1.63287845051683e-10 0.63646737557479 -1.12767068571884e-06 -1.4210854715202e-14 0 0.111133398889126 0.356152187536107 0.532714413574767 0.1 1 2 0.1 0.8 0.1 102 1 -154.838983022877 -13.7042562809647 -57.0651196986912 -55.6493860025158 305385.550883342 305385.550883342 305385.550883342
"FRT_censord" 71 0.999995419991428 3.90381366725462 0.0445802905344013 0.00959905314272572 1.63289169519433e-10 0.636467501181267 -1.00386986900958e-06 -1.4210854715202e-14 0 0.111133467953617 0.35615208673297 0.532714445313413 0.1 1 2 0.1 0.8 0.1 97 1 -154.838984232601 -13.7042623530827 -57.0651038533432 -55.6493949558059 343046.928631492 343046.928631492 343046.928631492
"FRT_censord" 72 0.999995922787428 3.90381241501533 0.0445802374572083 0.00959905079903065 1.63290350125358e-10 0.636467612945856 -8.93660406120489e-07 1.4210854715202e-14 7.62939453125e-06 0.11113352961933 0.356151996720933 0.532714473659737 0.1 1 2 0.1 0.8 0.1 94 1 -154.838985315216 -13.704267784808 -57.0650897035215 -55.6494029443831 385352.859371053 385352.859371053 385352.859371053
"FRT_censord" 73 0.99999637038278 3.90381130101177 0.0445801902281878 0.00959904871356632 1.63291400404822e-10 0.636467712463562 -7.95550207044471e-07 0 0 0.111133584429746 0.356151916718559 0.532714498851695 0.1 1 2 0.1 0.8 0.1 90 1 -154.838986276373 -13.7042726081302 -57.0650771275315 -55.6494100474905 432876.128108306 432876.128108306 432876.128108306
"FRT_censord" 74 0.99999676887658 3.90381030939113 0.0445801481838731 0.00959904685706922 1.63292335306885e-10 0.63646780105808 -7.08210961875011e-07 -1.4210854715202e-14 -7.62939453125e-06 0.111133633211723 0.356151845516508 0.532714521271769 0.1 1 2 0.1 0.8 0.1 86 1 -154.838987131574 -13.7042769001249 -57.0650659349861 -55.649416369671 486260.158006536 486260.158006536 486260.158006536
"FRT_censord" 75 0.999997123599439 3.90380942671936 0.0445801107592939 0.00959904520454304 1.6329316749572e-10 0.63646787992827 -6.30460199602112e-07 0 7.62939453125e-06 0.111133676629745 0.356151782143515 0.53271454122674 0.1 1 2 0.1 0.8 0.1 82 1 -154.838987892686 -13.7042807198667 -57.0650559731323 -55.6494219969591 546227.721768435 546227.721768435 546227.721768435
"FRT_censord" 76 0.999997439389274 3.9038086410209 0.0445800774445961 0.00959904373350168 1.63293908260486e-10 0.636467950141661 -5.61245251162745e-07 0 7.62939453125e-06 0.111133715272796 0.356151725740542 0.532714558986662 0.1 1 2 0.1 0.8 0.1 78 1 -154.838988569959 -13.7042841190168 -57.0650471069639 -55.6494270056324 613590.727341317 613590.727341317 613590.727341317
"FRT_censord" 77 0.999997720492102 3.90380794073093 0.0445800477651494 0.00959904242296801 1.63294568510416e-10 0.636468012619492 -4.99629038586136e-07 -1.4210854715202e-14 7.62939453125e-06 0.111133749769741 0.356151675385147 0.532714574845112 0.1 1 2 0.1 0.8 0.1 75 1 -154.838989175864 -13.7042871587502 -57.0650391910496 -55.6494314739928 689261.21043497 689261.21043497 689261.21043497
"FRT_censord" 78 0.999997970779536 3.90380731809576 0.0445800213622992 0.00959904125714958 1.63295155541861e-10 0.636468068262896 -4.44777334962509e-07 0 -7.62939453125e-06 0.111133780390215 0.356151630692449 0.532714588917336 0.1 1 2 0.1 0.8 0.1 71 1 -154.838989712408 -13.704289851846 -57.0650321656965 -55.6494354429331 774263.682681128 774263.682681128 774263.682681128
"FRT_censord" 79 0.999998193560581 3.90380676404771 0.0445799978665037 0.00959904021967075 1.63295677908385e-10 0.636468117804519 -3.95947488129877e-07 1.4210854715202e-14 0 0.11113380762428 0.356151590942765 0.532714601432955 0.1 1 2 0.1 0.8 0.1 67 1 -154.838990189366 -13.7042922459499 -57.0650259174135 -55.6494389737228 869749.002617784 869749.002617784 869749.002617784
"FRT_censord" 80 0.99999839186045 3.9038062700406 0.0445799769301219 0.00959903929519106 1.6329614367456e-10 0.636468161882176 -3.52478402021461e-07 0 0 0.111133831957795 0.356151555422728 0.532714612619477 0.1 1 2 0.1 0.8 0.1 64 1 -154.838990616747 -13.7042943900183 -57.0650203336291 -55.6494421257608 977009.957299226 977009.957299226 977009.957299226
"FRT_censord" 81 0.999998568407389 3.90380583107374 0.0445799583133762 0.00959903847315258 1.63296557542063e-10 0.63646820114668 -3.13781569616367e-07 0 0 0.11113385352815 0.356151523939746 0.532714622532104 0.1 1 2 0.1 0.8 0.1 60 1 -154.838990994363 -13.7042962855994 -57.0650153848348 -55.6494449226844 1097498.76549306 1097498.76549306 1097498.76549306
"FRT_censord" 82 0.999998725588062 3.90380543963093 0.0445799417209153 0.00959903774051417 1.63296926608569e-10 0.63646823607958 -2.79333050912101e-07 0 7.62939453125e-06 0.111133872804677 0.356151495802152 0.532714631393171 0.1 1 2 0.1 0.8 0.1 57 1 -154.838991332748 -13.7042979835006 -57.0650109616316 -55.649447419908 1232846.73944207 1232846.73944207 1232846.73944207
"FRT_censord" 83 0.999998865483382 3.90380509203628 0.044579926976413 0.00959903708945544 1.63297254327877e-10 0.636468267205402 -2.48666445656909e-07 0 0 0.11113388986747 0.356151470898635 0.532714639233895 0.1 1 2 0.1 0.8 0.1 53 1 -154.83899163108 -13.704299481367 -57.0650070471582 -55.6494496334037 1384886.37139387 1384886.37139387 1384886.37139387
"FRT_censord" 84 0.999998990049037 3.90380478199656 0.0445799138319163 0.00959903650907406 1.632975466445e-10 0.636468294895078 -2.21366583730287e-07 0 0 0.111133905123635 0.35615144862985 0.532714646246515 0.1 1 2 0.1 0.8 0.1 50 1 -154.838991898618 -13.7043008240528 -57.0650035465979 -55.649451610492 1555676.14393047 1555676.14393047 1555676.14393047
"FRT_censord" 85 0.999999100934877 3.90380450592474 0.0445799021289825 0.00959903599234984 1.63297806935941e-10 0.636468319542651 -1.97063805273956e-07 0 0 0.111133918712454 0.356151428794101 0.532714652493445 0.1 1 2 0.1 0.8 0.1 47 1 -154.838992137023 -13.7043020204294 -57.0650004284624 -55.6494533713376 1747528.40000769 1747528.40000769 1747528.40000769
"FRT_censord" 86 0.99999919962466 3.90380426023747 0.0445798917146687 0.0095990355325195 1.6329803857954e-10 0.636468341486102 -1.75429093474122e-07 0 0 0.111133930801272 0.356151411147313 0.532714658051415 0.1 1 2 0.1 0.8 0.1 44 1 -154.838992349059 -13.7043030844457 -57.0649976544289 -55.6494549381584 1963040.65004027 1963040.65004027 1963040.65004027
"FRT_censord" 87 0.999999287492688 3.90380404162753 0.0445798824458408 0.00959903512329844 1.63298244693027e-10 0.636468361022427 -1.56169569720532e-07 -1.4210854715202e-14 0 0.11113394154969 0.35615139545727 0.53271466299304 0.1 1 2 0.1 0.8 0.1 41 1 -154.838992537373 -13.7043040296995 -57.0649951880433 -55.6494563317588 2205130.73990305 2205130.73990305 2205130.73990305
"FRT_censord" 88 0.999999365697431 3.90380384718459 0.0445798742005203 0.00959903475928709 1.63298428020077e-10 0.63646837841531 -1.39024443512881e-07 0 0 0.111133951099045 0.356151381517046 0.532714667383908 0.1 1 2 0.1 0.8 0.1 38 1 -154.838992704463 -13.7043048685904 -57.0649929967621 -55.6494575706357 2477076.35599171 2477076.35599171 2477076.35599171
"FRT_censord" 89 0.999999435348511 3.90380367330751 0.0445798668363255 0.00959903443419641 1.6329859196274e-10 0.636468393871585 -1.23761587644822e-07 0 7.62939453125e-06 0.111133959687165 0.356151368977835 0.532714671335 0.1 1 2 0.1 0.8 0.1 36 1 -154.838992855791 -13.7043056275387 -57.0649910254137 -55.649458682032 2782559.40220712 2782559.40220712 2782559.40220712
"FRT_censord" 90 0.99999949734385 3.90380351921183 0.0445798603006307 0.00959903414578001 1.63298737249398e-10 0.636468407637743 -1.10174362077942e-07 0 -7.62939453125e-06 0.111133967252268 0.356151357932539 0.532714674815193 0.1 1 2 0.1 0.8 0.1 33 1 -154.838992988051 -13.7043062918941 -57.0649892891856 -55.6494596638875 3125715.84968824 3125715.84968824 3125715.84968824
"FRT_censord" 91 0.999999552536004 3.90380338153006 0.0445798544678475 0.00959903388837834 1.63298867064295e-10 0.636468419870987 -9.80788215088069e-08 0 7.62939453125e-06 0.111133974044797 0.356151348013895 0.532714677941308 0.1 1 2 0.1 0.8 0.1 31 1 -154.838993107558 -13.7043068915166 -57.0649877298524 -55.6494605435434 3511191.73421514 3511191.73421514 3511191.73421514
"FRT_censord" 92 0.999999601651152 3.90380325976759 0.0445798492982723 0.00959903366046559 1.63298981864011e-10 0.63646843073712 -8.731117162597e-08 1.4210854715202e-14 7.62939453125e-06 0.111133979999236 0.35615133931802 0.532714680682744 0.1 1 2 0.1 0.8 0.1 28 1 -154.838993211111 -13.7043074124268 -57.0649863630255 -55.6494613180869 3944206.05943766 3944206.05943766 3944206.05943766
"FRT_censord" 93 0.999999645383369 3.90380315005264 0.0445798446589376 0.00959903345569955 1.63299085314687e-10 0.636468440407011 -7.77256516926172e-08 0 0 0.111133985452959 0.356151331353056 0.532714683193985 0.1 1 2 0.1 0.8 0.1 27 1 -154.838993308007 -13.7043078976914 -57.0649851105851 -55.6494620219464 4430621.45758389 4430621.45758389 4430621.45758389
"FRT_censord" 94 0.999999684306452 3.90380305266821 0.0445798405360601 0.00959903327399383 1.63299177137212e-10 0.636468448958475 -6.91924668672073e-08 0 -7.62939453125e-06 0.111133990274719 0.356151324308181 0.5327146854171 0.1 1 2 0.1 0.8 0.1 25 1 -154.838993393207 -13.7043083251488 -57.0649840028832 -55.6494626457782 4977023.56433211 4977023.56433211 4977023.56433211
"FRT_censord" 95 0.999999718971717 3.903802966198 0.0445798368692448 0.00959903311256977 1.63299258667422e-10 0.636468456524868 -6.15960900063328e-08 0 0 0.111133994542671 0.356151318072228 0.532714687385101 0.1 1 2 0.1 0.8 0.1 23 1 -154.838993468232 -13.7043087022185 -57.0649830224607 -55.6494631988116 5590810.18251223 5590810.18251223 5590810.18251223
"FRT_censord" 96 0.999999749826407 3.90380288853116 0.044579833587187 0.00959903296783809 1.63299331902049e-10 0.636468463293568 -5.48337055761294e-08 0 0 0.111133998421881 0.356151312405097 0.532714689173022 0.1 1 2 0.1 0.8 0.1 22 1 -154.838993537528 -13.7043090491242 -57.0649821312189 -55.6494636985061 6280291.44183426 6280291.44183426 6280291.44183426
"FRT_censord" 97 0.999999777297977 3.90380281994773 0.0445798306755406 0.00959903284000999 1.63299396568364e-10 0.63646846916664 -4.88137033016756e-08 0 0 0.111134001815452 0.356151307444359 0.532714690740189 0.1 1 2 0.1 0.8 0.1 20 1 -154.838993597262 -13.7043093497691 -57.0649813512237 -55.6494641379531 7054802.31071865 7054802.31071865 7054802.31071865
"FRT_censord" 98 0.999999801752914 3.90380275839243 0.0445798280721367 0.00959903272536196 1.63299454611212e-10 0.636468474474045 -4.34546407745984e-08 -1.4210854715202e-14 0 0.111134004892883 0.356151302947921 0.532714692159196 0.1 1 2 0.1 0.8 0.1 19 1 -154.83899365224 -13.7043096252269 -57.0649806440777 -55.6494645342387 7924828.98353918 7924828.98353918 7924828.98353918
"FRT_censord" 99 0.99999982348216 3.9038027033768 0.0445798257502665 0.00959903262313577 1.63299506489493e-10 0.636468479165895 -3.86838934218758e-08 0 -7.62939453125e-06 0.111134007660928 0.356151298901977 0.532714693437095 0.1 1 2 0.1 0.8 0.1 18 1 -154.838993702149 -13.7043098747738 -57.0649800076425 -55.6494648897601 8902150.8544504 8902150.8544504 8902150.8544504
"FRT_censord" 100 0.99999984287876 3.90380265423223 0.0445798236736899 0.0095990325318436 1.63299552832612e-10 0.636468483303195 -3.44369084359641e-08 0 0 0.111134010143215 0.356151295273733 0.532714694583052 0.1 1 2 0.1 0.8 0.1 17 1 -154.83899374698 -13.7043100992329 -57.0649794368933 -55.6494652079954 1e+07 1e+07 1e+07
