"data_Name" "Iter" "beta1" "beta3" "lambda1" "lambda2" "lambda3" "diffBeta1" "diffBeta3" "diffLambda1" "diffLambda3" "pi1" "pi2" "pi3" "init_beta1" "init_beta2" "init_beta3" "init_pi1" "init_pi2" "init_pi3" "EM_endIter" "tempering" "Qlike" "Q1" "Q2" "Q3" "bpBase" "bp1" "bp3"
"FRT_censord" 1 0.984440007643156 3.9430103416268 0.0462504593248989 0.00967332540722775 1.30218755928698e-10 0.632515778210294 -0.00339788136553665 0 0 0.109150696166417 0.359015812013039 0.531833491820544 0.9 1 10 0.1 0.8 0.1 599 1 -154.802632881591 -13.526624999035 -57.5144128687464 -55.4009068340222 100 100 100
"FRT_censord" 2 0.986134270079403 3.93869485815233 0.0460657326252364 0.00966505787524389 1.33503992462566e-10 0.632998082951218 -0.0030292872456954 -1.4210854715202e-14 -7.62939453125e-06 0.109374436748766 0.358695607880687 0.531929955370547 0.9 1 10 0.1 0.8 0.1 411 1 -154.806890558784 -13.5469758818652 -57.4642575911768 -55.4281257151084 112.332403297803 112.332403297803 112.332403297803
"FRT_censord" 3 0.987645266765131 3.93485556656576 0.0459015704824028 0.00965772196470872 1.36496333731297e-10 0.63341675725305 -0.0027002449701925 -1.4210854715202e-14 0 0.109572334675029 0.358411780550313 0.532015884774657 0.9 1 10 0.1 0.8 0.1 404 1 -154.810624001468 -13.5649133583566 -57.4197827806496 -55.4523699373219 126.185688306602 126.185688306602 126.185688306602
"FRT_censord" 4 0.98899260026743 3.93143965331664 0.0457556527864895 0.00965121015317635 1.39215039868019e-10 0.633781197835756 -0.0024065998769629 0 7.62939453125e-06 0.109747502041211 0.358160072918344 0.532092425040445 0.9 1 10 0.1 0.8 0.1 398 1 -154.813903021842 -13.5807406828739 -57.3803272707362 -55.4739634267751 141.747416292681 141.747416292681 141.747416292681
"FRT_censord" 5 0.990193812363944 3.92840022401018 0.0456259281594492 0.00964542789568575 1.41679605398441e-10 0.634099210609447 -0.00214461513442643 0 0 0.109902649423962 0.357936752707389 0.532160597868649 0.9 1 10 0.1 0.8 0.1 391 1 -154.816787084662 -13.5947195493656 -57.345310669034 -55.4931950543666 159.228279334109 159.228279334109 159.228279334109
"FRT_censord" 6 0.991264596551993 3.92569562131515 0.045510581081295 0.0096402919241878 1.43909339707084e-10 0.634377319149122 -0.0019109336391594 0 7.62939453125e-06 0.110040143685478 0.357738541424059 0.532221314890463 0.9 1 10 0.1 0.8 0.1 385 1 -154.819327055739 -13.6070765279928 -57.3142225656146 -55.5103224338832 178.864952905744 178.864952905744 178.864952905744
"FRT_censord" 7 0.992218988116215 3.92328883585335 0.0454080037668108 0.0096357288135213 1.45923042295826e-10 0.634621006355902 -0.0017025425272692 0 0 0.110162055125347 0.357562555915499 0.532275388959154 0.9 1 10 0.1 0.8 0.1 379 1 -154.821566582081 -13.6180082096326 -57.2866136416803 -55.5255751971582 200.923300256505 200.923300256505 200.923300256505
"FRT_censord" 8 0.993069535290634 3.92114697527577 0.0453167713318152 0.00963167373781094 1.47738775530681e-10 0.634834904558765 -0.00151674033975269 0 0 0.110270198492973 0.357406256587371 0.532323544919656 0.9 1 10 0.1 0.8 0.1 374 1 -154.823543256787 -13.6276856628376 -57.2620877558609 -55.5391580499764 225.701971963392 225.701971963392 225.701971963392
"FRT_censord" 9 0.993827452891108 3.91924080439051 0.0452356204117196 0.0096280694117595 1.49373701201731e-10 0.635022946625064 -0.00135110678490236 0 0 0.110366166697098 0.35726740452553 0.532366428777372 0.9 1 10 0.1 0.8 0.1 368 1 -154.825289544594 -13.6362580161872 -57.2402953835486 -55.5512534065303 253.536449397011 253.536449397011 253.536449397011
"FRT_censord" 10 0.99450276059261 3.91754432766408 0.0451634301336978 0.00962486516211152 1.50843984710552e-10 0.635188486365484 -0.00120347502487306 0 0 0.110451360721163 0.357144022753401 0.532404616525435 0.9 1 10 0.1 0.8 0.1 363 1 -154.826833583535 -13.643855641362 -57.2209276628303 -55.5620238663374 284.80358684358 284.80358684358 284.80358684358
"FRT_censord" 11 0.99510440742561 3.91603443319735 0.0450992058198749 0.00962201613859351 1.52164732753112e-10 0.635334395790238 -0.00107190635756638 0 0 0.110527013636941 0.357034365074756 0.532438621288303 0.9 1 10 0.1 0.8 0.1 357 1 -154.828199802399 -13.6505926192801 -57.2037116086814 -55.5716142772961 319.926713779738 319.926713779738 319.926713779738
"FRT_censord" 12 0.995640383832728 3.91469056306576 0.0450420642491767 0.00961948260966836 1.53349979664298e-10 0.635463143410226 -0.000954667173118651 1.4210854715202e-14 0 0.11059421281886 0.356936886667125 0.532468900514015 0.9 1 10 0.1 0.8 0.1 352 1 -154.82940948469 -13.6565690574648 -57.1884055726137 -55.5801537384138 359.381366380463 359.381366380463 359.381366380463
"FRT_censord" 13 0.996117822110862 3.91349443482524 0.0449912211039258 0.00961722936561237 1.54412687903098e-10 0.63557685843433 -0.000850208026655253 0 0 0.110653917520003 0.356850220830738 0.532495861649259 0.9 1 10 0.1 0.8 0.1 347 1 -154.830481194567 -13.66187284471 -57.1747956573484 -55.587757237361 403.701725859656 403.701725859656 403.701725859656
"FRT_censord" 14 0.99654308708276 3.91242978360259 0.0449459795629377 0.00961522518216757 1.55364778700976e-10 0.635677383064881 -0.00075714468736976 0 7.62939453125e-06 0.110706975262466 0.356773156931468 0.532519867806067 0.9 1 10 0.1 0.8 0.1 343 1 -154.831431171052 -13.6665813177866 -57.1626923004557 -55.5945272323704 453.487850812858 453.487850812858 453.487850812858
"FRT_censord" 15 0.996921857252907 3.91148214247884 0.0449057205177966 0.00961344236242515 1.56217168150649e-10 0.635766315886237 -0.000674241005803822 0 0 0.110754134997294 0.356704622685142 0.532541242317564 0.9 1 10 0.1 0.8 0.1 338 1 -154.83227363014 -13.6707625446571 -57.1519275329889 -55.600554962827 509.413801481638 509.413801481638 509.413801481638
"FRT_censord" 16 0.997259197641665 3.91063863764084 0.0448698936474816 0.0096118563225189 1.5697982229186e-10 0.635845047532287 -0.000600393458476844 -1.4210854715202e-14 7.62939453125e-06 0.110796059650509 0.356643666989013 0.532560273360478 0.9 1 10 0.1 0.8 0.1 333 1 -154.833021055131 -13.6744765854247 -57.1423523109344 -55.6059217292764 572.236765935022 572.236765935022 572.236765935022
"FRT_censord" 17 0.997559625196253 3.90988781530021 0.0448380097707408 0.00961044523786314 1.57661809701112e-10 0.635914790685682 -0.000534617222626821 0 7.62939453125e-06 0.11083333604244 0.356589446375367 0.532577217582193 0.9 1 10 0.1 0.8 0.1 328 1 -154.833684413114 -13.6777764374038 -57.133834413227 -55.6106999364967 642.807311728433 642.807311728433 642.807311728433
"FRT_censord" 18 0.997827167412047 3.9092194826881 0.0448096339287292 0.00960918972521686 1.58271362470453e-10 0.635976605049111 -0.000476033650159025 0 -7.62939453125e-06 0.110866484134495 0.356541212233145 0.532592303632359 0.9 1 10 0.1 0.8 0.1 324 1 -154.834273357948 -13.68070893587 -57.1262564526446 -55.6149540826663 722.080901838547 722.080901838547 722.080901838547
"FRT_censord" 19 0.998065414657668 3.90862457241209 0.0447843794303651 0.00960807256966742 1.58815932971175e-10 0.636031418538613 -0.000423859011981165 0 0 0.110895964483854 0.356498300510546 0.5326057350056 0.9 1 10 0.1 0.8 0.1 319 1 -154.834796385563 -13.6833154470163 -57.119514274683 -55.6187415796983 811.130830789687 811.130830789687 811.130830789687
"FRT_censord" 20 0.99827756718748 3.90809501271236 0.0447619023048209 0.00960707847203136 1.59302259049537e-10 0.636080044923881 -0.00037739439693496 0 0 0.110922185801895 0.356460121113832 0.532617693084273 0.9 1 10 0.1 0.8 0.1 314 1 -154.835260998494 -13.6856326147098 -57.1135153014344 -55.6221135862929 911.16275611549 911.16275611549 911.16275611549
"FRT_censord" 21 0.998466477262681 3.90762361998635 0.0447418965999261 0.00960619383511611 1.5973641987072e-10 0.636123199051612 -0.000336016652433102 0 7.62939453125e-06 0.110945510697463 0.356426149893578 0.532628339408958 0.9 1 10 0.1 0.8 0.1 310 1 -154.835673820709 -13.6876928852043 -57.1081772831933 -55.6251156626905 1023.53102189903 1023.53102189903 1023.53102189903
"FRT_censord" 22 0.998634686498441 3.90720400383947 0.0447240902499561 0.00960540657620402 1.60123889080699e-10 0.6361615098449 -0.00029917026788695 0 0 0.110966260668164 0.3563959216488 0.532637817683037 0.9 1 10 0.1 0.8 0.1 305 1 -154.836040695996 -13.6895249590678 -57.1034272077264 -55.6277883493719 1149.75699539774 1149.75699539774 1149.75699539774
"FRT_censord" 23 0.998784459564261 3.9068304731598 0.0447082411208678 0.00960470594879553 1.60469594226165e-10 0.636195531138107 -0.00026636010866099 0 0 0.110984721547834 0.356369022374781 0.532646256077384 0.9 1 10 0.1 0.8 0.1 301 1 -154.836366804714 -13.6911543339615 -57.0992000852047 -55.6301677869796 1291.54966501488 1291.54966501488 1291.54966501488
"FRT_censord" 24 0.998917814168702 3.90649796534285 0.0446941338649963 0.00960408240059345 1.60777960414333e-10 0.636225751377918 -0.000237144913462828 1.4210854715202e-14 0 0.111001146874245 0.356345084550003 0.532653768575752 0.9 1 10 0.1 0.8 0.1 297 1 -154.836656722065 -13.6926035785157 -57.0954382151393 -55.632286127247 1450.82877849594 1450.82877849594 1450.82877849594
"FRT_censord" 25 0.999036547746332 3.90620197454616 0.0446815768883124 0.0096035274371726 1.61052959461524e-10 0.636252601710563 -0.000211131480455151 0 7.62939453125e-06 0.11101576185318 0.356323781476475 0.532660456670345 0.9 1 10 0.1 0.8 0.1 292 1 -154.83691449933 -13.6938927137174 -57.0920902993264 -55.6341719977608 1629.75083462065 1629.75083462065 1629.75083462065
"FRT_censord" 26 0.999142261524843 3.9059384874629 0.0446703996288461 0.00960303350006279 1.61298155740936e-10 0.636276462960172 -0.00018796947082933 0 0 0.111028766893444 0.356304822221635 0.532666410884921 0.9 1 10 0.1 0.8 0.1 288 1 -154.837143735362 -13.6950395518133 -57.089110648775 -55.6358509192745 1830.73828029537 1830.73828029537 1830.73828029537
"FRT_censord" 27 0.999236381683196 3.90570393554957 0.0446604504217934 0.00960259387077509 1.61516739568527e-10 0.636297671966677 -0.000167346765813647 0 0 0.111040339690609 0.35628794868767 0.532671711621721 0.9 1 10 0.1 0.8 0.1 283 1 -154.837347608247 -13.6960598492784 -57.0864587281519 -55.6373455748686 2056.51230834865 2056.51230834865 2056.51230834865
"FRT_censord" 28 0.999320178510231 3.90549513882474 0.0446515942013214 0.0096022025683125 1.61711570846528e-10 0.636316526669123 -0.000148985321061446 0 0 0.111050638598624 0.356272930730619 0.532676430670757 0.9 1 10 0.1 0.8 0.1 279 1 -154.837528948935 -13.696967656276 -57.0840983873346 -55.6386762009407 2310.12970008316 2310.12970008316 2310.12970008316
"FRT_censord" 29 0.999394783356639 3.90530926939692 0.0446437108440759 0.00960185427499959 1.61885206078546e-10 0.636333290953868 -0.000132637465306118 -1.4210854715202e-14 0 0.111059804097047 0.356259564100054 0.532680631802898 0.9 1 10 0.1 0.8 0.1 275 1 -154.837690260031 -13.697775411124 -57.0819975418967 -55.6398607853903 2595.02421139974 2595.02421139974 2595.02421139974
"FRT_censord" 30 0.999461203791635 3.90514381017603 0.0446366934480349 0.00960154425978243 1.62039931400614e-10 0.636348198611932 -0.000118082597289515 0 -7.62939453125e-06 0.111067961082236 0.356247667126609 0.532684371791155 0.9 1 10 0.1 0.8 0.1 270 1 -154.837833762413 -13.6984941637933 -57.0801276524058 -55.6409153424484 2915.05306282518 2915.05306282518 2915.05306282518
"FRT_censord" 31 0.999520337073821 3.9049965178804 0.0446304467984395 0.00960126830989901 1.62177792788963e-10 0.63636145679031 -0.000105124239212273 0 0 0.111075220928622 0.356237077735098 0.53268770133628 0.9 1 10 0.1 0.8 0.1 266 1 -154.837961437387 -13.6991337781937 -57.078463254627 -55.6418541604977 3274.54916287773 3274.54916287773 3274.54916287773
"FRT_censord" 32 0.99957298222434 3.90486539830788 0.0446248862265502 0.00960102268000225 1.6230061566386e-10 0.636373249273412 -9.35874076759546e-05 0 7.62939453125e-06 0.111081682390975 0.356227652178903 0.532690665430122 0.9 1 10 0.1 0.8 0.1 262 1 -154.838075035447 -13.6997029796737 -57.0769817637996 -55.6426899311569 3678.37977182863 3678.37977182863 3678.37977182863
"FRT_censord" 33 0.999619850766575 3.90474867640234 0.0446199363760678 0.0096008040373542 1.62410030158525e-10 0.636383739114844 -8.33162698228307e-05 1.4210854715202e-14 7.62939453125e-06 0.111087433297167 0.356219262579001 0.532693304123832 0.9 1 10 0.1 0.8 0.1 257 1 -154.838176111256 -13.7002095235192 -57.075663087176 -55.6434339527234 4132.01240011534 4132.01240011534 4132.01240011534
"FRT_censord" 34 0.999661576244615 3.90464476935288 0.0446155301025479 0.00960060941292011 1.62507494149511e-10 0.636393070940645 -7.41720534236379e-05 0 7.62939453125e-06 0.11109255208247 0.3562117946887 0.53269565322883 0.9 1 10 0.1 0.8 0.1 253 1 -154.838266055696 -13.7006603491544 -57.0744892718745 -55.644096314532 4641.58883361278 4641.58883361278 4641.58883361278
"FRT_censord" 35 0.999698722794177 3.90455227083332 0.044611607715018 0.00960043616764871 1.62594306246304e-10 0.636401373233916 -6.60311835645189e-05 0 0 0.111097108226574 0.35620514729393 0.532697744479496 0.9 1 10 0.1 0.8 0.1 249 1 -154.838346095748 -13.7010615852382 -57.0734444134637 -55.6446859694744 5214.00828799969 5214.00828799969 5214.00828799969
"FRT_censord" 36 0.999731792723914 3.90446992907226 0.0446081160860113 0.00960028195300322 1.62671624995549e-10 0.636408760099673 -5.87836221228599e-05 0 7.62939453125e-06 0.111101163533045 0.35619923034424 0.532699606122715 0.9 1 10 0.1 0.8 0.1 244 1 -154.838417321704 -13.7014186807335 -57.0725143612336 -55.6452108869704 5857.02081805666 5857.02081805666 5857.02081805666
"FRT_censord" 37 0.999761233267968 3.90439662702576 0.0446050078514939 0.00960014467549422 1.62740486416611e-10 0.636415332811071 -5.23313878133536e-05 0 -7.62939453125e-06 0.111104773300742 0.356193963239131 0.532701263460127 0.9 1 10 0.1 0.8 0.1 240 1 -154.838480712352 -13.7017365261899 -57.0716864478225 -55.6456781926175 6579.33224657568 6579.33224657568 6579.33224657568
"FRT_censord" 38 0.99978744262799 3.90433137297489 0.0446022409255262 0.00960002247511144 1.62801811917459e-10 0.636421181433866 -4.65872375059462e-05 0 7.62939453125e-06 0.111107986435735 0.356189274695691 0.532702738868574 0.9 1 10 0.1 0.8 0.1 236 1 -154.838537128871 -13.7020194296326 -57.0709494710522 -55.6460942005164 7390.72203352578 7390.72203352578 7390.72203352578
"FRT_censord" 39 0.99981077535402 3.90427328324838 0.0445997778217395 0.00959991369530378 1.62856423860489e-10 0.636426385982322 -4.14734910378911e-05 0 0 0.111110846552561 0.356185101130645 0.532704052316794 0.9 1 10 0.1 0.8 0.1 232 1 -154.838587339985 -13.7022712370486 -57.0702934381244 -55.6464645413428 8302.17568131974 8302.17568131974 8302.17568131974
"FRT_censord" 40 0.999831547090806 3.90422157217365 0.0445975852003991 0.00959981686286923 1.62905054444654e-10 0.636431017608157 -3.69209846979857e-05 0 0 0.111113392355945 0.35618138611473 0.532705221529325 0.9 1 10 0.1 0.8 0.1 227 1 -154.838632026165 -13.7024953550973 -57.0697094807496 -55.6467942172397 9326.0334688322 9326.0334688322 9326.0334688322
"FRT_censord" 41 0.999850038875079 3.90417553760222 0.0445956333074086 0.00959973066317452 1.62948358907992e-10 0.636435139479472 -3.28681384473839e-05 0 0 0.111115658598705 0.356178078962496 0.532706262438799 0.9 1 10 0.1 0.8 0.1 223 1 -154.838671802068 -13.7026948584883 -57.0691896319758 -55.6470877119404 10476.1575278967 10476.1575278967 10476.1575278967
"FRT_censord" 42 0.999866500936356 3.90413455711185 0.0445938957284015 0.00959965392922752 1.62986918712473e-10 0.636438807844542 -2.92601255011959e-05 0 0 0.111117675912743 0.356175135005808 0.532707189081448 0.9 1 10 0.1 0.8 0.1 219 1 -154.838707205363 -13.7028724409457 -57.0687268716942 -55.6473489876968 11768.11952435 11768.11952435 11768.11952435
"FRT_censord" 43 0.999881155968708 3.90409807679029 0.0445923489608929 0.00959958562268245 1.63021251840855e-10 0.636442072727116 -2.60481322555961e-05 0 0 0.111119471545222 0.35617251450744 0.532708013947337 0.9 1 10 0.1 0.8 0.1 214 1 -154.838738714139 -13.7030304978892 -57.0683149546152 -55.6475815704821 13219.4114846603 13219.4114846603 13219.4114846603
"FRT_censord" 44 0.999894202349942 3.90406560071142 0.0445909719972994 0.00959952481557409 1.63051822504543e-10 0.636444978528258 -2.31886995152308e-05 0 0 0.111121070059622 0.356170181631134 0.532708748309245 0.9 1 10 0.1 0.8 0.1 210 1 -154.838766763021 -13.7031712046397 -57.0679482473653 -55.6477886302245 14849.6826225447 14849.6826225447 14849.6826225447
"FRT_censord" 45 0.999905816627026 3.90403669009587 0.0445897462163783 0.00959947068532499 1.63079041719685e-10 0.636447564825071 -2.06431355422865e-05 0 0 0.111122493018174 0.356168104927118 0.532709402054708 0.9 1 10 0.1 0.8 0.1 206 1 -154.83879172972 -13.7032964549431 -57.0676218071269 -55.6479729592345 16681.0053720006 16681.0053720006 16681.0053720006
"FRT_censord" 46 0.999916155976814 3.90401095349522 0.0445886550184236 0.0095994224986952 1.63103276437786e-10 0.636449866796331 -1.83769934736233e-05 0 7.62939453125e-06 0.111123759707433 0.356166256259327 0.532709984033241 0.9 1 10 0.1 0.8 0.1 202 1 -154.838813953222 -13.7034079475979 -57.0673312114657 -55.648137052745 18738.1742286039 18738.1742286039 18738.1742286039
"FRT_censord" 47 0.999925360338483 3.90398804338194 0.0445876836520674 0.00959937960411753 1.6312485263431e-10 0.636451915767307 -1.6359605787386e-05 0 7.62939453125e-06 0.111124887187398 0.356164610742693 0.53271050206991 0.9 1 10 0.1 0.8 0.1 197 1 -154.838833731901 -13.7035071793693 -57.0670725493144 -55.6482831215518 21049.0414451202 21049.0414451202 21049.0414451202
"FRT_censord" 48 0.999933554282154 3.90396764764561 0.044586818910962 0.0095993414182922 1.63144063259146e-10 0.636453739520995 -1.4563670077905e-05 -1.4210854715202e-14 -7.62939453125e-06 0.111125890951653 0.356163145763693 0.532710963284654 0.9 1 10 0.1 0.8 0.1 193 1 -154.838851340731 -13.7035955262069 -57.0668422653821 -55.6484131643734 23644.8941264541 23644.8941264541 23644.8941264541
"FRT_censord" 49 0.999940848748909 3.90394949105625 0.0445860491083407 0.00959930742507175 1.6316116674847e-10 0.636455362859703 -1.29648797866366e-05 0 7.62939453125e-06 0.111126784495189 0.356161841636905 0.532711373867907 0.9 1 10 0.1 0.8 0.1 189 1 -154.83886701528 -13.7036741705722 -57.0666372658589 -55.6485289311878 26560.8778294668 26560.8778294668 26560.8778294668
"FRT_censord" 50 0.999947342439418 3.90393332780748 0.0445853638233004 0.00959927716418244 1.63176394021955e-10 0.636456807826649 -1.15415957324672e-05 -1.4210854715202e-14 0 0.111127579922508 0.356160680699676 0.532711739377817 0.9 1 10 0.1 0.8 0.1 185 1 -154.838880968183 -13.7037441784096 -57.0664547744008 -55.6486319890777 29836.4724028334 29836.4724028334 29836.4724028334
"FRT_censord" 51 0.999953123270818 3.90391893999391 0.0445847538010579 0.0095992502268996 1.6318994986034e-10 0.636458094065921 -1.0274553453371e-05 0 7.62939453125e-06 0.111128287903057 0.356159647387746 0.532712064709197 0.9 1 10 0.1 0.8 0.1 180 1 -154.838893385345 -13.703806483295 -57.0662923449348 -55.6487237226594 33516.0265093885 33516.0265093885 33516.0265093885
"FRT_censord" 52 0.999958269488862 3.90390613090347 0.0445842107290701 0.00959922624611438 1.63202019219367e-10 0.636459238972162 -9.14660275697088e-06 0 -7.62939453125e-06 0.111128918242207 0.356158727384539 0.532712354373254 0.9 1 10 0.1 0.8 0.1 176 1 -154.838904441688 -13.7038619599843 -57.0661477262521 -55.6488053951048 37649.3580679247 37649.3580679247 37649.3580679247
"FRT_censord" 53 0.99996285075857 3.9038947280491 0.0445837272796769 0.00959920489821398 1.63212764304503e-10 0.636460258107947 -8.14247565017467e-06 0 7.62939453125e-06 0.111129479372262 0.356157908389092 0.532712612238645 0.9 1 10 0.1 0.8 0.1 172 1 -154.838914283848 -13.7039113451281 -57.0660189851878 -55.6488781015933 42292.428743895 42292.428743895 42292.428743895
"FRT_censord" 54 0.999966929093012 3.9038845770534 0.044583296907294 0.00959918589412892 1.63222330339402e-10 0.636461165297085 -7.24857991940553e-06 1.4210854715202e-14 -7.62939453125e-06 0.111129978892549 0.35615717931158 0.532712841795871 0.9 1 10 0.1 0.8 0.1 168 1 -154.838923045198 -13.7039553076807 -57.0659043785408 -55.6489428263308 47508.101621028 47508.101621028 47508.101621028
"FRT_censord" 55 0.99997055971384 3.90387554047155 0.0445829137834971 0.00959916897647731 1.63230846651538e-10 0.636461972842033 -6.45281520661456e-06 -1.4210854715202e-14 0 0.111130423568808 0.356156530278669 0.532713046152523 0.9 1 10 0.1 0.8 0.1 164 1 -154.838930844447 -13.7039944431606 -57.0658023543329 -55.649000445582 53366.9923120631 53366.9923120631 53366.9923120631
"FRT_censord" 56 0.999973791756546 3.90386749691243 0.0445825727481795 0.00959915391737007 1.63238427479974e-10 0.636462691722194 -5.74440927181286e-06 -1.4210854715202e-14 0 0.111130819316427 0.356155952661391 0.532713228022182 0.9 1 10 0.1 0.8 0.1 159 1 -154.838937784045 -13.7040292666157 -57.0657115565664 -55.6490517288059 59948.4250318941 59948.4250318941 59948.4250318941
"FRT_censord" 57 0.999976668985655 3.90386033556847 0.0445822691303591 0.00959914051055124 1.63245177147991e-10 0.636463331623272 -5.11377232470522e-06 0 0 0.111131171708579 0.356155438318353 0.532713389973067 0.9 1 10 0.1 0.8 0.1 155 1 -154.838943964512 -13.7040602799397 -57.0656307046893 -55.6490973914493 67341.5065775083 67341.5065775083 67341.5065775083
"FRT_censord" 58 0.999979230343027 3.90385396041478 0.0445819988455642 0.00959912857564026 1.63251186055599e-10 0.636463901248314 -4.55236718721608e-06 0 0 0.111131485412923 0.35615498044124 0.532713534145837 0.9 1 10 0.1 0.8 0.1 151 1 -154.83894946641 -13.7040878884299 -57.065558728881 -55.6491380413476 75646.3327554629 75646.3327554629 75646.3327554629
"FRT_censord" 59 0.999981510510539 3.90384828514701 0.0445817582340209 0.00959911795102865 1.63256535471241e-10 0.636464408317824 -4.05259379476774e-06 0 -7.62939453125e-06 0.111131764676227 0.356154572832282 0.532713662491491 0.9 1 10 0.1 0.8 0.1 147 1 -154.838954364212 -13.7041124657693 -57.0654946549132 -55.6491742286878 84975.3435908645 84975.3435908645 84975.3435908645
"FRT_censord" 60 0.999983540354327 3.90384323293102 0.044581544038238 0.00959910849286663 1.63261297755936e-10 0.636464859703453 -3.60768632390318e-06 0 -7.62939453125e-06 0.111132013279839 0.356154209972672 0.532713776747489 0.9 1 10 0.1 0.8 0.1 143 1 -154.838958724262 -13.7041343447841 -57.0654376152701 -55.6492064433572 95454.8456661836 95454.8456661836 95454.8456661836
"FRT_censord" 61 0.999985347359175 3.90383873631142 0.0445813533839593 0.0095991000742304 1.63265536438171e-10 0.636465261551439 -3.21162168859246e-06 0 0 0.111132234483473 0.356153887109047 0.53271387840748 0.9 1 10 0.1 0.8 0.1 138 1 -154.838962602347 -13.7041538066276 -57.0653868631678 -55.6492351109129 107226.722201032 107226.722201032 107226.722201032
"FRT_censord" 62 0.999986955983408 3.90383473252604 0.0445811836381604 0.00959909257885339 1.63269310655148e-10 0.636465619247048 -2.85903794150499e-06 0 0 0.111132431494334 0.35615359955238 0.532713968953286 0.9 1 10 0.1 0.8 0.1 134 1 -154.838966057476 -13.7041711449113 -57.0653416607184 -55.6492606404728 120450.354025878 120450.354025878 120450.354025878
"FRT_censord" 63 0.999988387986226 3.9038311682878 0.0445810325293403 0.00959908590641213 1.63272670601277e-10 0.636465937665148 -2.54516175601793e-06 0 0 0.111132606877485 0.356153343562457 0.532714049560058 0.9 1 10 0.1 0.8 0.1 130 1 -154.838969133359 -13.7041865800024 -57.065301420358 -55.6492833675111 135304.777457981 135304.777457981 135304.777457981
"FRT_censord" 64 0.999989662822614 3.90382799531786 0.0445808980062122 0.00959907996637809 1.63275661763691e-10 0.636466221119203 -2.26574377393263e-06 0 -1.52587890625e-05 0.11113276300701 0.356153115675568 0.532714121317422 0.9 1 10 0.1 0.8 0.1 126 1 -154.838971871459 -13.7042003203993 -57.0652655976799 -55.6493035996054 151991.108295293 151991.108295293 151991.108295293
"FRT_censord" 65 0.999990797681922 3.90382517070844 0.044580778253717 0.00959907467854889 1.63278324572356e-10 0.636466473449893 -2.01700118651615e-06 0 0 0.11113290199453 0.356152912808468 0.532714185197002 0.9 1 10 0.1 0.8 0.1 122 1 -154.838974308961 -13.7042125522472 -57.065233707961 -55.649321610474 170735.264747069 170735.264747069 170735.264747069
"FRT_censord" 66 0.99999180795171 3.90382265620355 0.0445806716484972 0.00959906997125899 1.63280695076575e-10 0.636466698074907 -1.79556637647238e-06 -1.4210854715202e-14 0 0.111133025722364 0.356152732214253 0.532714242063383 0.9 1 10 0.1 0.8 0.1 118 1 -154.838976478827 -13.7042234410908 -57.065205319425 -55.6493376439841 191791.026167249 191791.026167249 191791.026167249
"FRT_censord" 67 0.999992707300775 3.9038204177681 0.0445805767480566 0.00959906578080476 1.63282805350219e-10 0.636466898036911 -1.59844140767973e-06 0 -7.62939453125e-06 0.111133135865215 0.35615257144845 0.532714292686335 0.9 1 10 0.1 0.8 0.1 114 1 -154.838978410447 -13.7042331343443 -57.0651800478089 -55.6493519171562 215443.469003189 215443.469003189 215443.469003189
"FRT_censord" 68 0.999993507934291 3.9038184250787 0.044580492265001 0.00959906205036092 1.63284683970869e-10 0.636467076043919 -1.42295756688782e-06 0 0 0.111133233914954 0.356152428334121 0.532714337750925 0.9 1 10 0.1 0.8 0.1 110 1 -154.838980129919 -13.7042417631571 -57.0651575509359 -55.6493646232652 242012.826479438 242012.826479438 242012.826479438
"FRT_censord" 69 0.999994220651706 3.90381665213866 0.0445804170854493 0.00959905873070724 1.63286355432457e-10 0.636467234537363 -1.26673898392937e-06 1.4210854715202e-14 -1.52587890625e-05 0.111133321090588 0.356152301095386 0.532714377814026 0.9 1 10 0.1 0.8 0.1 105 1 -154.838981657316 -13.7042494292279 -57.0651375500229 -55.6493759236014 271858.824273294 271858.824273294 271858.824273294
"FRT_censord" 70 0.999994855145074 3.90381507210978 0.0445803501101974 0.00959905577335008 1.63287845051683e-10 0.636467375574792 -1.12767069282427e-06 0 -7.62939453125e-06 0.111133398889126 0.356152187536107 0.532714413574767 0.9 1 10 0.1 0.8 0.1 102 1 -154.838983022877 -13.7042562809647 -57.0651196986912 -55.6493860025158 305385.550883342 305385.550883342 305385.550883342
"FRT_censord" 71 0.999995419991428 3.90381366725462 0.0445802905344013 0.00959905314272572 1.63289169519433e-10 0.636467501181265 -1.003869876115e-06 0 0 0.111133467953617 0.35615208673297 0.532714445313413 0.9 1 10 0.1 0.8 0.1 97 1 -154.838984232601 -13.7042623530827 -57.0651038533432 -55.6493949558059 343046.928631492 343046.928631492 343046.928631492
"FRT_censord" 72 0.999995922787428 3.90381241501535 0.0445802374572084 0.00959905079903065 1.63290350125344e-10 0.636467612945857 -8.93660420331344e-07 1.4210854715202e-14 7.62939453125e-06 0.111133529619329 0.356151996720934 0.532714473659737 0.9 1 10 0.1 0.8 0.1 94 1 -154.838985315216 -13.7042677848079 -57.0650897035216 -55.649402944383 385352.859371053 385352.859371053 385352.859371053
"FRT_censord" 73 0.99999637038278 3.90381130101178 0.0445801902281877 0.00959904871356632 1.63291400404816e-10 0.636467712463558 -7.95550207044471e-07 0 7.62939453125e-06 0.111133584429746 0.356151916718559 0.532714498851695 0.9 1 10 0.1 0.8 0.1 90 1 -154.838986276373 -13.7042726081302 -57.0650771275316 -55.6494100474905 432876.128108306 432876.128108306 432876.128108306
"FRT_censord" 74 0.99999676887658 3.90381030939116 0.0445801481838731 0.00959904685706923 1.63292335306855e-10 0.636467801058076 -7.08210968980438e-07 0 7.62939453125e-06 0.111133633211723 0.356151845516509 0.532714521271768 0.9 1 10 0.1 0.8 0.1 86 1 -154.838987131574 -13.7042769001249 -57.0650659349862 -55.6494163696708 486260.158006536 486260.158006536 486260.158006536
"FRT_censord" 75 0.999997123599439 3.90380942671938 0.0445801107592938 0.00959904520454305 1.63293167495699e-10 0.63646787992827 -6.30460199602112e-07 0 0 0.111133676629745 0.356151782143515 0.53271454122674 0.9 1 10 0.1 0.8 0.1 82 1 -154.838987892686 -13.7042807198667 -57.0650559731323 -55.6494219969591 546227.721768435 546227.721768435 546227.721768435
"FRT_censord" 76 0.999997439389274 3.90380864102089 0.0445800774445961 0.00959904373350168 1.63293908260494e-10 0.636467950141657 -5.61245258268173e-07 -1.4210854715202e-14 -7.62939453125e-06 0.111133715272797 0.356151725740542 0.532714558986662 0.9 1 10 0.1 0.8 0.1 78 1 -154.838988569959 -13.7042841190169 -57.0650471069638 -55.6494270056324 613590.727341317 613590.727341317 613590.727341317
"FRT_censord" 77 0.999997720492102 3.90380794073091 0.0445800477651494 0.009599042422968 1.63294568510436e-10 0.636468012619497 -4.99629038586136e-07 0 0 0.111133749769742 0.356151675385146 0.532714574845112 0.9 1 10 0.1 0.8 0.1 75 1 -154.838989175864 -13.7042871587503 -57.0650391910494 -55.649431473993 689261.21043497 689261.21043497 689261.21043497
"FRT_censord" 78 0.999997970779536 3.90380731809576 0.044580021362299 0.00959904125714958 1.63295155541861e-10 0.636468068262898 -4.44777327857082e-07 0 0 0.111133780390216 0.356151630692448 0.532714588917336 0.9 1 10 0.1 0.8 0.1 71 1 -154.838989712408 -13.7042898518461 -57.0650321656963 -55.6494354429332 774263.682681128 774263.682681128 774263.682681128
"FRT_censord" 79 0.999998193560581 3.90380676404773 0.0445799978665037 0.00959904021967076 1.63295677908372e-10 0.636468117804514 -3.95947488129877e-07 0 -7.62939453125e-06 0.11113380762428 0.356151590942766 0.532714601432955 0.9 1 10 0.1 0.8 0.1 67 1 -154.838990189366 -13.7042922459499 -57.0650259174136 -55.6494389737227 869749.002617784 869749.002617784 869749.002617784
"FRT_censord" 80 0.99999839186045 3.90380627004062 0.044579976930122 0.00959903929519106 1.63296143674539e-10 0.636468161882176 -3.52478416232316e-07 0 0 0.111133831957794 0.356151555422729 0.532714612619477 0.9 1 10 0.1 0.8 0.1 64 1 -154.838990616747 -13.7042943900183 -57.0650203336291 -55.6494421257608 977009.957299226 977009.957299226 977009.957299226
"FRT_censord" 81 0.999998568407389 3.90380583107375 0.044579958313376 0.00959903847315258 1.63296557542047e-10 0.636468201146677 -3.13781569616367e-07 1.4210854715202e-14 0 0.11113385352815 0.356151523939745 0.532714622532104 0.9 1 10 0.1 0.8 0.1 60 1 -154.838990994363 -13.7042962855994 -57.0650153848347 -55.6494449226845 1097498.76549306 1097498.76549306 1097498.76549306
"FRT_censord" 82 0.999998725588062 3.90380543963093 0.0445799417209153 0.00959903774051418 1.6329692660857e-10 0.63646823607958 -2.79333036701246e-07 0 0 0.111133872804677 0.356151495802152 0.532714631393171 0.9 1 10 0.1 0.8 0.1 57 1 -154.838991332748 -13.7042979835006 -57.0650109616317 -55.6494474199079 1232846.73944207 1232846.73944207 1232846.73944207
"FRT_censord" 83 0.999998865483382 3.9038050920363 0.044579926976413 0.00959903708945544 1.63297254327861e-10 0.636468267205403 -2.48666459867763e-07 -1.4210854715202e-14 -7.62939453125e-06 0.11113388986747 0.356151470898635 0.532714639233895 0.9 1 10 0.1 0.8 0.1 53 1 -154.83899163108 -13.704299481367 -57.0650070471582 -55.6494496334038 1384886.37139387 1384886.37139387 1384886.37139387
"FRT_censord" 84 0.999998990049037 3.90380478199655 0.0445799138319161 0.00959903650907406 1.63297546644501e-10 0.636468294895069 -2.21366569519432e-07 0 0 0.111133905123635 0.35615144862985 0.532714646246515 0.9 1 10 0.1 0.8 0.1 50 1 -154.838991898618 -13.7043008240528 -57.0650035465979 -55.649451610492 1555676.14393047 1555676.14393047 1555676.14393047
"FRT_censord" 85 0.999999100934877 3.90380450592473 0.0445799021289825 0.00959903599234984 1.63297806935949e-10 0.636468319542651 -1.97063798168529e-07 0 -7.62939453125e-06 0.111133918712454 0.356151428794101 0.532714652493445 0.9 1 10 0.1 0.8 0.1 47 1 -154.838992137023 -13.7043020204294 -57.0650004284625 -55.6494533713377 1747528.40000769 1747528.40000769 1747528.40000769
"FRT_censord" 86 0.99999919962466 3.90380426023751 0.0445798917146687 0.00959903553251951 1.63298038579509e-10 0.636468341486099 -1.75429114790404e-07 0 0 0.111133930801272 0.356151411147314 0.532714658051414 0.9 1 10 0.1 0.8 0.1 44 1 -154.838992349059 -13.7043030844457 -57.0649976544292 -55.6494549381583 1963040.65004027 1963040.65004027 1963040.65004027
"FRT_censord" 87 0.999999287492688 3.90380404162757 0.0445798824458408 0.00959903512329847 1.63298244692982e-10 0.636468361022422 -1.5616957682596e-07 0 0 0.111133941549689 0.356151395457271 0.532714662993039 0.9 1 10 0.1 0.8 0.1 41 1 -154.838992537372 -13.7043040296994 -57.0649951880436 -55.6494563317585 2205130.73990305 2205130.73990305 2205130.73990305
"FRT_censord" 88 0.999999365697431 3.9038038471846 0.0445798742005205 0.0095990347592871 1.63298428020066e-10 0.636468378415305 -1.39024443512881e-07 0 0 0.111133951099045 0.356151381517047 0.532714667383908 0.9 1 10 0.1 0.8 0.1 38 1 -154.838992704463 -13.7043048685902 -57.0649929967623 -55.6494575706356 2477076.35599171 2477076.35599171 2477076.35599171
"FRT_censord" 89 0.999999435348511 3.9038036733075 0.0445798668363255 0.00959903443419642 1.63298591962752e-10 0.636468393871578 -1.23761580539394e-07 0 0 0.111133959687165 0.356151368977835 0.532714671335 0.9 1 10 0.1 0.8 0.1 36 1 -154.838992855791 -13.7043056275386 -57.0649910254137 -55.649458682032 2782559.40220712 2782559.40220712 2782559.40220712
"FRT_censord" 90 0.99999949734385 3.90380351921186 0.0445798603006307 0.00959903414578002 1.63298737249372e-10 0.636468407637743 -1.10174369183369e-07 0 0 0.111133967252268 0.356151357932539 0.532714674815193 0.9 1 10 0.1 0.8 0.1 33 1 -154.838992988051 -13.7043062918941 -57.0649892891856 -55.6494596638875 3125715.84968824 3125715.84968824 3125715.84968824
"FRT_censord" 91 0.999999552536004 3.90380338153004 0.0445798544678475 0.00959903388837834 1.63298867064308e-10 0.636468419870985 -9.80788001925248e-08 0 7.62939453125e-06 0.111133974044797 0.356151348013895 0.532714677941308 0.9 1 10 0.1 0.8 0.1 31 1 -154.838993107558 -13.7043068915166 -57.0649877298524 -55.6494605435435 3511191.73421514 3511191.73421514 3511191.73421514
"FRT_censord" 92 0.999999601651152 3.90380325976757 0.0445798492982722 0.00959903366046559 1.63298981864029e-10 0.636468430737121 -8.73111645205427e-08 0 -7.62939453125e-06 0.111133979999237 0.356151339318019 0.532714680682744 0.9 1 10 0.1 0.8 0.1 28 1 -154.838993211111 -13.7043074124269 -57.0649863630254 -55.649461318087 3944206.05943766 3944206.05943766 3944206.05943766
"FRT_censord" 93 0.999999645383369 3.90380315005265 0.0445798446589375 0.00959903345569956 1.6329908531468e-10 0.636468440407011 -7.77256445871899e-08 1.4210854715202e-14 0 0.111133985452959 0.356151331353056 0.532714683193985 0.9 1 10 0.1 0.8 0.1 27 1 -154.838993308006 -13.7043078976914 -57.0649851105851 -55.6494620219463 4430621.45758389 4430621.45758389 4430621.45758389
"FRT_censord" 94 0.999999684306452 3.9038030526682 0.0445798405360601 0.00959903327399383 1.63299177137214e-10 0.636468448958473 -6.91924739726346e-08 0 0 0.111133990274719 0.356151324308181 0.5327146854171 0.9 1 10 0.1 0.8 0.1 25 1 -154.838993393207 -13.7043083251487 -57.0649840028833 -55.6494626457782 4977023.56433211 4977023.56433211 4977023.56433211
"FRT_censord" 95 0.999999718971717 3.903802966198 0.0445798368692449 0.00959903311256978 1.63299258667415e-10 0.636468456524865 -6.15960971117602e-08 0 0 0.11113399454267 0.35615131807223 0.5327146873851 0.9 1 10 0.1 0.8 0.1 23 1 -154.838993468232 -13.7043087022183 -57.0649830224609 -55.6494631988115 5590810.18251223 5590810.18251223 5590810.18251223
"FRT_censord" 96 0.999999749826407 3.90380288853117 0.0445798335871873 0.00959903296783809 1.63299331902036e-10 0.636468463293573 -5.48336913652747e-08 0 0 0.111133998421881 0.356151312405098 0.532714689173022 0.9 1 10 0.1 0.8 0.1 22 1 -154.838993537528 -13.7043090491241 -57.0649821312191 -55.6494636985061 6280291.44183426 6280291.44183426 6280291.44183426
"FRT_censord" 97 0.999999777297977 3.90380281994773 0.0445798306755407 0.00959903284001 1.63299396568363e-10 0.636468469166639 -4.88137104071029e-08 1.4210854715202e-14 7.62939453125e-06 0.111134001815451 0.35615130744436 0.532714690740189 0.9 1 10 0.1 0.8 0.1 20 1 -154.838993597262 -13.704309349769 -57.0649813512238 -55.649464137953 7054802.31071865 7054802.31071865 7054802.31071865
"FRT_censord" 98 0.999999801752914 3.90380275839244 0.0445798280721368 0.00959903272536197 1.63299454611197e-10 0.636468474474048 -4.3454633669171e-08 0 0 0.111134004892882 0.356151302947922 0.532714692159195 0.9 1 10 0.1 0.8 0.1 19 1 -154.83899365224 -13.7043096252268 -57.0649806440779 -55.6494645342386 7924828.98353918 7924828.98353918 7924828.98353918
"FRT_censord" 99 0.99999982348216 3.9038027033768 0.0445798257502666 0.00959903262313578 1.6329950648949e-10 0.636468479165897 -3.86839076327306e-08 0 0 0.111134007660927 0.356151298901978 0.532714693437095 0.9 1 10 0.1 0.8 0.1 18 1 -154.838993702149 -13.7043098747738 -57.0649800076426 -55.6494648897601 8902150.8544504 8902150.8544504 8902150.8544504
"FRT_censord" 100 0.99999984287876 3.9038026542322 0.04457982367369 0.00959903253184359 1.6329955283264e-10 0.636468483303195 -3.44369013305368e-08 -1.4210854715202e-14 0 0.111134010143215 0.356151295273733 0.532714694583052 0.9 1 10 0.1 0.8 0.1 17 1 -154.83899374698 -13.7043100992329 -57.0649794368933 -55.6494652079954 1e+07 1e+07 1e+07
