"data_Name" "Iter" "beta1" "beta3" "lambda1" "lambda2" "lambda3" "diffBeta1" "diffBeta3" "diffLambda1" "diffLambda3" "pi1" "pi2" "pi3" "init_beta1" "init_beta2" "init_beta3" "init_pi1" "init_pi2" "init_pi3" "EM_endIter" "tempering" "Qlike" "Q1" "Q2" "Q3" "bpBase" "bp1" "bp3"
"FRT_censord" 1 0.911365563934625 3.99230243000147 0.0195958948264843 0.0103004588721355 9.87188266706172e-11 0.101850421005274 -0.0033419081906203 0 0 0.456149752357148 3.23251320553832e-07 0.543849924391531 0.9 1 10 0.25 0.5 0.25 6185 1 -148.270504568627 -70.9439010247652 -5.15782147150333e-05 -56.6475068329462 100 100 100
"FRT_censord" 2 0.911852003306777 3.991428939001 0.0195559741664067 0.0103026504647513 9.92125559002578e-11 0.0912282459378986 -0.00297588578422392 1.13686837721616e-13 -1.52587890625e-05 0.456095530190669 2.46410896304628e-07 0.543904223398435 0.9 1 10 0.25 0.5 0.25 122 1 -148.26800154854 -70.9344141171721 -3.93163288625132e-05 -56.6548225585939 112.332403297803 112.332403297803 112.332403297803
"FRT_censord" 3 0.912291254011239 3.9906590879188 0.0195200024105752 0.0103046546530294 9.96497156183601e-11 0.0816671883110018 -0.00264986036528114 0 0 0.456046855399519 1.87859615598394e-07 0.543952956740866 0.9 1 10 0.25 0.5 0.25 118 1 -148.265726128426 -70.9259054743018 -2.99733167414375e-05 -56.6613482599622 126.185688306602 126.185688306602 126.185688306602
"FRT_censord" 4 0.912687381225801 3.98998006254989 0.019487624266478 0.0103064827090472 1.00036869689457e-10 0.0730696409805702 -0.0023594813887442 0 0 0.456003189976139 1.42772951052859e-07 0.54399666725091 0.9 1 10 0.25 0.5 0.25 116 1 -148.263661378112 -70.9182786737589 -2.27791120269334e-05 -56.6671688252904 141.747416292681 141.747416292681 141.747416292681
"FRT_censord" 5 0.913044190848142 3.98938070963025 0.0194585102273223 0.0103081461579179 1.00379823726862e-10 0.0653455343704934 -0.00210086705289569 0 0 0.455964042906766 1.08284999616342e-07 0.544035848808234 0.9 1 10 0.25 0.5 0.25 114 1 -148.261791278346 -70.9114460392942 -1.72762582042774e-05 -56.6723599872792 159.228279334109 159.228279334109 159.228279334109
"FRT_censord" 6 0.913365230089646 3.98885131109337 0.0194323557365492 0.0103096565450766 1.00683708086238e-10 0.0584119877420051 -0.00187055480523668 0 -1.52587890625e-05 0.455928967704098 8.18334285497353e-08 0.544070950462473 0.9 1 10 0.25 0.5 0.25 113 1 -148.260100229711 -70.9053280873279 -1.30558040095921e-05 -56.6769893653739 178.864952905744 178.864952905744 178.864952905744
"FRT_censord" 7 0.913653791109771 3.98838339498086 0.0194088802100163 0.010311025254104 1.00953050768348e-10 0.0521929406772728 -0.00166545683939745 0 0 0.455897558405791 6.18251657479184e-08 0.544102379769043 0.9 1 10 0.25 0.5 0.25 111 1 -148.25857353743 -70.8998527600714 -9.86348794162293e-06 -56.6811173032806 200.923300256505 200.923300256505 200.923300256505
"FRT_censord" 8 0.913912917585413 3.98796956253305 0.019387825946039 0.0103122633521829 1.01191849578264e-10 0.0466187709583537 -0.0014828201440551 0 0 0.455869446770519 4.66093191549188e-08 0.544130506620161 0.9 1 10 0.25 0.5 0.25 110 1 -148.257197063545 -70.8949548503821 -7.43585863791432e-06 -56.6847977377227 225.701971963392 225.701971963392 225.701971963392
"FRT_censord" 9 0.914145413361522 3.98760335047285 0.0193689569155777 0.0103133814851404 1.01403630375829e-10 0.0416259028993053 -0.0013201906666751 0 0 0.45584429899485 3.50838634184409e-08 0.544155665921286 0.9 1 10 0.25 0.5 0.25 109 1 -148.255957605009 -70.8905753871668 -5.59705561911144e-06 -56.6880788144283 253.536449397011 253.536449397011 253.536449397011
"FRT_censord" 10 0.914353852912558 3.98727910370818 0.0193520575157901 0.0103143897925575 1.01591504382238e-10 0.0371564134136761 -0.00117538121210004 0 1.52587890625e-05 0.455821812861706 2.63812105872164e-08 0.544178160757083 0.9 1 10 0.25 0.5 0.25 108 1 -148.254842804857 -70.8866610862073 -4.20863648322187e-06 -56.6910035504565 284.80358684358 284.80358684358 284.80358684358
"FRT_censord" 11 0.914540592741495 3.9869918688864 0.0193369312992511 0.0103152978521758 1.01758217227653e-10 0.0331576456657885 -0.00104644270437859 0 0 0.455801715135961 1.98259746112505e-08 0.544198265038064 0.9 1 10 0.25 0.5 0.25 107 1 -148.253841167665 -70.8831638591076 -3.16283328341415e-06 -56.6936103737484 319.926713779738 319.926713779738 319.926713779738
"FRT_censord" 12 0.914707784256172 3.98673730327587 0.0193233996419181 0.0103161146497956 1.01906192057799e-10 0.0295818173643241 -0.000931638480139441 0 0 0.455783759094602 1.48971765773052e-08 0.544216226008222 0.9 1 10 0.25 0.5 0.25 106 1 -148.252942050588 -70.8800403531377 -2.37651904063974e-06 -56.6959336055249 359.381366380463 359.381366380463 359.381366380463
"FRT_censord" 13 0.914857386464022 3.9865115948735 0.0193113004791763 0.0103168485625856 1.02037568405261e-10 0.026385652434449 -0.000829421308722544 1.13686837721616e-13 0 0.455767722211493 1.11959206822736e-08 0.544232266592586 0.9 1 10 0.25 0.5 0.25 105 1 -148.252135644696 -70.8772515228295 -1.78604826098784e-06 -56.6980038983745 403.701725859656 403.701725859656 403.701725859656
"FRT_censord" 14 0.9149911791634 3.98631139411379 0.0193004870421238 0.0103175073589354 1.02154236062711e-10 0.0235300203616973 -0.000738412860698645 1.13686837721616e-13 0 0.45575340401179 8.41862061916279e-09 0.544246587569589 0.9 1 10 0.25 0.5 0.25 104 1 -148.251412943778 -70.8747622364606 -1.34298381348299e-06 -56.6998486236677 453.487850812858 453.487850812858 453.487850812858
"FRT_censord" 15 0.915110775985997 3.98613375566501 0.019290826637929 0.0103180982100118 1.02257864424848e-10 0.0209795931290202 -0.00065738537193738 0 0 0.455740624129628 6.35302551292701e-09 0.544259369517347 0.9 1 10 0.25 0.5 0.25 102 1 -148.250765716946 -70.872540922724 -1.01346155258135e-06 -56.7014922066587 509.413801481638 509.413801481638 509.413801481638
"FRT_censord" 16 0.915217637186932 3.98597608372848 0.0192821995004066 0.0103186277043396 1.02349930890168e-10 0.0187025202297377 -0.000585245276788271 1.13686837721616e-13 -1.52587890625e-05 0.455729220251401 4.79937434024746e-09 0.544270774949225 0.9 1 10 0.25 0.5 0.25 101 1 -148.250186429337 -70.870559196154 -7.65611554462061e-07 -56.7029564852973 572.236765935022 572.236765935022 572.236765935022
"FRT_censord" 17 0.915313081960431 3.98583609322618 0.019274497663448 0.0103191018790598 1.02431740696245e-10 0.0166701228592387 -0.0005210186007929 0 0 0.455719046749887 3.63034893040873e-09 0.544280949619765 0.9 1 10 0.25 0.5 0.25 100 1 -148.249668241503 -70.8687916142417 -5.7912151633203e-07 -56.7042609157931 642.807311728433 642.807311728433 642.807311728433
"FRT_censord" 18 0.915398300257729 3.98571176785067 0.0192676239359 0.0103195262446598 1.02504449314962e-10 0.0148566079089463 -0.000463837931654609 1.13686837721616e-13 0 0.455709972872148 2.75014847116483e-09 0.544290024377703 0.9 1 10 0.25 0.5 0.25 99 1 -148.249204943383 -70.8672153506158 -4.3870766288863e-07 -56.7054228699449 722.080901838547 722.080901838547 722.080901838547
"FRT_censord" 19 0.915474363967361 3.98560132769812 0.019261490924247 0.0103199058175848 1.02569079686765e-10 0.0132388018980549 -0.000412930798070477 0 1.52587890625e-05 0.455701881368009 2.08680786366204e-09 0.544298116545183 0.9 1 10 0.25 0.5 0.25 98 1 -148.248790909 -70.8658099505284 -3.32889069002697e-07 -56.7064578459701 811.130830789687 811.130830789687 811.130830789687
"FRT_censord" 20 0.915542237431278 3.98550320034973 0.0192560201269608 0.0103202451531131 1.02626537825754e-10 0.0117959046446572 -0.000367609307843964 1.13686837721616e-13 0 0.45569466717151 1.58632877479626e-09 0.544305331242161 0.9 1 10 0.25 0.5 0.25 97 1 -148.248421051092 -70.8645570962416 -2.53051245276526e-07 -56.70737966812 911.16275611549 911.16275611549 911.16275611549
"FRT_censord" 21 0.915602787276806 3.98541599571835 0.0192511410953404 0.0103205483786559 1.02677626515992e-10 0.0105092620141107 -0.00032726091045987 -1.13686837721616e-13 -1.52587890625e-05 0.45568823619696 1.20822145453713e-09 0.544311762594819 0.9 1 10 0.25 0.5 0.25 96 1 -148.248090777173 -70.8634403934733 -1.92734836794462e-07 -56.7082006652837 1023.53102189903 1023.53102189903 1023.53102189903
"FRT_censord" 22 0.915656791514906 3.98533848495263 0.0192467906587958 0.0103208192275177 1.02723056851149e-10 0.00936215777691984 -0.000291340163450116 0 -1.52587890625e-05 0.455682504306772 9.24788158475216e-10 0.544317494768439 0.9 1 10 0.25 0.5 0.25 94 1 -148.247795950244 -70.8624451893017 -1.47521225207062e-07 -56.7089318192355 1149.75699539774 1149.75699539774 1149.75699539774
"FRT_censord" 23 0.915704947928167 3.98526957756626 0.0192429122357288 0.0103210610662253 1.02763461048992e-10 0.00833962384749043 -0.000259361395066549 0 0 0.455677396049445 7.0938289014986e-10 0.544322603241172 0.9 1 10 0.25 0.5 0.25 93 1 -148.247532840402 -70.8615583470733 -1.13159674043752e-07 -56.7095829565709 1291.54966501488 1291.54966501488 1291.54966501488
"FRT_censord" 24 0.915747882079439 3.98520831068677 0.0192394551378794 0.0103212769334282 1.02799398189103e-10 0.00742826088153237 -0.000230892165056673 -1.13686837721616e-13 0 0.45567284416068 5.45383019536298e-10 0.544327155293937 0.9 1 10 0.25 0.5 0.25 92 1 -148.24729809759 -70.8607681624423 -8.69984382465118e-08 -56.7101628009804 1450.82877849594 1450.82877849594 1450.82877849594
"FRT_censord" 25 0.91578615403415 3.98515382990551 0.0192363740283742 0.0103214695618864 1.028313651026e-10 0.00661608746775499 -0.000205547439705356 1.13686837721616e-13 0 0.455668788465533 4.2028126733742e-10 0.544331211114186 0.9 1 10 0.25 0.5 0.25 91 1 -148.247088713392 -70.8600641673472 -6.70422940661407e-08 -56.710679141143 1629.75083462065 1629.75083462065 1629.75083462065
"FRT_censord" 26 0.915820265109283 3.98510537788948 0.0192336283572261 0.0103216414086759 1.02859802731643e-10 0.00589239131925012 -0.000182984401604358 0 -1.52587890625e-05 0.45566517521245 3.24658607389098e-10 0.544334824462892 0.9 1 10 0.25 0.5 0.25 90 1 -148.246901987995 -70.8594370140978 -5.17886814503324e-08 -56.7111389177752 1830.73828029537 1830.73828029537 1830.73828029537
"FRT_censord" 27 0.915850663729792 3.9850622838809 0.0192311818735653 0.0103217946813344 1.02885102039972e-10 0.00524759998572222 -0.000162897826349706 0 0 0.45566195647194 2.5214556762695e-10 0.544338043275914 0.9 1 10 0.25 0.5 0.25 88 1 -148.246735502285 -70.8588783704979 -4.02215189829054e-08 -56.7115483036947 2056.51230834865 2056.51230834865 2056.51230834865
"FRT_censord" 28 0.915877750815359 3.98502395015347 0.0192290021989225 0.0103219313573602 1.02907611816572e-10 0.00467316304492726 -0.000145015964655215 -1.13686837721616e-13 1.52587890625e-05 0.455659089261236 1.96325854267381e-10 0.544340910542438 0.9 1 10 0.25 0.5 0.25 87 1 -148.246587085332 -70.8583807640208 -3.13172709751868e-08 -56.7119128341705 2310.12970008316 2310.12970008316 2310.12970008316
"FRT_censord" 29 0.915901884618893 3.98498984872757 0.0192270604046662 0.0103220532122226 1.02927640389847e-10 0.00416144590652578 -0.000129096874182721 0 0 0.455656535414724 1.53259162731055e-10 0.544343464432016 0.9 1 10 0.25 0.5 0.25 86 1 -148.246454796927 -70.8579375630472 -2.44473745062447e-08 -56.7122374068258 2595.02421139974 2595.02421139974 2595.02421139974
"FRT_censord" 30 0.915923385151854 3.98495951004252 0.0192253306664957 0.0103221618352564 1.02945462204501e-10 0.00370563385222056 -0.000114925152928436 -1.13686837721616e-13 0 0.455654260820004 1.19954561115503e-10 0.544345739060041 0.9 1 10 0.25 0.5 0.25 85 1 -148.246336900337 -70.8575428407258 -1.91347139890451e-08 -56.7125263957656 2915.05306282518 2915.05306282518 2915.05306282518
"FRT_censord" 31 0.915942538157954 3.9849325170994 0.0192237899354279 0.0103222586490566 1.02961321158095e-10 0.00329964575404063 -0.000102309029990977 -1.13686837721616e-13 0 0.455652235050219 9.4137968886761e-11 0.544347764855643 0.9 1 10 0.25 0.5 0.25 84 1 -148.246231842566 -70.8571913114513 -1.5016527887168e-08 -56.7127836974577 3274.54916287773 3274.54916287773 3274.54916287773
"FRT_censord" 32 0.915959598698672 3.9849084994837 0.0192224176453255 0.010322344926206 1.02975434038961e-10 0.00293805651126888 -9.10777747051839e-05 0 0 0.455650430971566 7.40772856243145e-11 0.544349568954357 0.9 1 10 0.25 0.5 0.25 83 1 -148.246138235582 -70.8568782623874 -1.18165123436136e-08 -56.71301278265 3678.37977182863 3678.37977182863 3678.37977182863
"FRT_censord" 33 0.915974794377229 3.98488712897367 0.0192211954462374 0.0103224218054503 1.02987993037771e-10 0.00261602739927014 -8.10793894601147e-05 0 0 0.455648824458859 5.86219811258688e-11 0.544351175482519 0.9 1 10 0.25 0.5 0.25 81 1 -148.24605484036 -70.8565995045424 -9.35113534010551e-09 -56.7132167307855 4132.01240011534 4132.01240011534 4132.01240011534
"FRT_censord" 34 0.915988328255488 3.98486811130742 0.0192201069837736 0.0103224903016069 1.02999170582462e-10 0.00232924358356712 -7.21785554631538e-05 0 0 0.455647393809335 4.65192795402821e-11 0.544352606144146 0.9 1 10 0.25 0.5 0.25 80 1 -148.2459805475 -70.8563512679053 -7.42055646285977e-09 -56.7133983191735 4641.58883361278 4641.58883361278 4641.58883361278
"FRT_censord" 35 0.916000381437667 3.98485118743094 0.0192191376643428 0.0103225513239183 1.03009118504355e-10 0.00207385810767846 -6.42548032132595e-05 0 -1.52587890625e-05 0.455646119869052 3.701794569336e-11 0.54435388009393 0.9 1 10 0.25 0.5 0.25 79 1 -148.245914369313 -70.8561302275858 -5.90494000644455e-09 -56.7135599877361 5214.00828799969 5214.00828799969 5214.00828799969
"FRT_censord" 36 0.916011115423696 3.98483612624669 0.0192182744809697 0.0103226056833919 1.03017972314371e-10 0.00184644172437487 -5.72008837593785e-05 0 1.52587890625e-05 0.455644985506714 2.9539770520282e-11 0.544355014463746 0.9 1 10 0.25 0.5 0.25 78 1 -148.245855423504 -70.8559334094309 -4.71205129320514e-09 -56.7137039201464 5857.02081805666 5857.02081805666 5857.02081805666
"FRT_censord" 37 0.916020674201597 3.98482272228217 0.0192175058395567 0.010322654103959 1.0302585254016e-10 0.00164393798951323 -5.09213182766644e-05 0 0 0.45564397545671 2.36387761318089e-11 0.544356024519651 0.9 1 10 0.25 0.5 0.25 77 1 -148.245802922877 -70.855758163412 -3.7707490254034e-09 -56.7138320610078 6579.33224657568 6579.33224657568 6579.33224657568
"FRT_censord" 38 0.91602918612134 3.9848107937118 0.0192168214030631 0.0103226972325386 1.0303286586041e-10 0.00146362309056514 -4.53311068326911e-05 -1.13686837721616e-13 1.52587890625e-05 0.455643076184907 1.90259625699071e-11 0.544356923796067 0.9 1 10 0.25 0.5 0.25 75 1 -148.245756166196 -70.8556021409721 -3.0349326160546e-09 -56.7139461300589 7390.72203352578 7390.72203352578 7390.72203352578
"FRT_censord" 39 0.916036765590548 3.98480017625173 0.0192162119708799 0.010322735643616 1.03039108722828e-10 0.0013030699305574 -4.03545786795689e-05 0 -1.52587890625e-05 0.455642275437163 1.53569320940039e-11 0.54435772454748 0.9 1 10 0.25 0.5 0.25 74 1 -148.24571452538 -70.855463213706 -2.44966489571559e-09 -56.7140476932736 8302.17568131974 8302.17568131974 8302.17568131974
"FRT_censord" 40 0.916043514555383 3.98479072627816 0.0192156693341935 0.0103227698521616 1.03044665435219e-10 0.00116011603092403 -3.59243684258104e-05 0 1.52587890625e-05 0.455641562487191 1.24309294051233e-11 0.544358437500378 0.9 1 10 0.25 0.5 0.25 73 1 -148.24567744301 -70.855339520697 -1.98292202518268e-09 -56.7141381115351 9326.0334688322 9326.0334688322 9326.0334688322
"FRT_censord" 41 0.916049523859972 3.98478231523293 0.0192151861828542 0.010322800316559 1.0304961148899e-10 0.00103283486023997 -3.19805048221156e-05 -1.13686837721616e-13 0 0.455640927719152 1.00913336968424e-11 0.544359072270757 0.9 1 10 0.25 0.5 0.25 72 1 -148.245644421343 -70.8552293931127 -1.6097203907426e-09 -56.714218607362 10476.1575278967 10476.1575278967 10476.1575278967
"FRT_censord" 42 0.916054874440137 3.9847748296537 0.0192147560006209 0.0103228274463467 1.03054013512765e-10 0.000919510232328946 -2.84695992078809e-05 0 1.52587890625e-05 0.455640362636815 8.23984659606569e-12 0.544359637354945 0.9 1 10 0.25 0.5 0.25 70 1 -148.245615017659 -70.8551313572331 -1.31437976044626e-09 -56.7142902571629 11768.11952435 11768.11952435 11768.11952435
"FRT_censord" 43 0.916059638411876 3.9847681659725 0.0192143729941542 0.0103228516040769 1.03057932369099e-10 0.000818613453020589 -2.53441232587193e-05 0 0 0.455639859473026 6.74750671751763e-12 0.544360140520226 0.9 1 10 0.25 0.5 0.25 69 1 -148.245588834682 -70.8550440637016 -1.07632873871821e-09 -56.7143540545712 13219.4114846603 13219.4114846603 13219.4114846603
"FRT_censord" 44 0.916063880006526 3.98476223458218 0.0192140319922182 0.0103228731153346 1.03061420693282e-10 0.000728782926195493 -2.25617656752775e-05 0 0 0.455639411503789 5.54146012085632e-12 0.544360588490669 0.9 1 10 0.25 0.5 0.25 68 1 -148.245565521012 -70.8549663464616 -8.83945951294731e-10 -56.7144108501814 14849.6826225447 14849.6826225447 14849.6826225447
"FRT_censord" 45 0.916067656441605 3.9847569549367 0.0192137283924367 0.0103228922694805 1.03064525815027e-10 0.000648805959933441 -2.00848596563219e-05 0 -1.52587890625e-05 0.455639012678764 4.56419790086339e-12 0.544360987316672 0.9 1 10 0.25 0.5 0.25 67 1 -148.245544762714 -70.8548971556429 -7.28057811656359e-10 -56.7144614122634 16681.0053720006 16681.0053720006 16681.0053720006
"FRT_censord" 46 0.916071018680266 3.98475225536352 0.0192134580958261 0.0103229093243515 1.03067289855151e-10 0.000577602538719191 -1.78798731980123e-05 0 0 0.455638657609885 3.77021787371674e-12 0.544361342386345 0.9 1 10 0.25 0.5 0.25 66 1 -148.245526280099 -70.8548355563219 -6.01406002339453e-10 -56.7145064248402 18738.1742286039 18738.1742286039 18738.1742286039
"FRT_censord" 47 0.916074012108481 3.98474807298414 0.0192132174480438 0.0103229245104372 1.03069749759278e-10 0.000514210852429642 -1.59169551423588e-05 0 0 0.455638341567705 3.13263157949712e-12 0.544361658429163 0.9 1 10 0.25 0.5 0.25 64 1 -148.245509824928 -70.8547807286126 -4.99701384701964e-10 -56.7145464848216 21049.0414451202 21049.0414451202 21049.0414451202
"FRT_censord" 48 0.916076677157757 3.98474434922517 0.0192130032060109 0.010322938030837 1.03071939979708e-10 0.000457774394774901 -1.41695312336765e-05 1.13686837721616e-13 -1.52587890625e-05 0.45563806014143 2.61046576785681e-12 0.544361939855959 0.9 1 10 0.25 0.5 0.25 63 1 -148.245495173394 -70.8547319057206 -4.16408094739105e-10 -56.7145821587689 23644.8941264541 23644.8941264541 23644.8941264541
"FRT_censord" 49 0.916079049823704 3.98474103449046 0.0192128124708679 0.010322950068655 1.03073889660754e-10 0.00040753046196329 -1.26139444489581e-05 0 0 0.455637809596333 2.18169519082082e-12 0.544362190401485 0.9 1 10 0.25 0.5 0.25 62 1 -148.245482128739 -70.8546884403971 -3.4801276378973e-10 -56.7146139171222 26560.8778294668 26560.8778294668 26560.8778294668
"FRT_censord" 50 0.916081162164368 3.98473808382971 0.0192126426647514 0.0103229607862884 1.03075625228908e-10 0.000362799902156041 -1.12291347207361e-05 0 -1.52587890625e-05 0.455637586545145 1.82868511227649e-12 0.544362413453027 0.9 1 10 0.25 0.5 0.25 61 1 -148.245470514889 -70.8546497449457 -2.91702379399654e-10 -56.7146421895976 29836.4724028334 29836.4724028334 29836.4724028334
"FRT_censord" 51 0.916083042726863 3.98473545723554 0.0192124914922261 0.0103229703283799 1.03077170206361e-10 0.000322977980360406 -9.99635390286358e-06 0 -1.52587890625e-05 0.455637387971733 1.53728288011818e-12 0.54436261202673 0.9 1 10 0.25 0.5 0.25 60 1 -148.245460175032 -70.8546152960701 -2.45219376291615e-10 -56.7146673587865 33516.0265093885 33516.0265093885 33516.0265093885
"FRT_censord" 52 0.916084716927214 3.98473311999901 0.0192123569055305 0.0103229788243986 1.03078544990368e-10 0.00028752623814654 -8.89891198596615e-06 0 1.52587890625e-05 0.455637211259049 1.29992279434582e-12 0.544362788739651 0.9 1 10 0.25 0.5 0.25 58 1 -148.245450970431 -70.8545846404555 -2.07356907782365e-10 -56.7146897532426 37649.3580679247 37649.3580679247 37649.3580679247
"FRT_censord" 53 0.916086207407605 3.984731038618 0.0192122370925664 0.0103229863877541 1.03079769302762e-10 0.000255965241485967 -7.92195121590566e-06 0 -1.52587890625e-05 0.455637053878197 1.10243617581506e-12 0.5443629461207 0.9 1 10 0.25 0.5 0.25 57 1 -148.245442774872 -70.8545573378727 -1.75854855936238e-10 -56.7147097004898 42292.428743895 42292.428743895 42292.428743895
"FRT_censord" 54 0.916087534318009 3.9847291857931 0.0192121304290486 0.0103229931212886 1.03080859185747e-10 0.000227868119161201 -7.05224483255051e-06 0 0 0.455636913769551 9.37696509010935e-13 0.544363086229511 0.9 1 10 0.25 0.5 0.25 56 1 -148.245435478534 -70.8545330317352 -1.4957643337341e-10 -56.7147274582933 47508.101621028 47508.101621028 47508.101621028
"FRT_censord" 55 0.916088715603028 3.98472753642117 0.0192120354722414 0.0103229991159924 1.03081829401681e-10 0.000202854807191954 -6.27801818353646e-06 -1.13686837721616e-13 0 0.45563678903806 7.99916780668327e-13 0.544363210961141 0.9 1 10 0.25 0.5 0.25 55 1 -148.245428982807 -70.8545113932726 -1.27598523940801e-10 -56.7147432669309 53366.9923120631 53366.9923120631 53366.9923120631
"FRT_censord" 56 0.916089767239905 3.98472606815466 0.0192119509376293 0.0103230044528863 1.03082693092989e-10 0.000180586921878501 -5.58878922873873e-06 -1.13686837721616e-13 1.52587890625e-05 0.455636677996281 6.84386779933898e-13 0.544363322003035 0.9 1 10 0.25 0.5 0.25 54 1 -148.245423199877 -70.8544921297324 -1.09169777970436e-10 -56.7147573403546 59948.4250318941 59948.4250318941 59948.4250318941
"FRT_censord" 57 0.916090703450133 3.98472476199915 0.0192118756777135 0.0103230092046115 1.03083461419658e-10 0.000160763193200353 -4.9752266448877e-06 1.13686837721616e-13 0 0.455636579210221 5.88994855121836e-13 0.54436342078919 0.9 1 10 0.25 0.5 0.25 52 1 -148.245418052475 -70.8544749930687 -9.39533547178142e-11 -56.714769856994 67341.5065775083 67341.5065775083 67341.5065775083
"FRT_censord" 58 0.91609153690664 3.98472359844433 0.0192118086820478 0.0103230134343872 1.03084145878159e-10 0.000143115397769122 -4.42902351949215e-06 0 0 0.455636491204925 5.08389746848994e-13 0.544363508794567 0.9 1 10 0.25 0.5 0.25 51 1 -148.245413469139 -70.8544597259208 -8.1095648603301e-11 -56.7147810106278 75646.3327554629 75646.3327554629 75646.3327554629
"FRT_censord" 59 0.916092278881739 3.98472256263054 0.0192117490402479 0.0103230171999286 1.0308475519727e-10 0.000127404736645076 -3.94278490034594e-06 0 0 0.455636412858241 4.40106596129889e-13 0.544363587141319 0.9 1 10 0.25 0.5 0.25 50 1 -148.245409388804 -70.8544461343491 -7.02034777035729e-11 -56.7147909401199 84975.3435908645 84975.3435908645 84975.3435908645
"FRT_censord" 60 0.916092939414644 3.98472164053544 0.0192116959452214 0.010323020552173 1.03085297624322e-10 0.00011341860963654 -3.50992767295111e-06 0 0 0.455636343110564 3.8211593845497e-13 0.544363656889054 0.9 1 10 0.25 0.5 0.25 49 1 -148.245405756286 -70.8544340345343 -6.09531120961376e-11 -56.7147997797647 95454.8456661836 95454.8456661836 95454.8456661836
"FRT_censord" 61 0.916093527443283 3.98472081967124 0.0192116486784502 0.0103230235364658 1.03085780504306e-10 0.000100967742731939 -3.12459140161536e-06 0 0 0.455636281018111 3.32743003162026e-13 0.544363718981556 0.9 1 10 0.25 0.5 0.25 48 1 -148.245402522448 -70.8544232627463 -5.3077400874267e-11 -56.7148076491944 107226.722201032 107226.722201032 107226.722201032
"FRT_censord" 62 0.916094050921174 3.98472008981987 0.0192116065963925 0.0103230261934909 1.03086209836518e-10 8.98836302170025e-05 -2.78155905419908e-06 0 1.52587890625e-05 0.455636225809068 2.91459330255513e-13 0.54436377419064 0.9 1 10 0.25 0.5 0.25 46 1 -148.24539964446 -70.8544136858237 -4.64920466281214e-11 -56.7148146428586 120450.354025878 120450.354025878 120450.354025878
"FRT_censord" 63 0.916094516940238 3.98471943928632 0.019211569137295 0.0103230285585468 1.03086592521618e-10 8.00162568737051e-05 -2.47618636706193e-06 0 0 0.455636176598327 2.56049575351519e-13 0.544363823401417 0.9 1 10 0.25 0.5 0.25 45 1 -148.245397081535 -70.8544051487434 -4.08436691617495e-11 -56.7148208797215 135304.777457981 135304.777457981 135304.777457981
"FRT_censord" 64 0.916094931803629 3.98471886015269 0.0192115357903327 0.0103230306639585 1.03086933206225e-10 7.12320699349789e-05 -2.20433886255478e-06 -1.13686837721616e-13 0 0.45563613278779 2.25604333634732e-13 0.544363867211984 0.9 1 10 0.25 0.5 0.25 44 1 -148.245394799904 -70.8543975484756 -3.59872048971901e-11 -56.714826432237 151991.108295293 151991.108295293 151991.108295293
"FRT_censord" 65 0.91609530112616 3.98471834458984 0.0192115061040951 0.0103230325382321 1.03087236495407e-10 6.34121730413995e-05 -1.96233602878237e-06 1.13686837721616e-13 -1.52587890625e-05 0.455636093785518 1.99364709091802e-13 0.544363906214283 0.9 1 10 0.25 0.5 0.25 43 1 -148.245392768708 -70.8543907823398 -3.18015986602075e-11 -56.7148313753857 170735.264747069 170735.264747069 170735.264747069
"FRT_censord" 66 0.916095629906529 3.98471788561819 0.0192114796767561 0.0103230342067345 1.03087506494695e-10 5.6450718609824e-05 -1.74690139687073e-06 -1.13686837721616e-13 1.52587890625e-05 0.455636059063755 1.76696017249742e-13 0.544363940936068 0.9 1 10 0.25 0.5 0.25 42 1 -148.245390960461 -70.8543847587815 -2.81856088708365e-11 -56.7148357760545 191791.026167249 191791.026167249 191791.026167249
"FRT_censord" 67 0.916095922591018 3.98471747792712 0.0192114561467099 0.0103230356921305 1.03087746317071e-10 5.02534758837214e-05 -1.55511816757326e-06 0 -1.52587890625e-05 0.455636028221421 1.57529395243272e-13 0.544363971778421 0.9 1 10 0.25 0.5 0.25 40 1 -148.245389351614 -70.8543794089601 -2.51282508236729e-11 -56.7148396816763 215443.469003189 215443.469003189 215443.469003189
"FRT_censord" 68 0.916096183149006 3.9847171141878 0.0192114352032214 0.0103230370143446 1.03087960295215e-10 4.47365565250379e-05 -1.38438979746525e-06 1.13686837721616e-13 0 0.455636000703292 1.40855681517151e-13 0.544363999296568 0.9 1 10 0.25 0.5 0.25 39 1 -148.24538791855 -70.8543746350839 -2.24685483846869e-11 -56.7148431693889 242012.826479438 242012.826479438 242012.826479438
"FRT_censord" 69 0.916096415103694 3.98471679035157 0.0192114165590191 0.0103230381913539 1.03088150800185e-10 3.98252797140231e-05 -1.23240479865672e-06 0 -1.52587890625e-05 0.455635976203656 1.26317976168805e-13 0.544364023796217 0.9 1 10 0.25 0.5 0.25 38 1 -148.245386642766 -70.8543703848352 -2.01495707436941e-11 -56.7148462746408 271858.824273294 271858.824273294 271858.824273294
"FRT_censord" 70 0.91609662159482 3.98471650205611 0.0192113999616221 0.0103230392391159 1.03088320397831e-10 3.54531616437725e-05 -1.0971054393849e-06 -1.13686837721616e-13 -1.52587890625e-05 0.455635954392592 1.13614580405635e-13 0.544364045607294 0.9 1 10 0.25 0.5 0.25 37 1 -148.245385507018 -70.854366600996 -1.8123192486876e-11 -56.7148490391664 305385.550883342 305385.550883342 305385.550883342
"FRT_censord" 71 0.916096805417579 3.98471624540035 0.0192113851863389 0.010323040171818 1.03088471382941e-10 3.15610160654956e-05 -9.76659869422747e-07 0 0 0.455635934975044 1.02489926469487e-13 0.544364065024854 0.9 1 10 0.25 0.5 0.25 36 1 -148.245384495935 -70.8543632323814 -1.63486467844473e-11 -56.7148515003559 343046.928631492 343046.928631492 343046.928631492
"FRT_censord" 72 0.916096969060366 3.98471601691117 0.0192113720331427 0.0103230410020897 1.03088605798569e-10 2.80961534571134e-05 -8.69437400297102e-07 0 0 0.455635917688314 9.27270767523955e-14 0.544364082311594 0.9 1 10 0.25 0.5 0.25 35 1 -148.245383595835 -70.8543602334191 -1.47913288878147e-11 -56.7148536915002 385352.859371053 385352.859371053 385352.859371053
"FRT_censord" 73 0.916097114734599 3.9847158143965 0.0192113603200961 0.0103230417409197 1.03088724923393e-10 2.50116678444101e-05 -7.73986329249965e-07 0 0 0.455635902367078 8.43896076647092e-14 0.544364097632838 0.9 1 10 0.25 0.5 0.25 33 1 -148.245382795454 -70.8543575761659 -1.34613801529517e-11 -56.7148556301613 432876.128108306 432876.128108306 432876.128108306
"FRT_censord" 74 0.916097244419909 3.98471563333646 0.0192113498962734 0.0103230423988174 1.03088831437496e-10 2.22658022437372e-05 -6.89014328258963e-07 0 -1.52587890625e-05 0.455635888668493 7.70282032757215e-14 0.54436411133143 0.9 1 10 0.25 0.5 0.25 32 1 -148.245382082143 -70.854355199699 -1.22871280873692e-11 -56.7148573664443 486260.158006536 486260.158006536 486260.158006536
"FRT_censord" 75 0.916097359868384 3.98471547211041 0.0192113406169869 0.0103230429844135 1.0308892628427e-10 1.98213832973693e-05 -6.13370971791483e-07 1.13686837721616e-13 0 0.455635876470406 7.05162186368074e-14 0.544364123529524 0.9 1 10 0.25 0.5 0.25 31 1 -148.245381447094 -70.8543530835066 -1.12483709563576e-11 -56.7148589127044 546227.721768435 546227.721768435 546227.721768435
"FRT_censord" 76 0.916097462642765 3.98471532857514 0.0192113323564427 0.0103230435056731 1.03089010724024e-10 1.76453184295156e-05 -5.46032111969907e-07 0 1.52587890625e-05 0.455635865610715 6.47450770517439e-14 0.54436413438922 0.9 1 10 0.25 0.5 0.25 30 1 -148.245380881751 -70.8543511994991 -1.03277891782235e-11 -56.7148602893409 613590.727341317 613590.727341317 613590.727341317
"FRT_censord" 77 0.916097554134386 3.98471520079116 0.0192113250027917 0.0103230439696603 1.03089085897656e-10 1.57081476572785e-05 -4.86086015882847e-07 0 0 0.455635855942705 5.96215157198019e-14 0.544364144057235 0.9 1 10 0.25 0.5 0.25 29 1 -148.245380378464 -70.8543495222264 -9.51050596362672e-12 -56.7148615149381 689261.21043497 689261.21043497 689261.21043497
"FRT_censord" 78 0.916097635581852 3.98471508703053 0.0192113184564693 0.0103230443826617 1.03089152821648e-10 1.39836450827602e-05 -4.32721115828372e-07 0 0 0.455635847335655 5.5065277012813e-14 0.54436415266429 0.9 1 10 0.25 0.5 0.25 28 1 -148.245379930424 -70.854348029012 -8.78371904008462e-12 -56.7148626060593 774263.682681128 774263.682681128 774263.682681128
"FRT_censord" 79 0.916097708087802 3.98471498575496 0.0192113126288406 0.0103230447502735 1.03089212400922e-10 1.24484637566979e-05 -3.85214839582204e-07 0 0 0.455635839673196 5.10071697218157e-14 0.544364160326753 0.9 1 10 0.25 0.5 0.25 27 1 -148.245379531567 -70.8543466996688 -8.13639139212648e-12 -56.7148635774495 869749.002617784 869749.002617784 869749.002617784
"FRT_censord" 80 0.916097772633829 3.9847148955952 0.0192113074410005 0.0103230450774776 1.03089265440945e-10 1.10818196716878e-05 -3.42924060703353e-07 -1.13686837721616e-13 0 0.455635832851745 4.73874380264484e-14 0.544364167148208 0.9 1 10 0.25 0.5 0.25 26 1 -148.245379176495 -70.8543455162281 -7.55899108779771e-12 -56.714864442233 977009.957299226 977009.957299226 977009.957299226
"FRT_censord" 81 0.91609783008977 3.98471481622827 0.0192113028188589 0.0103230453679066 1.0308931212096e-10 9.86521055779122e-06 -3.0527618122278e-07 0 0 0.455635826847456 4.42845853173177e-14 0.5443641731525 0.9 1 10 0.25 0.5 0.25 24 1 -148.245378861324 -70.8543444752879 -7.06404056678464e-12 -56.7148652000553 1097498.76549306 1097498.76549306 1097498.76549306
"FRT_censord" 82 0.916097879802686 3.98471477955153 0.0192112985895335 0.0103230455097171 1.0308933322038e-10 8.78216504673901e-06 -2.71761436465567e-07 0 0 0.455635824929753 4.37660822230519e-14 0.544364175070204 0.9 1 10 0.25 0.5 0.25 5 1 -148.245378666861 -70.8543441750563 -6.98133170561276e-12 -56.7148653160602 1232846.73944207 1232846.73944207 1232846.73944207
"FRT_censord" 83 0.916097926777682 3.98471468131341 0.0192112950470184 0.0103230458609695 1.03089391488364e-10 7.81802064864223e-06 -2.41926116473223e-07 0 0 0.455635816639527 4.0540647418663e-14 0.544364183360432 0.9 1 10 0.25 0.5 0.25 27 1 -148.24537832956 -70.8543427044475 -6.46682754799909e-12 -56.7148664936232 1384886.37139387 1384886.37139387 1384886.37139387
"FRT_censord" 84 0.916097966176953 3.98471465160159 0.0192112916981258 0.0103230459729147 1.03089408597147e-10 6.95972355657659e-06 -2.15366270595041e-07 0 0 0.455635815070697 4.00659778367265e-14 0.544364184929263 0.9 1 10 0.25 0.5 0.25 5 1 -148.245378174801 -70.854342457476 -6.39111077958811e-12 -56.7148665942095 1555676.14393047 1555676.14393047 1555676.14393047
"FRT_censord" 85 0.916098003402018 3.98471457415321 0.0192112888890066 0.0103230462490447 1.03089454531252e-10 6.19565394543997e-06 -1.91722286047025e-07 0 0 0.455635808531696 3.73324154845363e-14 0.544364191468267 0.9 1 10 0.25 0.5 0.25 25 1 -148.245377907915 -70.8543412977285 -5.95506749736321e-12 -56.7148675219772 1747528.40000769 1747528.40000769 1747528.40000769
"FRT_censord" 86 0.916098034627873 3.98471455004016 0.0192112862374957 0.0103230463384066 1.03089468430004e-10 5.51546688143389e-06 -1.70674056221287e-07 -1.13686837721616e-13 0 0.455635807245152 3.68953078817137e-14 0.544364192754811 0.9 1 10 0.25 0.5 0.25 5 1 -148.245377784686 -70.8543410940365 -5.88534241874644e-12 -56.7148676093089 1963040.65004027 1963040.65004027 1963040.65004027
"FRT_censord" 87 0.916098062640458 3.98471452647874 0.0192112838810816 0.0103230464344122 1.03089482070509e-10 4.90995363833235e-06 -1.5193659663737e-07 0 0 0.455635805806199 3.65708385383452e-14 0.544364194193765 0.9 1 10 0.25 0.5 0.25 4 1 -148.245377664636 -70.8543408594014 -5.83358479417785e-12 -56.7148677315743 2205130.73990305 2205130.73990305 2205130.73990305
"FRT_censord" 88 0.916098089584357 3.98471445367434 0.0192112819626451 0.0103230466869355 1.03089525409061e-10 4.37091637905951e-06 -1.35256250644034e-07 1.13686837721616e-13 -1.52587890625e-05 0.455635799416029 3.40757262949185e-14 0.544364200583937 0.9 1 10 0.25 0.5 0.25 25 1 -148.245377433714 -70.8543397161874 -5.43557780577868e-12 -56.7148686779784 2477076.35599171 2477076.35599171 2477076.35599171
"FRT_censord" 89 0.916098111321362 3.98471443617798 0.0192112801013132 0.0103230467397106 1.03089535491765e-10 3.89105679943214e-06 -1.20407129600153e-07 -1.13686837721616e-13 0 0.455635798662734 3.37760525659256e-14 0.544364201337232 0.9 1 10 0.25 0.5 0.25 4 1 -148.245377358013 -70.8543395997793 -5.38777544808446e-12 -56.7148687227063 2782559.40220712 2782559.40220712 2782559.40220712
"FRT_censord" 90 0.916098131290697 3.98471442017755 0.0192112784311223 0.0103230468120757 1.03089544751502e-10 3.4638783859009e-06 -1.07188228071209e-07 0 -1.52587890625e-05 0.455635797558734 3.34790139183619e-14 0.544364202441232 0.9 1 10 0.25 0.5 0.25 4 1 -148.245377265602 -70.8543394186938 -5.34039342469411e-12 -56.7148688172741 3125715.84968824 3125715.84968824 3125715.84968824
"FRT_censord" 91 0.916098150383766 3.98471436875054 0.0192112770759255 0.0103230469940926 1.03089575368949e-10 3.08359756928667e-06 -9.54205816583453e-08 0 0 0.455635792990784 3.14716127621816e-14 0.544364207009185 0.9 1 10 0.25 0.5 0.25 22 1 -148.245377099261 -70.8543386014861 -5.02018350924217e-12 -56.7148694925257 3511191.73421514 3511191.73421514 3511191.73421514
"FRT_censord" 92 0.916098165721917 3.98471435574664 0.0192112757656233 0.0103230470322063 1.03089582878638e-10 2.74506562902843e-06 -8.49447943096493e-08 0 -1.52587890625e-05 0.455635792408844 3.11948397250968e-14 0.544364207591124 0.9 1 10 0.25 0.5 0.25 4 1 -148.24537704517 -70.8543385100594 -4.97603414960123e-12 -56.7148695329681 3944206.05943766 3944206.05943766 3944206.05943766
"FRT_censord" 93 0.916098179812105 3.98471434396251 0.0192112745894659 0.0103230470837714 1.03089589709023e-10 2.44369927315802e-06 -7.56191411710461e-08 0 0 0.455635791592143 3.09205005035705e-14 0.544364208407826 0.9 1 10 0.25 0.5 0.25 4 1 -148.245376979466 -70.8543383753344 -4.93227301935496e-12 -56.7148696063491 4430621.45758389 4430621.45758389 4430621.45758389
"FRT_censord" 94 0.916098192128372 3.98471433243872 0.0192112735525821 0.010323047125344 1.03089596399253e-10 2.17541831659673e-06 -6.73172806386901e-08 0 0 0.455635790935881 3.07389492277648e-14 0.544364209064089 0.9 1 10 0.25 0.5 0.25 3 1 -148.245376929103 -70.854338267522 -4.90331292683335e-12 -56.7148696673016 4977023.56433211 4977023.56433211 4977023.56433211
"FRT_censord" 95 0.91609820332372 3.98471432192248 0.0192112726249642 0.0103230471713543 1.03089602520153e-10 1.93659050751194e-06 -5.9926840378921e-08 0 0 0.455635790183401 3.05584638229511e-14 0.544364209816569 0.9 1 10 0.25 0.5 0.25 3 1 -148.245376874878 -70.8543381414589 -4.87452285657057e-12 -56.7148697431556 5590810.18251223 5590810.18251223 5590810.18251223
"FRT_censord" 96 0.916098213394041 3.98471431160008 0.0192112718008794 0.010323047218521 1.03089608550427e-10 1.72398231512716e-06 -5.3347761763689e-08 0 0 0.455635789375358 3.03790380478605e-14 0.544364210624611 0.9 1 10 0.25 0.5 0.25 3 1 -148.24537682164 -70.8543380041668 -4.84590181297472e-12 -56.7148698315239 6280291.44183426 6280291.44183426 6280291.44183426
"FRT_censord" 97 0.916098223536532 3.98471426671104 0.0192112711956903 0.010323047365656 1.03089635396233e-10 1.53471526687099e-06 -4.74909569447846e-08 1.13686837721616e-13 1.52587890625e-05 0.455635785270365 2.86417140551247e-14 0.544364214729606 0.9 1 10 0.25 0.5 0.25 21 1 -148.245376696978 -70.854337262201 -4.56877316783221e-12 -56.7148704707404 7054802.31071865 7054802.31071865 7054802.31071865
"FRT_censord" 98 0.916098230771413 3.9847142590394 0.0192112705593664 0.010323047374418 1.03089639837885e-10 1.36622679747234e-06 -4.22771577746062e-08 0 0 0.455635785140663 2.85575044741846e-14 0.544364214859309 0.9 1 10 0.25 0.5 0.25 2 1 -148.245376684432 -70.8543372443441 -4.55534050394259e-12 -56.714870476744 7924828.98353918 7924828.98353918 7924828.98353918
"FRT_censord" 99 0.916098237828791 3.984714253912 0.0192112699688766 0.0103230473975972 1.03089642794086e-10 1.21623583027031e-06 -3.7635750516074e-08 0 -1.52587890625e-05 0.455635784770149 2.83898272658613e-14 0.544364215229822 0.9 1 10 0.25 0.5 0.25 3 1 -148.245376651061 -70.8543371843422 -4.52859353020296e-12 -56.7148705053525 8902150.8544504 8902150.8544504 8902150.8544504
"FRT_censord" 100 0.916098244158092 3.98471424860994 0.0192112694460088 0.0103230474228711 1.03089645872982e-10 1.08271158438811e-06 -3.35038947696376e-08 1.13686837721616e-13 0 0.455635784346233 2.8223134524408e-14 0.544364215653739 0.9 1 10 0.25 0.5 0.25 3 1 -148.245376618439 -70.8543371135513 -4.50200359344522e-12 -56.7148705457843 1e+07 1e+07 1e+07
