"data_Name" "Iter" "beta1" "beta3" "lambda1" "lambda2" "lambda3" "diffBeta1" "diffBeta3" "diffLambda1" "diffLambda3" "pi1" "pi2" "pi3" "init_beta1" "init_beta2" "init_beta3" "init_pi1" "init_pi2" "init_pi3" "EM_endIter" "tempering" "Qlike" "Q1" "Q2" "Q3" "bpBase" "bp1" "bp3"
"Aarest_data" 1 0.99530989675138 78.6353716295962 1.045946115895 0.0256914854622413 2.19067840964585e-152 2.12210210493069 -0.000128807266470687 -8.88178419700125e-16 1.86070713419675e+137 0.126630268208481 0.617847732461699 0.25552199932982 0.9 1 10 0.25 0.5 0.25 99 1 -216.921050577465 -6.06410085590385 -144.007815005938 -21.4577638869764 100 100 100
"Aarest_data" 2 0.995816869573626 78.6281883975775 1.04595319725713 0.0256913677142432 2.26179361499246e-152 2.11916786316317 -0.000114676782231982 -1.77635683940025e-15 -1.86070713419675e+137 0.126635921251536 0.617839120015463 0.255524958733001 0.9 1 10 0.25 0.5 0.25 19 1 -216.918904122226 -6.06248276117755 -144.005949201716 -21.4585226977241 112.332403297803 112.332403297803 112.332403297803
"Aarest_data" 3 0.996269795235236 78.6217937188459 1.04595936722661 0.0256912625061609 2.32704206969651e-152 2.1165478979743 -0.000102095411648406 8.88178419700125e-16 0 0.126640962894941 0.617831443728434 0.255527593376625 0.9 1 10 0.25 0.5 0.25 19 1 -216.916989156035 -6.06103901456971 -144.004286516216 -21.4591983362924 126.185688306602 126.185688306602 126.185688306602
"Aarest_data" 4 0.996674283014824 78.6161010351045 1.04596475261691 0.0256911685396444 2.3867097003041e-152 2.11420928988574 -9.08935416461532e-05 -8.88178419700125e-16 -9.30353567098377e+136 0.126645458392458 0.617824602723262 0.25552993888428 0.9 1 10 0.25 0.5 0.25 19 1 -216.915281105057 -6.05975114051873 -144.002804999003 -21.4597999056612 141.747416292681 141.747416292681 141.747416292681
"Aarest_data" 5 0.997035390837948 78.611033287188 1.04596946109982 0.0256910846433666 2.44111311138814e-152 2.11212241840425 -8.09200854021697e-05 -1.77635683940025e-15 9.30353567098377e+136 0.126649466205464 0.617818506818425 0.25553202697611 0.9 1 10 0.25 0.5 0.25 19 1 -216.913757925441 -6.05860255855451 -144.001485039676 -21.4603355155461 159.228279334109 159.228279334109 159.228279334109
"Aarest_data" 6 0.997357673203633 78.6065218738752 1.04597358426127 0.0256910097619167 2.490586633754e-152 2.11026066154278 -7.20404683249853e-05 2.66453525910038e-15 1.86070713419675e+137 0.126653038679626 0.617813075425762 0.255533885894612 0.9 1 10 0.25 0.5 0.25 19 1 -216.912399858656 -6.05757840201918 -144.000309124313 -21.4608123899075 178.864952905744 178.864952905744 178.864952905744
"Aarest_data" 7 0.997645226276057 78.6025057242424 1.0459772001562 0.0256909429454141 2.53547192127324e-152 2.1086001163936 -6.41348306658074e-05 1.77635683940025e-15 0 0.126656222660087 0.617808236555003 0.25553554078491 0.9 1 10 0.25 0.5 0.25 18 1 -216.911189207226 -6.0566653513335 -143.999261615965 -21.4612369631148 200.923300256505 200.923300256505 200.923300256505
"Aarest_data" 8 0.997901730013982 78.5989304695774 1.04598037561795 0.0256908833406904 2.57610982012995e-152 2.10711934076557 -5.70964242925243e-05 -2.66453525910038e-15 0 0.126659060030419 0.617803925933512 0.255537014036069 0.9 1 10 0.25 0.5 0.25 18 1 -216.91011012978 -6.05585147924025 -143.998328560121 -21.4616149663642 225.701971963392 225.701971963392 225.701971963392
"Aarest_data" 9 0.998130487133375 78.5957477102507 1.0459831678058 0.0256908301812166 2.61283412702102e-152 2.10579911580649 -5.08301830421942e-05 -2.66453525910038e-15 0 0.126661588242617 0.617800086177392 0.255538325579991 0.9 1 10 0.25 0.5 0.25 18 1 -216.909148454895 -6.05512611447251 -143.997497503641 -21.4619515035688 253.536449397011 253.536449397011 253.536449397011
"Aarest_data" 10 0.998334459315523 78.5929143590846 1.04598562586027 0.025690782779585 2.64596702841666e-152 2.10462222737327 -4.5251448085537e-05 -8.88178419700125e-16 1.86070713419675e+137 0.126663840757132 0.617796666080173 0.255539493162694 0.9 1 10 0.25 0.5 0.25 18 1 -216.908291511092 -6.05447971267457 -143.996757338024 -21.4622511202146 284.80358684358 284.80358684358 284.80358684358
"Aarest_data" 11 0.998516300153243 78.5903920585593 1.04598779209783 0.0256907405197759 2.67581586941196e-152 2.10357326803457 -4.02848312290871e-05 3.5527136788005e-15 0 0.126665847458164 0.61779361995841 0.255540532583427 0.9 1 10 0.25 0.5 0.25 18 1 -216.907527974162 -6.05390374255152 -143.996098156189 -21.4625178641959 319.926713779738 319.926713779738 319.926713779738
"Aarest_data" 12 0.998678385693457 78.5881466618374 1.04598970304758 0.0256907028500759 2.7026710215203e-152 2.10263845458982 -3.58632023420569e-05 -1.77635683940025e-15 -9.30353567098377e+136 0.126667635028187 0.617790907063752 0.255541457908061 0.9 1 10 0.25 0.5 0.25 18 1 -216.906847727446 -6.05339058118212 -143.995511123973 -21.4627553401317 359.381366380463 359.381366380463 359.381366380463
"Aarest_data" 13 0.998822842048037 78.58614777041 1.04599139031482 0.0256906692767318 2.726804629169e-152 2.10180546379384 -3.19267862494144e-05 -1.77635683940025e-15 9.30353567098377e+136 0.126669227282482 0.617788491058342 0.255542281659176 0.9 1 10 0.25 0.5 0.25 18 1 -216.906241736836 -6.0529334202518 -143.994988365486 -21.4629667578026 403.701725859656 403.701725859656 403.701725859656
"Aarest_data" 14 0.998951570660464 78.5843683232999 1.0459928812713 0.0256906393579257 2.74847002996097e-152 2.10106328260805 -2.84223586106691e-05 -2.66453525910038e-15 -1.86070713419675e+137 0.126670645475514 0.617786339539748 0.255543014984737 0.9 1 10 0.25 0.5 0.25 17 1 -216.905701937457 -6.05252618141373 -143.994522859644 -21.4631549751891 453.487850812858 453.487850812858 453.487850812858
"Aarest_data" 15 0.99906627115026 78.5827842288532 1.04599419980616 0.0256906126992252 2.76790172968886e-152 2.10040207341344 -2.53025290248843e-05 -8.88178419700125e-16 -2.79106070129513e+137 0.126671908555916 0.61778442363309 0.255543667810993 0.9 1 10 0.25 0.5 0.25 17 1 -216.90522113209 -6.05216343834415 -143.994108350572 -21.4633225374398 509.413801481638 509.413801481638 509.413801481638
"Aarest_data" 16 0.999168462138266 78.5813740414373 1.04599536661812 0.025690588947628 2.78531571081531e-152 2.09981305120039 -2.25251024659201e-05 8.88178419700125e-16 9.30353567098377e+136 0.126673033435656 0.617782717591034 0.25554424897331 0.9 1 10 0.25 0.5 0.25 17 1 -216.904792899133 -6.05184035016353 -143.993739261534 -21.4634717103545 572.236765935022 572.236765935022 572.236765935022
"Aarest_data" 17 0.999259499870831 78.5801186691952 1.04599639979807 0.0256905677880421 2.80091008135939e-152 2.09928837431904 -2.00525104716576e-05 -1.77635683940025e-15 0 0.126674035190438 0.617781198471616 0.255544766337946 0.9 1 10 0.25 0.5 0.25 17 1 -216.904411510924 -6.05155259825742 -143.993410624083 -21.4636045114627 642.807311728433 642.807311728433 642.807311728433
"Aarest_data" 18 0.999340595249648 78.579001116238 1.04599731515702 0.0256905489391137 2.81486588835501e-152 2.09882104467164 -1.78513044843953e-05 8.88178419700125e-16 9.30353567098377e+136 0.126674927261186 0.61777984583096 0.255545226907854 0.9 1 10 0.25 0.5 0.25 17 1 -216.904071859415 -6.05129633084422 -143.99311801145 -21.4637227370814 722.080901838547 722.080901838547 722.080901838547
"Aarest_data" 19 0.999412829014697 78.5780062524135 1.04599812653581 0.0256905321497212 2.82734806823976e-152 2.09840481892485 -1.58917043364681e-05 1.77635683940025e-15 0 0.12667572162883 0.617778641453788 0.255545636917381 0.9 1 10 0.25 0.5 0.25 17 1 -216.903769390226 -6.05106811336515 -143.992857479953 -21.4638279865296 811.130830789687 811.130830789687 811.130830789687
"Aarest_data" 20 0.999477165507655 78.5771206085765 1.04599884606982 0.0256905171957704 2.83850646791047e-152 2.0980341281735 -1.41471964454354e-05 -5.32907051820075e-15 -9.30353567098377e+136 0.126676428971845 0.617777569111538 0.255546001916617 0.9 1 10 0.25 0.5 0.25 17 1 -216.903500043142 -6.05086488370206 -143.992625516476 -21.463921683729 911.16275611549 911.16275611549 911.16275611549
"Aarest_data" 21 0.999534464859219 78.5763321942549 1.04599948441285 0.0256905038774013 2.848476899578e-152 2.09770400690216 -1.25941757005421e-05 1.77635683940025e-15 9.30353567098377e+136 0.126677058805168 0.61777661434835 0.255546326846482 0.9 1 10 0.25 0.5 0.25 17 1 -216.903260199619 -6.05068391264763 -143.992418991941 -21.4640050964114 1023.53102189903 1023.53102189903 1023.53102189903
"Aarest_data" 22 0.999585494335364 78.5756303356547 1.04600005090456 0.0256904920161389 2.85738219342155e-152 2.09741002693923 -1.12116266279827e-05 -1.77635683940025e-15 0 0.126677619612006 0.617775764282915 0.255546616105079 0.9 1 10 0.25 0.5 0.25 16 1 -216.903046634068 -6.05052276757422 -143.992235118556 -21.4640793531291 1149.75699539774 1149.75699539774 1149.75699539774
"Aarest_data" 23 0.9996309379515 78.5750055296325 1.04600055385007 0.0256904814533398 2.86533325310628e-152 2.09714824165974 -9.98083953618334e-06 0 -9.30353567098377e+136 0.126678118939562 0.617775007451226 0.255546873609212 0.9 1 10 0.25 0.5 0.25 16 1 -216.902856472747 -6.05037928008684 -143.992071415024 -21.4641454589652 1291.54966501488 1291.54966501488 1291.54966501488
"Aarest_data" 24 0.999671405562811 78.5744493174774 1.04600100048313 0.0256904720471041 2.87243002442299e-152 2.09691513304369 -8.88515763364239e-06 8.88178419700125e-16 9.30353567098377e+136 0.126678563521521 0.617774333634192 0.255547102844287 0.9 1 10 0.25 0.5 0.25 16 1 -216.90268715489 -6.05025151886251 -143.991925670083 -21.4642043083824 1450.82877849594 1450.82877849594 1450.82877849594
"Aarest_data" 25 0.999707440763617 78.5739541686999 1.04600139721282 0.0256904636710959 2.87876246854467e-152 2.09670756595973 -7.90975185083198e-06 -4.44089209850063e-15 0 0.126678959352978 0.617773733733408 0.255547306913614 0.9 1 10 0.25 0.5 0.25 16 1 -216.902536399112 -6.05013776288498 -143.991795914969 -21.4642566978192 1629.75083462065 1629.75083462065 1629.75083462065
"Aarest_data" 26 0.99973952802064 78.5735133795191 1.04600174969769 0.0256904562127203 2.88441145374359e-152 2.09652274678851 -7.04142042451394e-06 0 -9.30353567098377e+136 0.12667931177392 0.617773199646232 0.255547488579848 0.9 1 10 0.25 0.5 0.25 16 1 -216.902402173096 -6.05003647896476 -143.991680396485 -21.4643033363207 1830.73828029537 1830.73828029537 1830.73828029537
"Aarest_data" 27 0.99976809908493 78.5731209821446 1.04600206293817 0.0256904495716244 2.88944959374478e-152 2.09635818628509 -6.26841039519377e-06 0 0 0.126679625540891 0.617772724156739 0.255547650302369 0.9 1 10 0.25 0.5 0.25 16 1 -216.902282666381 -6.04994630124046 -143.991577553394 -21.4643448551201 2056.51230834865 2056.51230834865 2056.51230834865
"Aarest_data" 28 0.999793538638444 78.5727716639328 1.04600234135597 0.0256904436583998 2.89394202728506e-152 2.0962116668932 -5.58025862318345e-06 1.77635683940025e-15 1.86070713419675e+137 0.12667990488999 0.617772300839421 0.255547794270589 0.9 1 10 0.25 0.5 0.25 16 1 -216.902176266442 -6.04986601315103 -143.991485995531 -21.4643818161686 2310.12970008316 2310.12970008316 2310.12970008316
"Aarest_data" 29 0.999816189367067 78.572460695848 1.04600258883706 0.025690438393271 2.89794713229861e-152 2.09608121337359 -4.96765031954283e-06 -3.5527136788005e-15 -9.30353567098377e+136 0.126680153596287 0.61777192397062 0.255547922433093 0.9 1 10 0.25 0.5 0.25 15 1 -216.902081537258 -6.04979453156182 -143.991404484734 -21.4644147196579 2595.02421139974 2595.02421139974 2595.02421139974
"Aarest_data" 30 0.99983635663239 78.5721838668705 1.04600280890232 0.0256904337055441 2.9015172068916e-152 2.0959650658934 -4.42229303132535e-06 0 0 0.12668037501369 0.617771588460272 0.255548036526038 0.9 1 10 0.25 0.5 0.25 15 1 -216.901997199582 -6.04973089065818 -143.991331919602 -21.4644440112036 2915.05306282518 2915.05306282518 2915.05306282518
"Aarest_data" 31 0.999854312400343 78.5719374294565 1.04600300459155 0.0256904295318547 2.90469904236157e-152 2.09586165716684 -3.93680448951272e-06 1.77635683940025e-15 1.86070713419675e+137 0.126680572137167 0.617771289769334 0.2555481380935 0.9 1 10 0.25 0.5 0.25 15 1 -216.90192211434 -6.04967423134859 -143.991267318354 -21.464470087179 3274.54916287773 3274.54916287773 3274.54916287773
"Aarest_data" 32 0.999870298925918 78.5717180470896 1.04600317862564 0.0256904258158956 2.9075344966527e-152 2.09576959127421 -3.50461265696822e-06 3.5527136788005e-15 1.86070713419675e+137 0.126680747630818 0.617771023858636 0.255548228510546 0.9 1 10 0.25 0.5 0.25 15 1 -216.901855267131 -6.049623788249 -143.991209807235 -21.4644933005649 3678.37977182863 3678.37977182863 3678.37977182863
"Aarest_data" 33 0.999884531984985 78.571522749543 1.04600333341756 0.0256904225075121 2.9100609901826e-152 2.09568762497182 -3.11986690348931e-06 -8.88178419700125e-16 -9.30353567098377e+136 0.126680903866956 0.617770787131761 0.255548309001284 0.9 1 10 0.25 0.5 0.25 15 1 -216.901795754596 -6.04957887975765 -143.991158608289 -21.4645139655907 4132.01240011534 4132.01240011534 4132.01240011534
"Aarest_data" 34 0.99989720377681 78.5713488926883 1.04600347110829 0.0256904195620236 2.91231196028004e-152 2.09561465093607 -2.77735881581975e-06 0 9.30353567098377e+136 0.126681042958213 0.617770576386335 0.255548380655452 0.9 1 10 0.25 0.5 0.25 15 1 -216.901742772238 -6.04953889884576 -143.991113028823 -21.4645323620087 4641.58883361278 4641.58883361278 4641.58883361278
"Aarest_data" 35 0.999908485360943 78.5711941226489 1.04600359359676 0.0256904169396902 2.9143172732695e-152 2.09554968369759 -2.47245164786136e-06 -5.32907051820075e-15 -9.30353567098377e+136 0.126681166784485 0.617770388772357 0.255548444443158 0.9 1 10 0.25 0.5 0.25 15 1 -216.901695604158 -6.04950330532823 -143.991072452335 -21.4645487388553 5214.00828799969 5214.00828799969 5214.00828799969
"Aarest_data" 36 0.999918529220745 78.5710563444352 1.04600370254595 0.0256904146049199 2.91610358950983e-152 2.0954918448311 -2.20101766501557e-06 0 -9.30353567098377e+136 0.126681277023938 0.617770221748596 0.255548501227466 0.9 1 10 0.25 0.5 0.25 14 1 -216.901653612268 -6.04947161802081 -143.991036329304 -21.4645633177101 5857.02081805666 5857.02081805666 5857.02081805666
"Aarest_data" 37 0.999927471052198 78.5709336917396 1.04600379950496 0.0256904125264527 2.91769472221647e-152 2.09544035272489 -1.9593822457864e-06 -1.77635683940025e-15 -9.30353567098377e+136 0.126681375161609 0.617770073060101 0.25554855177829 0.9 1 10 0.25 0.5 0.25 14 1 -216.901616228828 -6.04944340793057 -143.991004171728 -21.4645762961976 6579.33224657568 6579.33224657568 6579.33224657568
"Aarest_data" 38 0.999935431708765 78.5708245044401 1.04600388577681 0.0256904106760514 2.91911190323317e-152 2.09539451122481 -1.74427405141842e-06 -3.5527136788005e-15 9.30353567098377e+136 0.126681462528059 0.617769940692503 0.255548596779438 0.9 1 10 0.25 0.5 0.25 14 1 -216.901582948244 -6.04941829385964 -143.990975544044 -21.4645878498819 7390.72203352578 7390.72203352578 7390.72203352578
"Aarest_data" 39 0.999942518802679 78.5707273042585 1.04600396254358 0.0256904090287031 2.92037407829176e-152 2.09535370049683 -1.55278103619594e-06 2.66453525910038e-15 0 0.126681540305202 0.617769822854632 0.255548636840166 0.9 1 10 0.25 0.5 0.25 14 1 -216.901553320349 -6.04939593612898 -143.990950058837 -21.4645981351763 8302.17568131974 8302.17568131974 8302.17568131974
"Aarest_data" 40 0.999948828146477 78.5706407751685 1.0460040308557 0.0256904075621396 2.92149814500815e-152 2.09531736869114 -1.38231063573357e-06 -1.77635683940025e-15 -9.30353567098377e+136 0.126681609545244 0.617769717951896 0.25554867250286 0.9 1 10 0.25 0.5 0.25 14 1 -216.901526944382 -6.04937603232971 -143.990927371212 -21.4646072913272 9326.0334688322 9326.0334688322 9326.0334688322
"Aarest_data" 41 0.999954445101284 78.5705637456745 1.04600409164734 0.0256904062565086 2.92249917007147e-152 2.09528502417009 -1.23055502143643e-06 8.88178419700125e-16 0 0.126681671185516 0.617769624564141 0.255548704250343 0.9 1 10 0.25 0.5 0.25 14 1 -216.901503463331 -6.04935831305962 -143.990907174024 -21.46461544229 10476.1575278967 10476.1575278967 10476.1575278967
"Aarest_data" 42 0.999959445580679 78.5704951728449 1.046004145748 0.0256904050941776 2.92339058641157e-152 2.09525622972118 -1.09545960214064e-06 -2.66453525910038e-15 1.86070713419675e+137 0.126681726059539 0.617769541428015 0.255548732512446 0.9 1 10 0.25 0.5 0.25 14 1 -216.901482559703 -6.04934253874841 -143.990889194011 -21.4646226984111 11768.11952435 11768.11952435 11768.11952435
"Aarest_data" 43 0.999963897242688 78.5704341282672 1.04600419389595 0.0256904040594151 2.92418436757828e-152 2.09523059568819 -9.75195440844345e-07 2.66453525910038e-15 0 0.126681774910128 0.61776946741806 0.255548757671812 0.9 1 10 0.25 0.5 0.25 14 1 -216.901463950568 -6.04932849589108 -143.990873187763 -21.4646291579369 13219.4114846603 13219.4114846603 13219.4114846603
"Aarest_data" 44 0.999967860303033 78.5703797858571 1.04600423672731 0.0256904031381155 2.92489117975676e-152 2.09520777526599 -8.68134307552282e-07 3.5527136788005e-15 0 0.126681818400578 0.617769401530842 0.25554878006858 0.9 1 10 0.25 0.5 0.25 13 1 -216.901447384112 -6.04931599470598 -143.990858938356 -21.4646349081948 14849.6826225447 14849.6826225447 14849.6826225447
"Aarest_data" 45 0.999971388375253 78.5703314090214 1.04600427486817 0.0256904023180482 2.92552054359971e-152 2.09518745973466 -7.72826723505204e-07 0 -9.30353567098377e+136 0.126681857114722 0.617769342878262 0.255548800007016 0.9 1 10 0.25 0.5 0.25 13 1 -216.901432636169 -6.04930486554171 -143.990846253497 -21.4646400272858 16681.0053720006 16681.0053720006 16681.0053720006
"Aarest_data" 46 0.999974529190823 78.5702883432371 1.04600430881505 0.0256904015879963 2.92608092666339e-152 2.09516937419469 -6.87982392832964e-07 2.66453525910038e-15 9.30353567098377e+136 0.12668189157901 0.617769290664472 0.255548817756519 0.9 1 10 0.25 0.5 0.25 13 1 -216.901419507155 -6.04929495805113 -143.990834961175 -21.4646445843838 18738.1742286039 18738.1742286039 18738.1742286039
"Aarest_data" 47 0.999977325284832 78.5702500054181 1.04600433903016 0.025690400938064 2.92657987853686e-152 2.09515327369621 -6.12452595305513e-07 0 9.30353567098377e+136 0.126681922260321 0.617769244182281 0.255548833557398 0.9 1 10 0.25 0.5 0.25 13 1 -216.901407819218 -6.04928613803108 -143.990824908455 -21.4646486411872 21049.0414451202 21049.0414451202 21049.0414451202
"Aarest_data" 48 0.999979814428857 78.5702158765056 1.04600436592361 0.0256904003594873 2.92702412470331e-152 2.0951389407242 -5.45214774660963e-07 2.66453525910038e-15 0 0.126681949573229 0.617769202803187 0.255548847623584 0.9 1 10 0.25 0.5 0.25 13 1 -216.901397414442 -6.04927828631162 -143.99081595938 -21.4646522526176 23644.8941264541 23644.8941264541 23644.8941264541
"Aarest_data" 49 0.999982030351256 78.5701854944384 1.04600438986138 0.0256903998444158 2.92741965600672e-152 2.09512618104979 -4.8535860486254e-07 8.88178419700125e-16 0 0.126681973887919 0.617769165966563 0.255548860145518 0.9 1 10 0.25 0.5 0.25 13 1 -216.901388151814 -6.0492712964822 -143.990807992718 -21.4646554675701 26560.8778294668 26560.8778294668 26560.8778294668
"Aarest_data" 50 0.999984003029221 78.5701584478792 1.04600441116853 0.0256903993858843 2.92777180870834e-152 2.09511482204751 -4.32073726130966e-07 2.66453525910038e-15 0 0.126681995533389 0.617769133173875 0.255548871292736 0.9 1 10 0.25 0.5 0.25 13 1 -216.901379906003 -6.04926507396936 -143.990800900645 -21.4646583295714 29836.4724028334 29836.4724028334 29836.4724028334
"Aarest_data" 51 0.999985759158816 78.570134371007 1.04600443011576 0.0256903989775843 2.92808533100745e-152 2.09510470997104 -3.84638667583204e-07 -8.88178419700125e-16 -9.30353567098377e+136 0.126682014804687 0.617769103979663 0.25554888121565 0.9 1 10 0.25 0.5 0.25 12 1 -216.901372565402 -6.04925953476425 -143.990794586915 -21.4646608772507 33516.0265093885 33516.0265093885 33516.0265093885
"Aarest_data" 52 0.999987322508023 78.5701129370165 1.04600444699981 0.0256903986142104 2.92836446669161e-152 2.09509570798921 -3.42411233589246e-07 8.88178419700125e-16 -9.30353567098377e+136 0.126682031958296 0.617769077992015 0.255548890049689 0.9 1 10 0.25 0.5 0.25 12 1 -216.901366030659 -6.04925460343987 -143.990788966562 -21.4646631453554 37649.3580679247 37649.3580679247 37649.3580679247
"Aarest_data" 53 0.999988714234782 78.5700938561612 1.04600446202888 0.0256903982907283 2.92861297979377e-152 2.09508769424696 -3.04819728569328e-07 8.88178419700125e-16 -9.30353567098377e+136 0.12668204722872 0.6177690548574 0.255548897913879 0.9 1 10 0.25 0.5 0.25 12 1 -216.901360213313 -6.04925021348709 -143.990783963236 -21.4646651644531 42292.428743895 42292.428743895 42292.428743895
"Aarest_data" 54 0.99998995321188 78.5700768700817 1.04600447540727 0.0256903980027431 2.9288342278347e-152 2.09508056006783 -2.71355155234687e-07 -4.44089209850063e-15 9.30353567098377e+136 0.126682060823066 0.61776903426223 0.255548904914704 0.9 1 10 0.25 0.5 0.25 12 1 -216.901355034474 -6.04924630536943 -143.990779509129 -21.4646669618887 47508.101621028 47508.101621028 47508.101621028
"Aarest_data" 55 0.999991056179187 78.5700617488278 1.04600448731612 0.0256903977463714 2.92903120010775e-152 2.09507420905803 -2.41564542591277e-07 8.88178419700125e-16 0 0.126682072925028 0.617769015928028 0.255548911146944 0.9 1 10 0.25 0.5 0.25 12 1 -216.901350424163 -6.04924282627963 -143.990775544003 -21.4646685619964 53366.9923120631 53366.9923120631 53366.9923120631
"Aarest_data" 56 0.999992038050557 78.5700482876586 1.04600449791675 0.0256903975181505 2.92920655895309e-152 2.09506855533906 -2.15044416052024e-07 2.66453525910038e-15 1.86070713419675e+137 0.126682083698262 0.617768999606759 0.255548916694979 0.9 1 10 0.25 0.5 0.25 12 1 -216.901346320033 -6.04923972917133 -143.990772014208 -21.4646699864302 59948.4250318941 59948.4250318941 59948.4250318941
"Aarest_data" 57 0.999992912108997 78.5700363043106 1.04600450735281 0.0256903973149951 2.92936267503341e-152 2.09506352242372 -1.91435795215966e-07 -1.77635683940025e-15 0 0.126682093288524 0.61776898507755 0.255548921633925 0.9 1 10 0.25 0.5 0.25 12 1 -216.901342666566 -6.04923697214325 -143.990768871974 -21.464671254489 67341.5065775083 67341.5065775083 67341.5065775083
"Aarest_data" 58 0.999993690230229 78.5700256365533 1.04600451575271 0.0256903971341343 2.92950165892512e-152 2.09505904192864 -1.70419092171414e-07 -1.77635683940025e-15 0 0.126682101826128 0.617768972143216 0.255548926030656 0.9 1 10 0.25 0.5 0.25 12 1 -216.901339414112 -6.0492345177337 -143.99076607467 -21.4646723833355 75646.3327554629 75646.3327554629 75646.3327554629
"Aarest_data" 59 0.999994382929026 78.5700161403451 1.04600452321476 0.0256903969730404 2.92962538494118e-152 2.09505505329334 -1.51709627971286e-07 -3.5527136788005e-15 0 0.126682109428148 0.61776896062764 0.255548929944211 0.9 1 10 0.25 0.5 0.25 11 1 -216.901336518712 -6.04923233294847 -143.990763584286 -21.4646733881352 84975.3435908645 84975.3435908645 84975.3435908645
"Aarest_data" 60 0.9999949995953 78.5700076862901 1.0460045298728 0.0256903968297135 2.92973553715307e-152 2.09505150247829 -1.35054200711693e-07 8.88178419700125e-16 9.30353567098377e+136 0.126682116194036 0.617768950377371 0.255548933428593 0.9 1 10 0.25 0.5 0.25 11 1 -216.901333941133 -6.04923038780071 -143.99076136746 -21.4646742827405 95454.8456661836 95454.8456661836 95454.8456661836
"Aarest_data" 61 0.999995548541371 78.5700001603703 1.04600453579945 0.0256903967021317 2.92983359969993e-152 2.09504834160388 -1.20227333866296e-07 -3.5527136788005e-15 9.30353567098377e+136 0.126682122216903 0.617768941252655 0.255548936530443 0.9 1 10 0.25 0.5 0.25 11 1 -216.901331646614 -6.04922865626506 -143.99075939405 -21.4646750791259 107226.722201032 107226.722201032 107226.722201032
"Aarest_data" 62 0.999996037256076 78.56999346068 1.04600454107565 0.0256903965885402 2.92992089926008e-152 2.09504552754807 -1.07028178319979e-07 2.66453525910038e-15 9.30353567098377e+136 0.126682127578919 0.617768933129327 0.255548939291753 0.9 1 10 0.25 0.5 0.25 11 1 -216.901329603856 -6.0492271147188 -143.990757637225 -21.464675788083 120450.354025878 120450.354025878 120450.354025878
"Aarest_data" 63 0.999996472292335 78.5699874965206 1.04600454577218 0.0256903964874317 2.92999861675406e-152 2.0950430225781 -9.52781107343981e-08 -8.88178419700125e-16 0 0.126682132351985 0.6177689258981 0.255548941749915 0.9 1 10 0.25 0.5 0.25 11 1 -216.901327785473 -6.04922574249142 -143.990756073323 -21.4646764192077 135304.777457981 135304.777457981 135304.777457981
"Aarest_data" 64 0.999996859574391 78.5699821871189 1.04600454995306 0.0256903963974207 2.93006780399782e-152 2.09504079258132 -8.48180050638803e-08 1.77635683940025e-15 -1.86070713419675e+137 0.126682136601103 0.61776891946069 0.255548943938207 0.9 1 10 0.25 0.5 0.25 11 1 -216.901326166696 -6.04922452089565 -143.990754681102 -21.464676981044 151991.108295293 151991.108295293 151991.108295293
"Aarest_data" 65 0.999997204341138 78.5699774606197 1.04600455367488 0.0256903963172908 2.93012939676491e-152 2.09503880739146 -7.550629987918e-08 -4.44089209850063e-15 -9.30353567098377e+136 0.126682140383753 0.617768913729986 0.255548945886261 0.9 1 10 0.25 0.5 0.25 11 1 -216.901324725626 -6.0492234334061 -143.990753441722 -21.464677481201 170735.264747069 170735.264747069 170735.264747069
"Aarest_data" 66 0.999997511263371 78.5699732534189 1.04600455697386 0.0256903962458718 2.93018422344813e-152 2.09503704010033 -6.72168596338452e-08 -2.66453525910038e-15 -9.30353567098377e+136 0.126682143752753 0.61776890862729 0.255548947619957 0.9 1 10 0.25 0.5 0.25 10 1 -216.901323442738 -6.04922246545052 -143.990752338245 -21.4646779263304 191791.026167249 191791.026167249 191791.026167249
"Aarest_data" 67 0.999997784480853 78.5699695076992 1.04600455992472 0.0256903961823815 2.93023303714771e-152 2.09503546689845 -5.98374469973351e-08 0 -9.30353567098377e+136 0.126682146750214 0.617768904085979 0.255548949163807 0.9 1 10 0.25 0.5 0.25 10 1 -216.901322300736 -6.04922160363104 -143.990751356084 -21.4646783227074 215443.469003189 215443.469003189 215443.469003189
"Aarest_data" 68 0.999998027717029 78.5699661732151 1.04600456255173 0.025690396125855 2.93027649236494e-152 2.09503406633107 -5.32682093989933e-08 8.88178419700125e-16 -9.30353567098377e+136 0.126682149418747 0.617768900043087 0.255548950538166 0.9 1 10 0.25 0.5 0.25 10 1 -216.901321284052 -6.04922083638299 -143.990750481723 -21.4646786755687 242012.826479438 242012.826479438 242012.826479438
"Aarest_data" 69 0.999998244239548 78.5699632048052 1.0460045648902 0.0256903960755393 2.9303151774222e-152 2.09503281958274 -4.74201726774481e-08 8.88178419700125e-16 0 0.126682151794203 0.617768896444153 0.255548951761643 0.9 1 10 0.25 0.5 0.25 10 1 -216.901320379028 -6.04922015339911 -143.990749703373 -21.4646789896904 271858.824273294 271858.824273294 271858.824273294
"Aarest_data" 70 0.999998436992862 78.5699605622663 1.04600456697193 0.0256903960307465 2.93034961607665e-152 2.09503170969904 -4.22141326339442e-08 -2.66453525910038e-15 -9.30353567098377e+136 0.126682153908888 0.617768893240316 0.255548952850796 0.9 1 10 0.25 0.5 0.25 10 1 -216.901319573353 -6.04921954539154 -143.990749010473 -21.464679269328 305385.550883342 305385.550883342 305385.550883342
"Aarest_data" 71 0.999998608586756 78.5699582098521 1.04600456882511 0.0256903959908706 2.9303802740476e-152 2.0950307216526 -3.75796815887952e-08 2.66453525910038e-15 -9.30353567098377e+136 0.126682155791432 0.617768890388186 0.255548953820383 0.9 1 10 0.25 0.5 0.25 10 1 -216.901318856122 -6.04921900412803 -143.990748393637 -21.4646795182645 343046.928631492 343046.928631492 343046.928631492
"Aarest_data" 72 0.999998761365234 78.569956115688 1.04600457047508 0.0256903959553615 2.93040756662867e-152 2.09502984194646 -3.34539862478778e-08 1.77635683940025e-15 0 0.126682157467553 0.617768887848927 0.25554895468352 0.9 1 10 0.25 0.5 0.25 10 1 -216.901318217535 -6.04921852221474 -143.990747844475 -21.4646797398724 385352.859371053 385352.859371053 385352.859371053
"Aarest_data" 73 0.999998897326695 78.5699542518535 1.04600457193019 0.0256903959236925 2.93043185760686e-152 2.09502905906107 -2.97812263738706e-08 -2.66453525910038e-15 0 0.126682158960622 0.617768885587988 0.25554895545139 0.9 1 10 0.25 0.5 0.25 9 1 -216.901317649239 -6.04921809349711 -143.990747355568 -21.4646799370282 432876.128108306 432876.128108306 432876.128108306
"Aarest_data" 74 0.999999018386039 78.5699525922273 1.04600457323899 0.0256903958955678 2.93045348735371e-152 2.09502836199685 -2.6511713713262e-08 -1.77635683940025e-15 0 0.126682160288599 0.617768883575934 0.255548956135467 0.9 1 10 0.25 0.5 0.25 9 1 -216.901317143235 -6.04921771162069 -143.99074692041 -21.4646801126621 486260.158006536 486260.158006536 486260.158006536
"Aarest_data" 75 0.999999126150741 78.5699511147978 1.04600457440408 0.025690395870533 2.93047274268179e-152 2.0950277414838 -2.36011103993405e-08 1.77635683940025e-15 0 0.126682161470733 0.617768881784823 0.255548956744444 0.9 1 10 0.25 0.5 0.25 9 1 -216.901316692799 -6.04921737168128 -143.990746533035 -21.4646802690123 546227.721768435 546227.721768435 546227.721768435
"Aarest_data" 76 0.999999222086027 78.5699497995793 1.04600457544128 0.025690395848246 2.9304898840216e-152 2.09502718908502 -2.10100807862545e-08 8.88178419700125e-16 0 0.126682162523104 0.61776888019033 0.255548957286566 0.9 1 10 0.25 0.5 0.25 9 1 -216.901316291808 -6.04921706905738 -143.990746188184 -21.4646804081982 613590.727341317 613590.727341317 613590.727341317
"Aarest_data" 77 0.999999307488577 78.5699486287398 1.04600457636459 0.025690395828406 2.9305051437444e-152 2.09502669733415 -1.8703495641148e-08 -3.5527136788005e-15 9.30353567098377e+136 0.126682163459934 0.617768878770896 0.25554895776917 0.9 1 10 0.25 0.5 0.25 9 1 -216.901315934842 -6.04921679965861 -143.990745881194 -21.4646805321036 689261.21043497 689261.21043497 689261.21043497
"Aarest_data" 78 0.999999383502993 78.5699475864322 1.04600457718641 0.0256903958107499 2.93051872835847e-152 2.09502625964053 -1.66501337162117e-08 0 0 0.126682164293779 0.617768877507431 0.255548958198789 0.9 1 10 0.25 0.5 0.25 9 1 -216.901315617117 -6.04921655987436 -143.990745607931 -21.4646806424085 774263.682681128 774263.682681128 774263.682681128
"Aarest_data" 79 0.999999451195936 78.5699466585728 1.04600457791825 0.0256903957950208 2.930530821398e-152 2.09502586986228 -1.48221914741953e-08 -1.77635683940025e-15 0 0.126682165036343 0.617768876382414 0.255548958581243 0.9 1 10 0.25 0.5 0.25 9 1 -216.901315334174 -6.04921634633994 -143.990745364622 -21.4646807405999 869749.002617784 869749.002617784 869749.002617784
"Aarest_data" 80 0.999999511447377 78.5699458325703 1.04600457856964 0.0256903957810234 2.9305415869519e-152 2.09502552293246 -1.31949349224669e-08 -8.88178419700125e-16 9.30353567098377e+136 0.126682165697275 0.617768875381012 0.255548958921713 0.9 1 10 0.25 0.5 0.25 9 1 -216.901315082337 -6.04921615627939 -143.990745148043 -21.4646808280138 977009.957299226 977009.957299226 977009.957299226
"Aarest_data" 81 0.999999565082275 78.5699450976329 1.04600457913849 0.0256903957684961 2.93055116565489e-152 2.09502521408978 -1.17463301307907e-08 -1.77635683940025e-15 9.30353567098377e+136 0.126682166286811 0.617768874488861 0.255548959224328 0.9 1 10 0.25 0.5 0.25 8 1 -216.90131485815 -6.04921598721367 -143.99074495516 -21.4646809057187 1097498.76549306 1097498.76549306 1097498.76549306
"Aarest_data" 82 0.999999612820559 78.5699444430011 1.04600457965574 0.0256903957574154 2.93055969773515e-152 2.09502493921235 -1.04567661196597e-08 8.88178419700125e-16 9.30353567098377e+136 0.126682166810356 0.617768873695446 0.255548959494197 0.9 1 10 0.25 0.5 0.25 8 1 -216.901314658616 -6.04921583661254 -143.990744783553 -21.4646809750051 1232846.73944207 1232846.73944207 1232846.73944207
"Aarest_data" 83 0.999999655327537 78.5699438602437 1.04600458011636 0.0256903957475466 2.93056729306914e-152 2.09502469445688 -9.30877774862893e-09 -8.88178419700125e-16 -9.30353567098377e+136 0.126682167276523 0.617768872989042 0.255548959734435 0.9 1 10 0.25 0.5 0.25 8 1 -216.901314480943 -6.04921570251412 -143.990744630768 -21.4646810366836 1384886.37139387 1384886.37139387 1384886.37139387
"Aarest_data" 84 0.999999693168003 78.5699433414532 1.04600458052642 0.0256903957387612 2.93057405471079e-152 2.09502447657125 -8.28681123721253e-09 -1.77635683940025e-15 0 0.126682167691513 0.617768872360188 0.255548959948299 0.9 1 10 0.25 0.5 0.25 8 1 -216.901314322777 -6.0492155831373 -143.990744494757 -21.46468109159 1555676.14393047 1555676.14393047 1555676.14393047
"Aarest_data" 85 0.999999726848869 78.5699428796219 1.0460045808914 0.025690395730943 2.93058007398859e-152 2.09502428263661 -7.37704652920002e-09 0 0 0.126682168060885 0.61776887180043 0.255548960138685 0.9 1 10 0.25 0.5 0.25 8 1 -216.901314181999 -6.04921547688293 -143.990744373687 -21.4646811404695 1747528.40000769 1747528.40000769 1747528.40000769
"Aarest_data" 86 0.999999756845944 78.5699424684963 1.04600458121646 0.0256903957239764 2.93058543240525e-152 2.09502410991328 -6.56715570812594e-09 -2.66453525910038e-15 1.86070713419675e+137 0.126682168389858 0.617768871301973 0.255548960308169 0.9 1 10 0.25 0.5 0.25 8 1 -216.901314056617 -6.04921538225004 -143.990744265882 -21.4646811839839 1963040.65004027 1963040.65004027 1963040.65004027
"Aarest_data" 87 0.999999783523713 78.5699421025083 1.04600458150556 0.0256903957177872 2.93059020252663e-152 2.09502395630253 -5.84618220500488e-09 4.44089209850063e-15 1.86070713419675e+137 0.126682168682427 0.617768870858526 0.255548960459047 0.9 1 10 0.25 0.5 0.25 8 1 -216.901313945113 -6.04921529808852 -143.990744169964 -21.4646812227198 2205130.73990305 2205130.73990305 2205130.73990305
"Aarest_data" 88 0.999999807328154 78.5699417770787 1.04600458175305 0.0256903957121865 2.93059444403314e-152 2.09502381922446 -5.20434895179278e-09 -2.66453525910038e-15 0 0.12668216894457 0.617768870462565 0.255548960592865 0.9 1 10 0.25 0.5 0.25 7 1 -216.901313845611 -6.04921522310685 -143.990744084407 -21.4646812570857 2477076.35599171 2477076.35599171 2477076.35599171
"Aarest_data" 89 0.999999828455469 78.5699414869951 1.04600458198308 0.025690395707295 2.93059822486205e-152 2.09502369757451 -4.63298732711337e-09 -8.88178419700125e-16 9.30353567098377e+136 0.126682169176158 0.617768870111358 0.255548960712484 0.9 1 10 0.25 0.5 0.25 7 1 -216.901313757305 -6.04921515644386 -143.990744008428 -21.4646812877976 2782559.40220712 2782559.40220712 2782559.40220712
"Aarest_data" 90 0.999999847289086 78.5699412287644 1.04600458218817 0.0256903957029286 2.93060159053896e-152 2.0950235891316 -4.12436662600157e-09 -8.88178419700125e-16 -9.30353567098377e+136 0.126682169382599 0.617768869798428 0.255548960818973 0.9 1 10 0.25 0.5 0.25 7 1 -216.901313678583 -6.04921509701765 -143.99074394074 -21.4646813151346 3125715.84968824 3125715.84968824 3125715.84968824
"Aarest_data" 91 0.999999864074844 78.5699409988714 1.04600458237097 0.0256903956990321 2.93060458687642e-152 2.09502349248016 -3.67156616221109e-09 2.66453525910038e-15 0 0.126682169566592 0.617768869519638 0.25554896091377 0.9 1 10 0.25 0.5 0.25 7 1 -216.90131360842 -6.04921504405304 -143.990743880444 -21.4646813394731 3511191.73421514 3511191.73421514 3511191.73421514
"Aarest_data" 92 0.999999879005346 78.5699407942236 1.04600458253359 0.0256903956955696 2.93060725418007e-152 2.09502340651121 -3.26851079535118e-09 1.77635683940025e-15 1.86070713419675e+137 0.126682169730246 0.617768869271591 0.255548960998163 0.9 1 10 0.25 0.5 0.25 7 1 -216.901313546014 -6.04921499694209 -143.990743826791 -21.4646813611387 3944206.05943766 3944206.05943766 3944206.05943766
"Aarest_data" 93 0.999999892287991 78.5699406120242 1.04600458267827 0.0256903956924912 2.93060962890218e-152 2.09502333003051 -2.90962987037346e-09 -8.88178419700125e-16 0 0.126682169875838 0.617768869050874 0.255548961073289 0.9 1 10 0.25 0.5 0.25 7 1 -216.901313490494 -6.04921495503072 -143.990743779047 -21.4646813804274 4430621.45758389 4430621.45758389 4430621.45758389
"Aarest_data" 94 0.999999904108755 78.5699404498562 1.04600458280701 0.0256903956897526 2.93061174254314e-152 2.09502326196724 -2.59021248893987e-09 -5.32907051820075e-15 -9.30353567098377e+136 0.126682170005406 0.617768868854425 0.255548961140168 0.9 1 10 0.25 0.5 0.25 7 1 -216.901313441087 -6.04921491773214 -143.990743736551 -21.4646813975975 4977023.56433211 4977023.56433211 4977023.56433211
"Aarest_data" 95 0.999999914621796 78.5699403058855 1.04600458291139 0.025690395687259 2.93061361900536e-152 2.09502320141944 -2.30585328608868e-09 -2.66453525910038e-15 -1.86070713419675e+137 0.126682170121604 0.617768868679208 0.255548961199189 0.9 1 10 0.25 0.5 0.25 6 1 -216.901313397153 -6.04921488466714 -143.99074369871 -21.4646814127603 5590810.18251223 5590810.18251223 5590810.18251223
"Aarest_data" 96 0.999999923995485 78.569940177321 1.04600458301433 0.0256903956850911 2.93061529467249e-152 2.0950231474476 -2.05271533104678e-09 0 -9.30353567098377e+136 0.126682170224273 0.617768868523488 0.25554896125224 0.9 1 10 0.25 0.5 0.25 6 1 -216.901313357971 -6.04921485508115 -143.990743665021 -21.4646814263786 6280291.44183426 6280291.44183426 6280291.44183426
"Aarest_data" 97 0.999999932348774 78.5699400628629 1.0460045831063 0.0256903956831582 2.93061678648162e-152 2.09502309935124 -1.8273453861184e-09 8.88178419700125e-16 0 0.12668217031574 0.617768868384791 0.255548961299469 0.9 1 10 0.25 0.5 0.25 6 1 -216.901313323055 -6.04921482871312 -143.990743635017 -21.4646814385026 7054802.31071865 7054802.31071865 7054802.31071865
"Aarest_data" 98 0.999999939762453 78.5699399609829 1.04600458318799 0.0256903956814486 2.93061811435407e-152 2.09502305666503 -1.62673785553125e-09 2.66453525910038e-15 0 0.126682170396911 0.617768868261573 0.255548961341517 0.9 1 10 0.25 0.5 0.25 6 1 -216.901313292068 -6.04921480531036 -143.990743608352 -21.4646814492952 7924828.98353918 7924828.98353918 7924828.98353918
"Aarest_data" 99 0.99999994639377 78.5699398702716 1.04600458326096 0.0256903956799112 2.9306192966566e-152 2.09502301848335 -1.44813583347059e-09 -8.88178419700125e-16 0 0.126682170469527 0.617768868151526 0.255548961378947 0.9 1 10 0.25 0.5 0.25 6 1 -216.90131326435 -6.04921478437837 -143.990743584551 -21.4646814589056 8902150.8544504 8902150.8544504 8902150.8544504
"Aarest_data" 100 0.999999952275848 78.5699397895151 1.04600458332578 0.0256903956785534 2.93062034921229e-152 2.09502298461574 -1.28915900177162e-09 4.44089209850063e-15 0 0.126682170533928 0.617768868053799 0.255548961412273 0.9 1 10 0.25 0.5 0.25 6 1 -216.901313239763 -6.04921476581035 -143.990743563405 -21.4646814674595 1e+07 1e+07 1e+07
