"data_Name" "Iter" "beta1" "beta3" "lambda1" "lambda2" "lambda3" "diffBeta1" "diffBeta3" "diffLambda1" "diffLambda3" "pi1" "pi2" "pi3" "init_beta1" "init_beta2" "init_beta3" "init_pi1" "init_pi2" "init_pi3" "EM_endIter" "tempering" "Qlike" "Q1" "Q2" "Q3" "bpBase" "bp1" "bp3"
"V1" "SerumReversal" 1 0.564987825809724 41.4132019010178 0.043093935749219 0.00204905174354156 5.98090187774429e-107 0.00528836589501225 -0.000247443892824606 -6.93889390390723e-14 -6.18471176799211e+90 0.893579676996483 1.77291588326717e-09 0.106420321230602 0.5 1 2 0.333333333333333 0.333333333333333 0.333333333333333 266 1 -564.633144465681 -496.45972584348 -7.98494745255194e-07 -18.0065807768162 100 100 100
"V11" "SerumReversal" 2 0.564991098274317 41.3981953978207 0.0430943273418613 0.00204912018548082 6.53346043678365e-107 0.00470802829681816 -0.000220360111800488 -4.71844785465692e-15 1.4024515266756e+90 0.893564110445233 1.6775455679483e-10 0.106435889387013 0.5 1 2 0.333333333333333 0.333333333333333 0.333333333333333 34 1 -564.63532553008 -496.453533864354 -7.55548180870789e-08 -18.0100569448347 112.332403297803 112.332403297803 112.332403297803
"V12" "SerumReversal" 3 0.564994010928111 41.384838729797 0.0430946757630452 0.00204918109336308 7.0680666329925e-107 0.00419135209193655 -0.000196232775294902 1.13742348872847e-13 -8.13024026882719e+90 0.893550256576369 1.70468981311767e-11 0.106449743406584 0.5 1 2 0.333333333333333 0.333333333333333 0.333333333333333 33 1 -564.637270749975 -496.448023050927 -7.67779798540996e-09 -18.0131511369469 126.185688306602 126.185688306602 126.185688306602
"V13" "SerumReversal" 4 0.564996603494391 41.3729502686231 0.0430949857402386 0.00204923529815059 7.58059481262801e-107 0.00373135880357722 -0.000174740816902386 -1.13187237360535e-13 -3.9586929618219e+89 0.893537927438934 1.73211166296664e-12 0.106462072559334 0.5 1 2 0.333333333333333 0.333333333333333 0.333333333333333 33 1 -564.639002627822 -496.443118743954 -7.8013595696039e-10 -18.0159053702083 141.747416292681 141.747416292681 141.747416292681
"V14" "SerumReversal" 5 0.564998911190708 41.3623684386096 0.0430952615297422 0.00204928353911164 8.0679727993362e-107 0.00332183387882878 -0.00015559769371265 2.73892020175026e-13 1.82617092409674e+90 0.893526954927526 1.75982844929354e-13 0.106473045072298 0.5 1 2 0.333333333333333 0.333333333333333 0.333333333333333 33 1 -564.640544271434 -496.438754081795 -7.92624509331837e-11 -18.0183570239745 159.228279334109 159.228279334109 159.228279334109
"V15" "SerumReversal" 6 0.565000965343243 41.3529494856166 0.0430955069171379 0.00204932647367578 8.52808841207382e-107 0.00295724328884717 -0.000138547745670792 2.37587727269783e-13 2.82678527575323e+90 0.893517189472461 1.92029516793974e-14 0.106482810527519 0.5 1 2 0.333333333333333 0.333333333333333 0.333333333333333 32 1 -564.641916556794 -496.434869567708 -8.64903397765572e-12 -18.0205393607242 178.864952905744 178.864952905744 178.864952905744
"V16" "SerumReversal" 7 0.56500279382819 41.344565500476 0.0430957252663761 0.0020493646865697 8.95967387914723e-107 0.00263265917953959 -0.000123362923918791 2.30926389122033e-14 -3.31217275448918e+90 0.893508498043004 2.09526026070735e-15 0.106491501956994 0.5 1 2 0.333333333333333 0.333333333333333 0.333333333333333 32 1 -564.643138097414 -496.431412283439 -9.43712639473729e-13 -18.0224819831036 200.923300256505 200.923300256505 200.923300256505
"V17" "SerumReversal" 8 0.565004421451962 41.337102669288 0.0430959195663023 0.0020493986978423 9.36218057911935e-107 0.00234369360828168 -0.000109839853738691 -1.86184401229639e-13 -6.88295359191145e+89 0.89350076232706 2.28603740689721e-16 0.10649923767294 0.5 1 2 0.333333333333333 0.333333333333333 0.333333333333333 32 1 -564.644225461038 -496.42833516574 -1.02964394491585e-13 -18.0242112347463 225.701971963392 225.701971963392 225.701971963392
"V18" "SerumReversal" 9 0.565005870291268 41.3304597127254 0.0430960924734399 0.00204942897010714 9.73565411833291e-107 0.00208643949810039 -9.7797200616867e-05 -5.09037256790634e-14 3.03168244915406e+90 0.893493877083157 2.49405922571092e-17 0.106506122916843 0.5 1 2 0.333333333333333 0.333333333333333 0.333333333333333 32 1 -564.645193393166 -496.425596350871 -1.12334259771544e-14 -18.0257505618318 253.536449397011 253.536449397011 253.536449397011
"V19" "SerumReversal" 10 0.565007159993588 41.324546502633 0.0430962463491335 0.00204945591489819 1.00806157208188e-106 0.00185741802448547 -8.70733099098686e-05 -3.15747428203395e-13 -5.66948489507157e+89 0.893487748693009 2.92246356144583e-18 0.106512251306991 0.5 1 2 0.333333333333333 0.333333333333333 0.333333333333333 31 1 -564.646055016986 -496.42315859875 -1.31630372018669e-15 -18.0271208314077 284.80358684358 284.80358684358 284.80358684358
"V110" "SerumReversal" 11 0.565008308046158 41.3192828287098 0.0430963832931621 0.00204947989838384 1.03979544168361e-106 0.00165353174236316 -7.75240934451915e-05 1.33948407921025e-13 3.15104002589241e+90 0.893482293861111 3.42432240850529e-19 0.106517706138889 0.5 1 2 0.333333333333333 0.333333333333333 0.333333333333333 31 1 -564.64682201342 -496.420988775682 -1.5423502951615e-16 -18.0283406176299 319.926713779738 319.926713779738 319.926713779738
"V111" "SerumReversal" 12 0.565009330012191 41.3145973080442 0.0430965051722862 0.0020495012463221 1.06888316249605e-106 0.00147202282886383 -6.90211384473116e-05 -6.94444501903035e-14 6.62434550897836e+89 0.893477438485943 4.01222459128875e-20 0.106522561514058 0.5 1 2 0.333333333333333 0.333333333333333 0.333333333333333 31 1 -564.64750477807 -496.419057405225 -1.80715260160285e-17 -18.0294264511153 359.381366380463 359.381366380463 359.381366380463
"V112" "SerumReversal" 13 0.565010239743994 41.31042640943 0.0430966136467658 0.00204952024858131 1.09545996520886e-106 0.00131043588805824 -6.14500162043896e-05 9.03721542044877e-14 2.90436770063315e+90 0.893473116631524 4.70091620053002e-21 0.106526883368476 0.5 1 2 0.333333333333333 0.333333333333333 0.333333333333333 31 1 -564.648112564034 -496.417338259127 -2.11735259829514e-18 -18.0303930459939 403.701725859656 403.701725859656 403.701725859656
"V113" "SerumReversal" 14 0.56501104957074 41.3067135893084 0.0430967101931397 0.00204953716308537 1.11967332935323e-106 0.00116658481891818 -5.47087704170224e-05 1.66255897937617e-13 2.17827577547487e+89 0.893469269629239 5.91572966242717e-22 0.106530730370761 0.5 1 2 0.333333333333333 0.333333333333333 0.333333333333333 30 1 -564.648653607027 -496.415807999996 -2.66452599652525e-19 -18.0312534987577 453.487850812858 453.487850812858 453.487850812858
"V114" "SerumReversal" 15 0.565011770467314 41.303408519652 0.0430967961251602 0.00204955221939108 1.14167741647591e-106 0.00103852330744303 -4.87065665630837e-05 -1.79911641140507e-13 -1.96243749087302e+90 0.893465845264243 7.44430127316633e-23 0.106534154735757 0.5 1 2 0.333333333333333 0.333333333333333 0.333333333333333 30 1 -564.649135238618 -496.414445857712 -3.353022308583e-20 -18.0320194683097 509.413801481638 509.413801481638 509.413801481638
"V115" "SerumReversal" 16 0.565012412201534 41.3004664071625 0.0430968726111526 0.00204956562174924 1.16162858993249e-106 0.000924518545673436 -4.33624857407722e-05 -1.27620136680662e-13 -2.06190213815498e+90 0.893462797078106 9.36764647208757e-24 0.106537202921894 0.5 1 2 0.333333333333333 0.333333333333333 0.333333333333333 30 1 -564.649563983765 -496.413233351934 -4.21933258598045e-21 -18.0327013309469 572.236765935022 572.236765935022 572.236765935022
"V116" "SerumReversal" 17 0.565012983468131 41.2978473816312 0.0430969406906434 0.00204957755194463 1.17968196601832e-106 0.000823027828062095 -3.86044477522773e-05 -2.24487095579207e-13 -5.1274025673849e+90 0.893460083723129 1.17876971606254e-24 0.106539916276871 0.5 1 2 0.333333333333333 0.333333333333333 0.333333333333333 30 1 -564.649945650814 -496.412154035308 -5.30936910331198e-22 -18.0333083234861 642.807311728433 642.807311728433 642.807311728433
"V117" "SerumReversal" 18 0.56501349200618 41.2955159553885 0.0430970012883928 0.00204958817175005 1.19598878660874e-106 0.000732677707617313 -3.43682501231513e-05 2.95652391457679e-13 2.11262910826877e+90 0.893457668403731 1.59316910299905e-25 0.106542331596269 0.5 1 2 0.333333333333333 0.333333333333333 0.333333333333333 29 1 -564.650285409657 -496.411193271229 -7.17590086178322e-23 -18.033848667499 722.080901838547 722.080901838547 722.080901838547
"V118" "SerumReversal" 19 0.565013944705378 41.2934405387753 0.0430970552275905 0.00204959762517966 1.21069452803382e-106 0.000652245437208876 -3.05967106086769e-05 -1.00031094518727e-13 -1.62226839716872e+90 0.893455518364268 2.15322101528154e-26 0.106544481635732 0.5 1 2 0.333333333333333 0.333333333333333 0.333333333333333 29 1 -564.650587863205 -496.410338030156 -9.69848066536976e-24 -18.0343296829935 811.130830789687 811.130830789687 811.130830789687
"V119" "SerumReversal" 20 0.565014347697628 41.2915930149934 0.0430971032403613 0.00204960604037456 1.22393755033398e-106 0.000580642441718737 -2.72389022981656e-05 -2.89379631368547e-13 -2.2459117356266e+90 0.893453604459288 2.91011298469952e-27 0.106546395540712 0.5 1 2 0.333333333333333 0.333333333333333 0.333333333333333 29 1 -564.650857107787 -496.409576718574 -1.31076677870721e-24 -18.0347578843751 911.16275611549 911.16275611549 911.16275611549
"V120" "SerumReversal" 21 0.565014706441542 41.2899483558224 0.0430971459783181 0.00204961353139844 1.23584826321692e-106 0.000516899602246212 -2.42494715720909e-05 -2.2859492077032e-13 -1.17766142381837e+90 0.893451900745544 3.93302041883194e-28 0.106548099254456 0.5 1 2 0.333333333333333 0.333333333333333 0.333333333333333 29 1 -564.651096790108 -496.408899016769 -1.77150427117926e-25 -18.0351390710616 1023.53102189903 1023.53102189903 1023.53102189903
"V121" "SerumReversal" 22 0.565015025795835 41.2884842832415 0.0430971840212106 0.00204962019976378 1.24654863880386e-106 0.000460154152847281 -2.15880298846116e-05 -1.1207701433591e-13 5.35915519555186e+90 0.893450384134542 5.70927004257792e-29 0.106549615865458 0.5 1 2 0.333333333333333 0.333333333333333 0.333333333333333 28 1 -564.651310156019 -496.408295740579 -2.57156181645584e-26 -18.0354784050055 1149.75699539774 1149.75699539774 1149.75699539774
"V122" "SerumReversal" 23 0.565015310086461 41.2871809647061 0.0430972178853448 0.00204962613586075 1.25615204240193e-106 0.000409638012513369 -1.92186115768322e-05 1.11521902823597e-13 -3.32410851216301e+90 0.893449034068003 8.28764684484891e-30 0.106550965931997 0.5 1 2 0.333333333333333 0.333333333333333 0.333333333333333 28 1 -564.651500095847 -496.407758712359 -3.7329137784178e-27 -18.0357804828156 1291.54966501488 1291.54966501488 1291.54966501488
"V123" "SerumReversal" 24 0.565015563163346 41.2860207479705 0.0430972480298502 0.00204963142010984 1.26476323826086e-106 0.00036466739777552 -1.71091906686627e-05 1.12687636999453e-13 3.46136972541212e+89 0.893447832254873 1.2030358379743e-30 0.106552167745127 0.5 1 2 0.333333333333333 0.333333333333333 0.333333333333333 28 1 -564.651669181528 -496.407280656278 -5.41870600835631e-28 -18.0360493947375 1450.82877849594 1450.82877849594 1450.82877849594
"V124" "SerumReversal" 25 0.565015788453893 41.2849879190597 0.0430972748634724 0.00204963612410612 1.2724786063232e-106 0.000324633573427491 -1.52312501242591e-05 -2.45747866500778e-13 -3.70008487888881e+90 0.893446762411585 1.74631641120472e-31 0.106553237588415 0.5 1 2 0.333333333333333 0.333333333333333 0.333333333333333 28 1 -564.651819702869 -496.406855095065 -7.86575161207154e-29 -18.0362887823656 1629.75083462065 1629.75083462065 1629.75083462065
"V125" "SerumReversal" 26 0.565015989008802 41.2840684905052 0.0430972987498796 0.00204964031156603 1.27938644723855e-106 0.000288994617676508 -1.35593980985504e-05 3.36786154520041e-13 1.8699353689008e+89 0.893445810046423 2.72274860386292e-32 0.106554189953577 0.5 1 2 0.333333333333333 0.333333333333333 0.333333333333333 27 1 -564.6519536979 -496.406476264195 -1.22638004618682e-29 -18.0365018868781 1830.73828029537 1830.73828029537 1830.73828029537
"V126" "SerumReversal" 27 0.565016167544657 41.2832500092287 0.0430973200131181 0.00204964403924131 1.28556739574039e-106 0.000257268090308571 -1.20710259956525e-05 2.33590924381133e-13 3.99450023484341e+90 0.893444962252145 4.24511928583201e-33 0.106555037747854 0.5 1 2 0.333333333333333 0.333333333333333 0.333333333333333 27 1 -564.652072981816 -496.406139029458 -1.91208697337301e-30 -18.0366915951108 2056.51230834865 2056.51230834865 2056.51230834865
"V127" "SerumReversal" 28 0.565016326478817 41.2825213915768 0.0430973389412417 0.00204964735761338 1.29109483712563e-106 0.000229024505188136 -1.07460037988005e-05 2.52020626589911e-13 -1.56955213410929e+90 0.893444207547263 6.6186626435678e-34 0.106555792452737 0.5 1 2 0.333333333333333 0.333333333333333 0.333333333333333 27 1 -564.652179169521 -496.40583882374 -2.98117986584619e-31 -18.0368604753365 2310.12970008316 2310.12970008316 2310.12970008316
"V128" "SerumReversal" 29 0.565016467963491 41.2818727704854 0.0430973557907631 0.00204965031163018 1.29603540004754e-106 0.000203881519553306 -9.56640873184256e-06 9.27591337074318e-14 -2.39113012065825e+90 0.893443535708978 1.03192659675806e-34 0.106556464291022 0.5 1 2 0.333333333333333 0.333333333333333 0.333333333333333 27 1 -564.652273698913 -496.405571580621 -4.64800844777935e-32 -18.0370108143449 2595.02421139974 2595.02421139974 2595.02421139974
"V129" "SerumReversal" 30 0.565016593914258 41.2812953630289 0.0430973707898796 0.00204965294129049 1.30044943062658e-106 0.000181498759332044 -8.5162834402297e-06 6.38378239159465e-15 2.63183456708059e+90 0.893442937640008 1.72810032565414e-35 0.106557062359992 0.5 1 2 0.333333333333333 0.333333333333333 0.333333333333333 26 1 -564.652357849683 -496.405333681377 -7.78371999945597e-33 -18.0371446473076 2915.05306282518 2915.05306282518 2915.05306282518
"V130" "SerumReversal" 31 0.565016706037259 41.2807813489463 0.0430973841420774 0.00204965528223547 1.30439149262568e-106 0.000161573212892563 -7.58142073209456e-06 1.08024700296028e-13 2.72035810316153e+90 0.893442405234554 2.89392811142922e-36 0.106557594765446 0.5 1 2 0.333333333333333 0.333333333333333 0.333333333333333 26 1 -564.652432761974 -496.405121901717 -1.30348526159385e-33 -18.0372637875041 3274.54916287773 3274.54916287773 3274.54916287773
"V131" "SerumReversal" 32 0.565016805850393 41.2803237685088 0.0430973960281169 0.00204965736615609 1.30791080776737e-106 0.000143835131041214 -6.74917177079237e-06 -1.61648472385423e-13 8.43460208950998e+89 0.893441931284852 4.8462444291498e-37 0.106558068715148 0.5 1 2 0.333333333333333 0.333333333333333 0.333333333333333 26 1 -564.652499449774 -496.404933374528 -2.18284963376228e-34 -18.0373698475486 3678.37977182863 3678.37977182863 3678.37977182863
"V132" "SerumReversal" 33 0.56501689470519 41.2799164256014 0.0430974066090199 0.00204965922127469 1.31105172691963e-106 0.000128044375685477 -6.00827529240178e-06 -7.33857419277228e-14 3.37284618933117e+90 0.893441509372168 8.11562205411031e-38 0.106558490627832 0.5 1 2 0.333333333333333 0.333333333333333 0.333333333333333 26 1 -564.652558816062 -496.404765546571 -3.65544644067362e-35 -18.0374642635177 4132.01240011534 4132.01240011534 4132.01240011534
"V133" "SerumReversal" 34 0.565016973804484 41.2795538050661 0.0430974160279959 0.00204966087270231 1.3138541484979e-106 0.000113987169584107 -5.34870545720878e-06 1.08413278354647e-13 -2.38118365593006e+90 0.893441133785278 1.45975751716982e-38 0.106558866214723 0.5 1 2 0.333333333333333 0.333333333333333 0.333333333333333 25 1 -564.652611664347 -496.404616146027 -6.57505554514401e-36 -18.0375483132904 4641.58883361278 4641.58883361278 4641.58883361278
"V134" "SerumReversal" 35 0.565017044219945 41.2792309955132 0.0430974244128892 0.00204966234282811 1.31635394035601e-106 0.000101473202619218 -4.7615364380249e-06 -1.16240350678254e-13 -3.98853235600649e+90 0.893440799432392 2.6256619384758e-39 0.106559200567608 0.5 1 2 0.333333333333333 0.333333333333333 0.333333333333333 25 1 -564.652658710885 -496.404483147516 -1.18265370939449e-36 -18.0376231360131 5214.00828799969 5214.00828799969 5214.00828799969
"V135" "SerumReversal" 36 0.565017106904671 41.2789436266273 0.043097431877134 0.00204966365154683 1.31858328593013e-106 9.03330570167782e-05 -4.23882181266322e-06 1.43718370537727e-13 -1.04338414998773e+90 0.893440501788644 4.72276317745688e-40 0.106559498211356 0.5 1 2 0.333333333333333 0.333333333333333 0.333333333333333 25 1 -564.652700592324 -496.404364751126 -2.12723285872199e-37 -18.0376897441892 5857.02081805666 5857.02081805666 5857.02081805666
"V136" "SerumReversal" 37 0.565017162707418 41.2786878073392 0.0430974385218272 0.0020496648165805 1.32057105286499e-106 8.04159128051651e-05 -3.77348708724412e-06 7.88813458996174e-14 1.56955213410929e+90 0.893440236823459 8.49479454868226e-41 0.106559763176541 0.5 1 2 0.333333333333333 0.333333333333333 0.333333333333333 25 1 -564.652737875735 -496.40425935358 -3.8262365019919e-38 -18.0377490396813 6579.33224657568 6579.33224657568 6579.33224657568
"V137" "SerumReversal" 38 0.56501721238345 41.2784600744055 0.0430974444368392 0.00204966585369318 1.32234310416065e-106 7.1587506454307e-05 -3.35923412464467e-06 -4.94604357470507e-14 -1.30298687939364e+89 0.893440000951451 1.64116595967109e-41 0.106559999048549 0.5 1 2 0.333333333333333 0.333333333333333 0.333333333333333 24 1 -564.652771065605 -496.404165528672 -7.39216224823378e-39 -18.0378018248098 7390.72203352578 7390.72203352578 7390.72203352578
"V138" "SerumReversal" 39 0.565017256606017 41.2782573430315 0.0430974497025382 0.00204966677695379 1.32392261210393e-106 6.37283142168599e-05 -2.99045593976643e-06 -2.88158386041459e-13 -7.95717178255659e+89 0.89343979097315 3.17067427833441e-42 0.10656020902685 0.5 1 2 0.333333333333333 0.333333333333333 0.333333333333333 24 1 -564.652800612002 -496.404082003748 -1.42813963503156e-39 -18.0378488153828 8302.17568131974 8302.17568131974 8302.17568131974
"V139" "SerumReversal" 40 0.565017295973543 41.2780768689151 0.0430974543900981 0.00204966759885059 1.32533029796203e-106 5.67319332844818e-05 -2.66216092370541e-06 -1.51600954012565e-13 -3.46534831130339e+90 0.893439604048176 6.12562379017413e-43 0.106560395951824 0.5 1 2 0.333333333333333 0.333333333333333 0.333333333333333 24 1 -564.652826914612 -496.404007648951 -2.75911251089784e-40 -18.0378906470454 9326.0334688322 9326.0334688322 9326.0334688322
"V140" "SerumReversal" 41 0.565017331019052 41.2779162084621 0.0430974585629989 0.00204966833051257 1.3265846978062e-106 5.05036421145633e-05 -2.36990526758518e-06 -1.61703983536654e-13 -1.43527486027864e+90 0.893439437645446 1.1834464803203e-43 0.106560562354554 0.5 1 2 0.333333333333333 0.333333333333333 0.333333333333333 24 1 -564.65285032956 -496.403941457469 -5.3304976207646e-41 -18.0379278861777 10476.1575278967 10476.1575278967 10476.1575278967
"V141" "SerumReversal" 42 0.565017362216745 41.2777731869651 0.0430974622776272 0.00204966898183479 1.3277023755705e-106 4.49591177016373e-05 -2.10973290748484e-06 -3.84137166520304e-14 -1.61132728596771e+89 0.893439289514377 2.45578385187232e-44 0.106560710485623 0.5 1 2 0.333333333333333 0.333333333333333 0.333333333333333 23 1 -564.652871173552 -496.403882534053 -1.10613798918193e-41 -18.0379610364541 11768.11952435 11768.11952435 11768.11952435
"V142" "SerumReversal" 43 0.565017389989671 41.2776458666727 0.0430974655845459 0.00204966956166178 1.32869814454417e-106 4.00232935930944e-05 -1.87812199925474e-06 3.65818486613989e-14 -1.93956062199817e+89 0.893439157643704 5.09602278839092e-45 0.106560842356296 0.5 1 2 0.333333333333333 0.333333333333333 0.333333333333333 23 1 -564.652889729493 -496.403830078695 -2.29535869998549e-42 -18.0379905478294 13219.4114846603 13219.4114846603 13219.4114846603
"V143" "SerumReversal" 44 0.56501741471352 41.2775325243917 0.0430974685283971 0.00204967007783105 1.3295852201323e-106 3.56293448930955e-05 -1.67193724109893e-06 1.30118138486068e-13 3.42158386649933e+89 0.893439040250789 1.05748038632408e-45 0.106560959749211 0.5 1 2 0.333333333333333 0.333333333333333 0.333333333333333 23 1 -564.652906248256 -496.403783382281 -4.76312032014812e-43 -18.0380168192791 14849.6826225447 14849.6826225447 14849.6826225447
"V144" "SerumReversal" 45 0.565017436723041 41.2774316255109 0.0430974711490439 0.00204967053733155 1.33037540546009e-106 3.17177827469095e-05 -1.4883874825955e-06 2.07611705604904e-13 -2.22999739206148e+90 0.893438935746119 2.19438611683055e-46 0.106561064253881 0.5 1 2 0.333333333333333 0.333333333333333 0.333333333333333 23 1 -564.652920953497 -496.403741812539 -9.88399016182401e-44 -18.0380402065027 16681.0053720006 16681.0053720006 16681.0053720006
"V145" "SerumReversal" 46 0.565017456315927 41.2773418045126 0.0430974734818488 0.0020496709463729 1.33107922989401e-106 2.82356486422941e-05 -1.32498794869207e-06 1.00142116821189e-13 4.57537377497004e+89 0.893438842717312 4.89099450038344e-47 0.106561157282687 0.5 1 2 0.333333333333333 0.333333333333333 0.333333333333333 22 1 -564.652934043988 -496.403704807639 -2.20300993304077e-44 -18.0380610256203 18738.1742286039 18738.1742286039 18738.1742286039
"V146" "SerumReversal" 47 0.565017473758101 41.2772618439797 0.0430974755586614 0.00204967131051896 1.33170610242431e-106 2.5135798523479e-05 -1.17952660261267e-06 1.46216372343133e-13 2.06886466346471e+89 0.89343875989923 1.09013711408413e-47 0.10656124010077 0.5 1 2 0.333333333333333 0.333333333333333 0.333333333333333 22 1 -564.652945697659 -496.403671864363 -4.91021407914138e-45 -18.03807955963 21049.0414451202 21049.0414451202 21049.0414451202
"V147" "SerumReversal" 48 0.565017489285376 41.2771906619706 0.0430974774074644 0.0020496716346867 1.33226440168894e-106 2.23762637006075e-05 -1.05003422135042e-06 2.55906407176099e-14 1.93558203610689e+90 0.89343868617346 2.42976862413387e-48 0.10656131382654 0.5 1 2 0.333333333333333 0.333333333333333 0.333333333333333 22 1 -564.652956071927 -496.403642537816 -1.09442055147081e-45 -18.0380960588766 23644.8941264541 23644.8941264541 23644.8941264541
"V148" "SerumReversal" 49 0.565017503107982 41.2771272947254 0.0430974790532911 0.00204967192326525 1.33276160461935e-106 1.99196830408255e-05 -9.34757775183925e-07 1.50435219836709e-13 2.55425214220066e+90 0.893438620541777 5.41562486969755e-49 0.106561379458223 0.5 1 2 0.333333333333333 0.333333333333333 0.333333333333333 22 1 -564.652965307251 -496.403616430926 -2.43931513579144e-46 -18.0381107467477 26560.8778294668 26560.8778294668 26560.8778294668
"V149" "SerumReversal" 50 0.565017515412762 41.277070884895 0.0430974805183029 0.00204967218014982 1.33320437318569e-106 1.77327970618535e-05 -8.32136638706515e-07 5.38458166943201e-14 5.74905661289713e+89 0.893438562118163 1.29650961860385e-49 0.106561437881837 0.5 1 2 0.333333333333333 0.333333333333333 0.333333333333333 21 1 -564.652973528347 -496.403593191239 -5.83976128196292e-47 -18.0381238215772 29836.4724028334 29836.4724028334 29836.4724028334
"V150" "SerumReversal" 51 0.565017526366962 41.2770206674351 0.0430974818225986 0.0020496724088441 1.33359866075173e-106 1.57859972773622e-05 -7.4078151257595e-07 -2.70450328798688e-13 1.54766991170726e+90 0.893438510106034 3.10386488002057e-50 0.106561489893966 0.5 1 2 0.333333333333333 0.333333333333333 0.333333333333333 21 1 -564.652980847213 -496.403572501919 -1.39804828561864e-47 -18.0381354615133 33516.0265093885 33516.0265093885 33516.0265093885
"V151" "SerumReversal" 52 0.565017536118552 41.2769759631243 0.0430974829836996 0.00204967261243097 1.33394975936497e-106 1.40529263035205e-05 -6.5945561189551e-07 -7.66053886991358e-15 3.80551740500769e+90 0.893438463804106 7.4307008418413e-51 0.106561536195894 0.5 1 2 0.333333333333333 0.333333333333333 0.333333333333333 21 1 -564.652987362576 -496.403554083997 -3.3469494493162e-48 -18.0381458235563 37649.3580679247 37649.3580679247 37649.3580679247
"V152" "SerumReversal" 53 0.565017544799562 41.2769361666902 0.0430974840173271 0.00204967279366689 1.33426239027479e-106 1.25101199159872e-05 -5.87057915168998e-07 -8.90953977261688e-14 3.58669518098738e+90 0.893438422585474 1.77892100745241e-51 0.106561577414526 0.5 1 2 0.333333333333333 0.333333333333333 0.333333333333333 21 1 -564.652993162648 -496.403537688101 -8.01264773655057e-49 -18.0381550480009 42292.428743895 42292.428743895 42292.428743895
"V153" "SerumReversal" 54 0.565017552527218 41.2769007399272 0.0430974849373522 0.00204967295499363 1.33454075575916e-106 1.11366899773202e-05 -5.22608267772284e-07 -1.37556632751057e-13 4.44507508703067e+90 0.893438385894681 4.57432622961237e-52 0.106561614105319 0.5 1 2 0.333333333333333 0.333333333333333 0.333333333333333 20 1 -564.652998325632 -496.40352309327 -2.06037622434001e-49 -18.0381632592076 47508.101621028 47508.101621028 47508.101621028
"V154" "SerumReversal" 55 0.565017559406799 41.2768692018932 0.0430974857564949 0.00204967309862107 1.33478861446663e-106 9.91404169781163e-06 -4.65234133883996e-07 1.72639680329212e-13 -9.90667886928295e+89 0.893438353229392 1.17624432722168e-52 0.106561646770609 0.5 1 2 0.333333333333333 0.333333333333333 0.333333333333333 20 1 -564.653002922123 -496.403510099714 -5.29806089451214e-50 -18.0381705694763 53366.9923120631 53366.9923120631 53366.9923120631
"V155" "SerumReversal" 56 0.565017565531103 41.2768411262711 0.0430974864857071 0.00204967322648031 1.33500930066628e-106 8.82562153492472e-06 -4.14158733974546e-07 -1.74860126378462e-14 2.08179506761137e+90 0.893438324150277 3.02459962445677e-53 0.106561675849723 0.5 1 2 0.333333333333333 0.333333333333333 0.333333333333333 20 1 -564.653007013988 -496.403498532661 -1.36234563605585e-50 -18.0381770771871 59948.4250318941 59948.4250318941 59948.4250318941
"V156" "SerumReversal" 57 0.56501757098305 41.2768161329368 0.0430974871348619 0.00204967334030245 1.33520578948489e-106 7.85669334391059e-06 -3.6869058561706e-07 1.79023462720806e-13 -7.74829602326448e+89 0.893438298263628 7.777467342948e-54 0.106561701736372 0.5 1 2 0.333333333333333 0.333333333333333 0.333333333333333 20 1 -564.653010656628 -496.403488235504 -3.50314096686135e-51 -18.0381828704479 67341.5065775083 67341.5065775083 67341.5065775083
"V157" "SerumReversal" 58 0.565017575836148 41.276793884106 0.0430974877126243 0.00204967344161649 1.3353807262943e-106 6.99413857319087e-06 -3.28214095901558e-07 -7.90478793533111e-14 -1.6819471855379e+90 0.893438275221583 2.14808827220398e-54 0.106561724778417 0.5 1 2 0.333333333333333 0.333333333333333 0.333333333333333 19 1 -564.653013899032 -496.403479069856 -9.67545834036598e-52 -18.0381880271635 75646.3327554629 75646.3327554629 75646.3327554629
"V158" "SerumReversal" 59 0.565017580156754 41.27677407726 0.0430974882270809 0.00204967353181982 1.33553648170839e-106 6.22627942448162e-06 -2.92181280059367e-07 1.34392497130875e-13 1.90972122781358e+90 0.893438254706592 5.9328861526222e-55 0.106561745293408 0.5 1 2 0.333333333333333 0.333333333333333 0.333333333333333 19 1 -564.653016785796 -496.403470909431 -2.67230142407915e-52 -18.0381926182804 84975.3435908645 84975.3435908645 84975.3435908645
"V159" "SerumReversal" 60 0.565017584003023 41.2767564449102 0.0430974886850574 0.00204967361212016 1.33567515278547e-106 5.54271935016004e-06 -2.60104300764397e-07 6.66688926287407e-14 3.57277013036791e+90 0.893438236443844 1.63862611574216e-55 0.106561763556156 0.5 1 2 0.333333333333333 0.333333333333333 0.333333333333333 19 1 -564.653019355637 -496.403463644901 -7.38072977672850e-53 -18.038196705362 95454.8456661836 95454.8456661836 95454.8456661836
"V160" "SerumReversal" 61 0.565017587427028 41.2767407483263 0.0430974890927549 0.00204967368360471 1.33579861198559e-106 4.93420384373167e-06 -2.31548852980268e-07 -2.24820162486594e-13 -1.43229092086019e+89 0.893438220186076 4.52578272354871e-56 0.106561779813924 0.5 1 2 0.333333333333333 0.333333333333333 0.333333333333333 19 1 -564.653021643348 -496.403457177908 -2.03851136654819e-53 -18.0382003437434 107226.722201032 107226.722201032 107226.722201032
"V161" "SerumReversal" 62 0.565017590474822 41.2767267756084 0.0430974894555683 0.00204967374722917 1.3359085219522e-106 4.39249407691022e-06 -2.06128358826163e-07 -7.51065876158918e-14 1.63718809426102e+90 0.893438205715807 1.34261402384621e-56 0.106561794284193 0.5 1 2 0.333333333333333 0.333333333333333 0.333333333333333 18 1 -564.653023679574 -496.403451421931 -6.04742679570204e-54 -18.0382035821512 120450.354025878 120450.354025878 120450.354025878
"V162" "SerumReversal" 63 0.565017593188321 41.2767143362721 0.0430974897786746 0.00204967380388074 1.33600637790215e-106 3.9102558275772e-06 -1.83498627848167e-07 2.35367281220533e-13 3.99549488131623e+90 0.893438192831526 3.98298468105771e-57 0.106561807168474 0.5 1 2 0.333333333333333 0.333333333333333 0.333333333333333 18 1 -564.653025492581 -496.403446296841 -1.79402330369653e-54 -18.0382064655637 135304.777457981 135304.777457981 135304.777457981
"V163" "SerumReversal" 64 0.565017595603919 41.2767032625915 0.0430974900663086 0.00204967385431281 1.33609349674238e-106 3.48096011748567e-06 -1.63353291782187e-07 7.57727214306669e-14 4.41623033931891e+89 0.893438181361746 1.18158800465984e-57 0.106561818638254 0.5 1 2 0.333333333333333 0.333333333333333 0.333333333333333 18 1 -564.653027106547 -496.403441734409 -5.32213051148393e-55 -18.0382090324212 151991.108295293 151991.108295293 151991.108295293
"V164" "SerumReversal" 65 0.56501759775432 41.2766934046335 0.0430974903223646 0.00204967389920819 1.3361710560309e-106 3.09879442284e-06 -1.45419605246389e-07 2.77056155795208e-13 -2.08080042113855e+90 0.893438171151179 3.5052862828917e-58 0.106561828848821 0.5 1 2 0.333333333333333 0.333333333333333 0.333333333333333 18 1 -564.653028543324 -496.403437672865 -1.57885753022248e-55 -18.0382113174759 170735.264747069 170735.264747069 170735.264747069
"V165" "SerumReversal" 66 0.565017599668331 41.2766846295453 0.0430974905501845 0.00204967393916255 1.33624009941537e-106 2.75858479881208e-06 -1.29454754471681e-07 1.76136882856781e-13 2.19419011903998e+90 0.893438162064221 1.11692645985914e-58 0.106561837935779 0.5 1 2 0.333333333333333 0.333333333333333 0.333333333333333 17 1 -564.653029822036 -496.403434058255 -5.03088084338099e-56 -18.0382133511313 191791.026167249 191791.026167249 191791.026167249
"V166" "SerumReversal" 67 0.56501760137252 41.2766768172171 0.0430974907531179 0.00204967397474269 1.33630157071343e-106 2.45572493895452e-06 -1.15242599463272e-07 -2.85882428840978e-13 2.33045668581626e+90 0.893438153972235 3.55898086161164e-59 0.106561846027765 0.5 1 2 0.333333333333333 0.333333333333333 0.333333333333333 17 1 -564.653030960693 -496.403430839438 -1.60304275759157e-56 -18.0382151620565 215443.469003189 215443.469003189 215443.469003189
"V167" "SerumReversal" 68 0.565017602889615 41.2766698625663 0.0430974909337724 0.00204967400641666 1.33635629575604e-106 2.1861147843083e-06 -1.02590718142892e-07 2.06501482580279e-13 -2.45279820197307e+90 0.893438146768629 1.13403566772841e-59 0.106561853231371 0.5 1 2 0.333333333333333 0.333333333333333 0.333333333333333 17 1 -564.653031974342 -496.403427974 -5.10794449945276e-57 -18.0382167741695 242012.826479438 242012.826479438 242012.826479438
"V168" "SerumReversal" 69 0.565017604240156 41.2766636714301 0.0430974910945936 0.00204967403461331 1.33640501470979e-106 1.94610350945368e-06 -9.1327812867803e-08 3.35509398041722e-13 2.19617941198562e+90 0.893438140355869 3.61349755814264e-60 0.106561859644131 0.5 1 2 0.333333333333333 0.333333333333333 0.333333333333333 17 1 -564.653032876709 -496.403425423143 -1.6275982819214e-57 -18.038218209297 271858.824273294 271858.824273294 271858.824273294
"V169" "SerumReversal" 70 0.565017605442119 41.2766581606037 0.0430974912376338 0.00204967405970218 1.33644838168449e-106 1.73244188772514e-06 -8.13014153777658e-08 -3.33733041202322e-13 5.05777731428753e+90 0.893438134649784 1.23672315581849e-60 0.106561865350216 0.5 1 2 0.333333333333333 0.333333333333333 0.333333333333333 16 1 -564.653033679678 -496.403423153372 -5.57047142795552e-58 -18.0382194863324 305385.550883342 305385.550883342 305385.550883342
"V170" "SerumReversal" 71 0.565017606512433 41.2766532541666 0.0430974913650955 0.00204967408204886 1.33648699366955e-106 1.54223715753687e-06 -7.23757516141177e-08 5.31241717283137e-14 5.41883398392104e+90 0.893438129567495 4.23269730440675e-61 0.106561870432505 0.5 1 2 0.333333333333333 0.333333333333333 0.333333333333333 16 1 -564.653034394824 -496.403421131749 -1.90649939363743e-58 -18.0382206237046 343046.928631492 343046.928631492 343046.928631492
"V171" "SerumReversal" 72 0.565017607465244 41.2766488863834 0.0430974914785639 0.00204967410194223 1.33652136757046e-106 1.37291397095396e-06 -6.44299973373563e-08 -1.85962356624714e-13 -3.71798851539956e+90 0.893438125043162 1.44864484080731e-61 0.106561874956838 0.5 1 2 0.333333333333333 0.333333333333333 0.333333333333333 16 1 -564.653035031458 -496.403419332069 -6.52501305714214e-59 -18.0382216362112 385352.859371053 385352.859371053 385352.859371053
"V172" "SerumReversal" 73 0.565017608313449 41.2766449981181 0.0430974915795751 0.00204967411965159 1.33655196847067e-106 1.22217988973716e-06 -5.73565586137192e-08 1.49324996812084e-14 3.95471437593062e+90 0.893438121015534 4.95800123370597e-62 0.106561878984466 0.5 1 2 0.333333333333333 0.333333333333333 0.333333333333333 16 1 -564.653035598199 -496.403417729967 -2.23319214974398e-59 -18.0382225375594 432876.128108306 432876.128108306 432876.128108306
"V173" "SerumReversal" 74 0.565017609068224 41.2766415373401 0.0430974916693712 0.0020496741354045 1.3365792055912e-106 1.0879942919928e-06 -5.10596720459944e-08 5.41233724504764e-14 -9.40935563287316e+89 0.893438117432737 1.82261532660816e-62 0.106561882567263 0.5 1 2 0.333333333333333 0.333333333333333 0.333333333333333 15 1 -564.653036102389 -496.403416304795 -8.20945791651562e-60 -18.0382233394153 486260.158006536 486260.158006536 486260.158006536
"V174" "SerumReversal" 75 0.565017609740447 41.2766384558892 0.0430974917494345 0.0020496741494402 1.33660345780316e-106 9.68540120993566e-07 -4.54540973748863e-08 -2.59681165459824e-13 -2.76312790149277e+90 0.893438114240622 6.70013265081179e-63 0.106561885759378 0.5 1 2 0.333333333333333 0.333333333333333 0.333333333333333 15 1 -564.653036551558 -496.403415035044 -3.01788623909864e-60 -18.0382240537769 546227.721768435 546227.721768435 546227.721768435
"V175" "SerumReversal" 76 0.56501761033887 41.2766357127344 0.0430974918207082 0.002049674161935 1.33662504786359e-106 8.62200238316291e-07 -4.04639273199336e-08 6.0507154842071e-15 -7.20124046321371e+89 0.89343811139895 2.46304178810088e-63 0.10656188860105 0.5 1 2 0.333333333333333 0.333333333333333 0.333333333333333 15 1 -564.653036951415 -496.403413904691 -1.10940787567011e-60 -18.0382246897131 613590.727341317 613590.727341317 613590.727341317
"V176" "SerumReversal" 77 0.565017610871595 41.2766332707378 0.043097491884157 0.00204967417305806 1.33664426794545e-106 7.6753474331781e-07 -3.60216034778205e-08 -1.99062988315291e-13 3.32808709805429e+90 0.893438108869252 9.05440999013513e-64 0.106561891130748 0.5 1 2 0.333333333333333 0.333333333333333 0.333333333333333 15 1 -564.653037307373 -496.403412898434 -4.07830423983047e-61 -18.0382252558329 689261.21043497 689261.21043497 689261.21043497
"V177" "SerumReversal" 78 0.565017611345524 41.2766310974532 0.0430974919405142 0.00204967418294771 1.33666137330776e-106 6.83262157963327e-07 -3.20669784059646e-08 1.49824597173165e-13 -1.96940001618276e+90 0.893438106619941 3.57513310699706e-64 0.106561893380059 0.5 1 2 0.333333333333333 0.333333333333333 0.333333333333333 14 1 -564.653037623921 -496.403412003694 -1.61031812598147e-61 -18.0382257592616 774263.682681128 774263.682681128 774263.682681128
"V178" "SerumReversal" 79 0.565017611767732 41.2766291621438 0.0430974919908099 0.00204967419176386 1.33667660582941e-106 6.08241464306047e-07 -2.85465056037992e-08 -1.24955601421561e-13 -1.59143435651132e+89 0.893438104614911 1.41164103138042e-64 0.106561895385089 0.5 1 2 0.333333333333333 0.333333333333333 0.333333333333333 14 1 -564.653037906048 -496.40341120614 -6.35833988501537e-62 -18.03822620796 869749.002617784 869749.002617784 869749.002617784
"V179" "SerumReversal" 80 0.56501761214359 41.2766274393021 0.0430974920355842 0.00204967419961216 1.33669016619613e-106 5.41456927294348e-07 -2.54125325227506e-08 -2.50743870111592e-13 -5.69932428925615e+89 0.893438102829999 5.5738634935739e-65 0.106561897170001 0.5 1 2 0.333333333333333 0.333333333333333 0.333333333333333 14 1 -564.653038157202 -496.403410496143 -2.51059000224253e-62 -18.0382266073991 977009.957299226 977009.957299226 977009.957299226
"V180" "SerumReversal" 81 0.565017612478183 41.2766259056015 0.043097492075443 0.00204967420659884 1.33670223796194e-106 4.82004395507829e-07 -2.26226184452116e-08 9.43689570931383e-16 3.42655709886343e+90 0.893438101241041 2.20083954834272e-65 0.106561898758959 0.5 1 2 0.333333333333333 0.333333333333333 0.333333333333333 14 1 -564.653038380784 -496.403409864093 -9.91306259662577e-63 -18.0382269629862 1097498.76549306 1097498.76549306 1097498.76549306
"V181" "SerumReversal" 82 0.565017612775732 41.2766245409003 0.0430974921107993 0.00204967421280617 1.33671297960851e-106 4.29078681918327e-07 -2.01389944720631e-08 -5.96189764223709e-14 -2.58807012227653e+90 0.893438099829203 9.333921008058e-66 0.106561900170797 0.5 1 2 0.333333333333333 0.333333333333333 0.333333333333333 13 1 -564.653038579486 -496.403409302483 -4.20420213595428e-63 -18.0382272789933 1232846.73944207 1232846.73944207 1232846.73944207
"V182" "SerumReversal" 83 0.565017613040925 41.2766233254058 0.0430974921424002 0.00204967421834429 1.33672254692903e-106 3.81963673135033e-07 -1.79280483791899e-08 5.45119505090952e-14 -2.27972971570246e+90 0.893438098569699 3.95858394823262e-66 0.106561901430301 0.5 1 2 0.333333333333333 0.333333333333333 0.333333333333333 13 1 -564.653038756705 -496.403408801483 -1.78303277778585e-63 -18.0382275608469 1384886.37139387 1384886.37139387 1384886.37139387
"V183" "SerumReversal" 84 0.565017613277005 41.2766222433482 0.0430974921705321 0.00204967422327447 1.33673106400647e-106 3.40020847033884e-07 -1.59598094739977e-08 -2.11441975039861e-13 -5.589913177246e+89 0.893438097448458 1.67886430730442e-66 0.106561902551542 0.5 1 2 0.333333333333333 0.333333333333333 0.333333333333333 13 1 -564.65303891447 -496.403408355481 -7.56197198408611e-64 -18.0382278117598 1555676.14393047 1555676.14393047 1555676.14393047
"V184" "SerumReversal" 85 0.565017613487167 41.2766212800861 0.0430974921955756 0.00204967422766338 1.33673864606879e-106 3.02682906294649e-07 -1.42076643783184e-08 -2.31648034088039e-13 -1.71675981208658e+90 0.893438096450315 7.12018588359387e-67 0.106561903549685 0.5 1 2 0.333333333333333 0.333333333333333 0.333333333333333 13 1 -564.653039054915 -496.403407958443 -3.20708743226184e-64 -18.038228035126 1747528.40000769 1747528.40000769 1747528.40000769
"V185" "SerumReversal" 86 0.565017613673943 41.2766204231996 0.0430974922177427 0.00204967423155809 1.33674539084376e-106 2.69444058176305e-07 -1.26478809647779e-08 1.25233157177718e-13 2.11660769416005e+90 0.893438095564436 3.24347649518009e-67 0.106561904435564 0.5 1 2 0.333333333333333 0.333333333333333 0.333333333333333 12 1 -564.653039179606 -496.403407606048 -1.46093274528457e-64 -18.0382282334262 1963040.65004027 1963040.65004027 1963040.65004027
"V186" "SerumReversal" 87 0.565017613840525 41.276619659765 0.0430974922376025 0.00204967423503752 1.3367514000789e-106 2.39854330175149e-07 -1.12593347978418e-08 1.7519319328585e-13 -1.55960566938109e+90 0.893438094773143 1.47750914459455e-67 0.106561905226857 0.5 1 2 0.333333333333333 0.333333333333333 0.333333333333333 12 1 -564.653039290941 -496.403407291293 -6.65502430799373e-65 -18.0382284104968 2205130.73990305 2205130.73990305 2205130.73990305
"V187" "SerumReversal" 88 0.565017613988822 41.2766189801411 0.0430974922552826 0.00204967423813502 1.33675674963698e-106 2.13513146718469e-07 -1.00232284694357e-08 -1.36612943180126e-13 -1.97138930912839e+90 0.893438094068708 6.73053518906892e-68 0.106561905931292 0.5 1 2 0.333333333333333 0.333333333333333 0.333333333333333 12 1 -564.653039390055 -496.403407011087 -3.03158024240809e-65 -18.0382285681308 2477076.35599171 2477076.35599171 2477076.35599171
"V188" "SerumReversal" 89 0.565017614120837 41.2766183751283 0.0430974922710218 0.00204967424089247 1.33676151192278e-106 1.90063872196333e-07 -8.92282869813243e-09 -1.02196029416746e-13 6.7536495504449e+89 0.893438093441609 3.06597790118965e-68 0.106561906558391 0.5 1 2 0.333333333333333 0.333333333333333 0.333333333333333 12 1 -564.653039478288 -496.403406761644 -1.38098349851458e-65 -18.0382287084588 2782559.40220712 2782559.40220712 2782559.40220712
"V189" "SerumReversal" 90 0.565017614238359 41.2766178365378 0.043097492285033 0.00204967424334719 1.3367657513874e-106 1.69188865584147e-07 -7.94323185004941e-09 -1.63868918434673e-13 -3.33206568394557e+89 0.893438092883357 1.3966527495354e-68 0.106561907116643 0.5 1 2 0.333333333333333 0.333333333333333 0.333333333333333 12 1 -564.653039556834 -496.403406539586 -6.29082942880138e-66 -18.0382288333809 3125715.84968824 3125715.84968824 3125715.84968824
"V190" "SerumReversal" 91 0.565017614342698 41.2766173576358 0.0430974922973924 0.00204967424552135 1.33676952101605e-106 1.5060567193359e-07 -7.0711898558784e-09 -7.75490782700672e-14 -1.13588627195995e+90 0.893438092388794 6.83363140035803e-69 0.106561907611206 0.5 1 2 0.333333333333333 0.333333333333333 0.333333333333333 11 1 -564.653039626457 -496.403406342849 -3.07801703362147e-66 -18.038228944102 3511191.73421514 3511191.73421514 3511191.73421514
"V191" "SerumReversal" 92 0.56501761443586 41.2766169307565 0.0430974923085076 0.00204967424746779 1.33677288117772e-106 1.34062702272786e-07 -6.2948863899237e-09 1.88737914186277e-15 -1.92563557137869e+90 0.893438091946146 3.34360263031827e-69 0.106561908053854 0.5 1 2 0.333333333333333 0.333333333333333 0.333333333333333 11 1 -564.653039688734 -496.403406166777 -1.50603174936763e-66 -18.0382290431497 3944206.05943766 3944206.05943766 3944206.05943766
"V192" "SerumReversal" 93 0.565017614518798 41.2766165507364 0.0430974923184033 0.00204967424920064 1.33677587249573e-106 1.19335652470909e-07 -5.60379476155504e-09 9.45910016980633e-14 -9.88678593982656e+89 0.893438091552073 1.63597915730628e-69 0.106561908447927 0.5 1 2 0.333333333333333 0.333333333333333 0.333333333333333 11 1 -564.653039744176 -496.403406010026 -7.36880791523279e-67 -18.0382291313276 4430621.45758389 4430621.45758389 4430621.45758389
"V193" "SerumReversal" 94 0.565017614592629 41.2766162124383 0.0430974923272128 0.00204967425074325 1.33677853540578e-106 1.06225684248784e-07 -4.98858554465187e-09 7.34412530789541e-14 -1.86396749006388e+90 0.893438091201263 8.00462284838949e-70 0.106561908798736 0.5 1 2 0.333333333333333 0.333333333333333 0.333333333333333 11 1 -564.653039793532 -496.403405870485 -3.60545719376701e-67 -18.038229209825 4977023.56433211 4977023.56433211 4977023.56433211
"V194" "SerumReversal" 95 0.565017614658073 41.2766159118392 0.0430974923349407 0.00204967425210536 1.33678090155858e-106 9.45548208619584e-08 -4.4409134147827e-09 -1.04694031222152e-13 -4.41324639990045e+90 0.893438090891385 4.206759372152e-70 0.106561909108615 0.5 1 2 0.333333333333333 0.333333333333333 0.333333333333333 10 1 -564.653039837167 -496.403405747211 -1.89481642430414e-67 -18.0382292792153 5590810.18251223 5590810.18251223 5590810.18251223
"V195" "SerumReversal" 96 0.565017614716611 41.2766156436907 0.043097492341933 0.00204967425332892 1.3367830122958e-106 8.41652649796742e-08 -3.95336741121355e-09 2.61957122660306e-13 5.09060064789058e+90 0.893438090613143 2.21082551177891e-70 0.106561909386857 0.5 1 2 0.333333333333333 0.333333333333333 0.333333333333333 10 1 -564.653039876309 -496.403405636536 -9.95804162081219e-68 -18.0382293414698 6280291.44183426 6280291.44183426 6280291.44183426
"V196" "SerumReversal" 97 0.565017614768726 41.2766154049714 0.0430974923481592 0.0020496742544183 1.33678489138306e-106 7.49165565139265e-08 -3.51934659192921e-09 1.32671651442706e-13 1.15378990847071e+89 0.893438090365415 1.16187996715478e-70 0.106561909634585 0.5 1 2 0.333333333333333 0.333333333333333 0.333333333333333 10 1 -564.653039911158 -496.403405537999 -5.23336148028367e-68 -18.0382293968965 7054802.31071865 7054802.31071865 7054802.31071865
"V197" "SerumReversal" 98 0.56501761481512 41.2766151924603 0.0430974923537018 0.00204967425538809 1.33678656417453e-106 6.66829009787762e-08 -3.13298187393229e-09 -9.57567358739198e-14 -6.13696873729677e+89 0.893438090144881 6.10615831188853e-71 0.106561909855119 0.5 1 2 0.333333333333333 0.333333333333333 0.333333333333333 10 1 -564.653039942182 -496.403405450278 -2.75034724837189e-68 -18.0382294462387 7924828.98353918 7924828.98353918 7924828.98353918
"V198" "SerumReversal" 99 0.565017614856135 41.2766150038443 0.0430974923585207 0.00204967425624018 1.33678804886124e-106 5.9353340020607e-08 -2.78902234640555e-09 1.88182802673964e-14 2.79396194215018e+90 0.893438089950999 3.44681953096091e-71 0.106561910049001 0.5 1 2 0.333333333333333 0.333333333333333 0.333333333333333 9 1 -564.653039969496 -496.403405373145 -1.55252290056381e-68 -18.0382294896699 8902150.8544504 8902150.8544504 8902150.8544504
"V199" "SerumReversal" 100 0.565017614892925 41.2766148353843 0.0430974923629232 0.00204967425700968 1.33678937490575e-106 5.28284544998314e-08 -2.48282816528445e-09 -8.55981951985996e-14 2.17429718958359e+90 0.89343808977602 1.94566931752067e-71 0.10656191022398 0.5 1 2 0.333333333333333 0.333333333333333 0.333333333333333 9 1 -564.653039994107 -496.403405303546 -8.76372013546834e-69 -18.0382295288149 1e+07 1e+07 1e+07
