"data_Name" "Iter" "beta1" "beta3" "lambda1" "lambda2" "lambda3" "diffBeta1" "diffBeta3" "diffLambda1" "diffLambda3" "pi1" "pi2" "pi3" "init_beta1" "init_beta2" "init_beta3" "init_pi1" "init_pi2" "init_pi3" "EM_endIter" "tempering" "Qlike" "Q1" "Q2" "Q3" "bpBase" "bp1" "bp3"
"V1" "Aarest_data" 1 0.999017037921308 78.63010225405 0.0257945370967445 1.04643302026704 2.24265731747396e-152 10.1633225808883 -0.000128816009642208 -3.73034936274053e-14 -5.94417794213001e+136 0.617934173608253 0.126534389502227 0.25553143688952 0.5 1 2 0.333333333333333 0.333333333333333 0.333333333333333 89 1 -216.916289722406 -144.032991222904 -6.03956703050222 -21.4595443757551 100 100 100
"V11" "Aarest_data" 2 0.99918354180041 78.6198866240819 0.0257768667979667 1.04636044020368 2.34689252376172e-152 10.1602161228679 -0.000106959389448491 -2.63122856836162e-14 -2.28272786849089e+136 0.617906135336318 0.126559450474163 0.255534414189518 0.5 1 2 0.333333333333333 0.333333333333333 0.333333333333333 19 1 -216.913751429003 -144.025827432777 -6.04120212684543 -21.4604163102233 120.450354025878 120.450354025878 120.450354025878
"V12" "Aarest_data" 3 0.999321895826011 78.611405733942 0.0257621931654361 1.04630013287367 2.43709824551055e-152 10.1576354825479 -8.88092676518681e-05 -1.50546242139171e-13 8.49719896121833e+136 0.617882848813214 0.126580265777165 0.255536885409621 0.5 1 2 0.333333333333333 0.333333333333333 0.333333333333333 19 1 -216.911642702947 -144.01987708687 -6.04256051199562 -21.4611402885985 145.082877849594 145.082877849594 145.082877849594
"V13" "Aarest_data" 4 0.999436842319605 78.6043649617127 0.0257500084854246 1.04625003029648 2.51461471815043e-152 10.1554918796713 -7.37377035875397e-05 -2.20268248085631e-13 -5.77836785815007e+136 0.617863509981372 0.126597553364825 0.255538936653803 0.5 1 2 0.333333333333333 0.333333333333333 0.333333333333333 19 1 -216.909891042013 -144.014935048508 -6.04368888579069 -21.4617414050213 174.752840000768 174.752840000768 174.752840000768
"V14" "Aarest_data" 5 0.999532329889943 78.5985197351775 0.0257398909135931 1.04620841053843 2.58083840766713e-152 10.1537114569269 -6.12229482968019e-05 -1.95732319241415e-13 -2.93006860731667e+136 0.61784745043758 0.126611910210147 0.255540639352272 0.5 1 2 0.333333333333333 0.333333333333333 0.333333333333333 19 1 -216.908436120234 -144.01083073143 -6.04462610839145 -21.4622405015242 210.490414451202 210.490414451202 210.490414451202
"V15" "Aarest_data" 6 0.999611644670222 78.5936670268895 0.0257314899985025 1.04617384085959 2.63714033456871e-152 10.1522327881673 -5.08315460692188e-05 8.8928864272475e-14 3.72050571998814e+136 0.617834114704763 0.12662383252698 0.255542052768257 0.5 1 2 0.333333333333333 0.333333333333333 0.333333333333333 18 1 -216.907227761702 -144.007422326687 -6.04540450003359 -21.4626548869568 253.536449397011 253.536449397011 253.536449397011
"V16" "Aarest_data" 7 0.999677520305534 78.5896382924729 0.0257245146331468 1.04614512907665 2.68481435501445e-152 10.1510048087672 -4.22034337930199e-05 -2.1094237467878e-14 -1.7966544716182e+136 0.617823041176317 0.126633732745769 0.255543226077914 0.5 1 2 0.333333333333333 0.333333333333333 0.333333333333333 18 1 -216.906224246195 -144.004591964017 -6.04605093915479 -21.4629989356507 305.385550883342 305.385550883342 305.385550883342
"V17" "Aarest_data" 8 0.999732230138875 78.5862936145919 0.0257187230237299 1.04612128425733 2.72504769003922e-152 10.1499850669108 -3.50395426238492e-05 1.14352971536391e-14 4.97657389041148e+136 0.617813846388828 0.126641953523361 0.255544200087811 0.5 1 2 0.333333333333333 0.333333333333333 0.333333333333333 18 1 -216.905390892392 -144.00224170358 -6.04658776455554 -21.4632845836161 367.837977182864 367.837977182864 367.837977182864
"V18" "Aarest_data" 9 0.999777664100301 78.5835168374228 0.0257139143582992 1.04610148250258 2.75890737586841e-152 10.1491382859586 -2.90914850324953e-05 1.2179146580138e-13 -3.11177828839057e+135 0.61780621178639 0.126648779549245 0.255545008664365 0.5 1 2 0.333333333333333 0.333333333333333 0.333333333333333 18 1 -216.904698877626 -144.000290170741 -6.04703354301709 -21.4635217423487 443.062145758388 443.062145758388 443.062145758388
"V19" "Aarest_data" 10 0.999815393071792 78.5812115311486 0.0257099218644732 1.04608503903497 2.78733740895717e-152 10.1484351539087 -2.41529796483064e-05 2.08832950931992e-13 1.34578732545358e+136 0.617799872764537 0.12665444732054 0.255545679914922 0.5 1 2 0.333333333333333 0.333333333333333 0.333333333333333 18 1 -216.904124251435 -143.998669763182 -6.04740370277622 -21.4637186417268 533.669923120631 533.669923120631 533.669923120631
"V110" "Aarest_data" 11 0.999846722461502 78.5792976415513 0.025706607050573 1.04607138494422 2.81116276729571e-152 10.1478513173804 -2.00527227107727e-05 2.13828954542805e-13 -2.3599544829473e+136 0.617794609569064 0.126659153262697 0.255546237168239 0.5 1 2 0.333333333333333 0.333333333333333 0.333333333333333 17 1 -216.903647115463 -143.997324329662 -6.04771106052014 -21.4638821150958 642.807311728433 642.807311728433 642.807311728433
"V111" "Aarest_data" 12 0.999872736904138 78.5777087073109 0.0257038549117707 1.04606004719918 2.83109751314127e-152 10.1473665506088 -1.66484636565656e-05 -3.01980662698043e-14 -1.36963672109453e+136 0.617790239653347 0.1266630605574 0.255546699789253 0.5 1 2 0.333333333333333 0.333333333333333 0.333333333333333 17 1 -216.903250939573 -143.996207224333 -6.04796626736088 -21.4640178365238 774.263682681127 774.263682681127 774.263682681127
"V112" "Aarest_data" 13 0.9998943374649 78.5763895536876 0.0257015699545103 1.04605063319194 2.84775494986012e-152 10.1469640495688 -1.38220820673496e-05 -8.09352584951739e-14 -2.33383371629293e+136 0.617786611463049 0.126666304685969 0.255547083850982 0.5 1 2 0.333333333333333 0.333333333333333 0.333333333333333 17 1 -216.902921993561 -143.995279714931 -6.04817816637437 -21.4641305168154 932.603346883221 932.603346883221 932.603346883221
"V113" "Aarest_data" 14 0.999912272646756 78.5752943743845 0.0256996728845648 1.04604281667851 2.86165861560699e-152 10.1466298589963 -1.14754973523645e-05 -5.77315972805081e-14 4.2133932299011e+136 0.617783599130147 0.126668998174063 0.25554740269579 0.5 1 2 0.333333333333333 0.333333333333333 0.333333333333333 17 1 -216.902648873355 -143.994509632521 -6.04835410377513 -21.4642240673182 1123.32403297803 1123.32403297803 1123.32403297803
"V114" "Aarest_data" 15 0.999927164133337 78.5743851408484 0.0256980978643262 1.04603632669618 2.87325319599332e-152 10.1463523895268 -9.52727118175289e-06 -1.32893696047631e-13 -2.53257867996751e+136 0.617781098139061 0.126671234461405 0.255547667399534 0.5 1 2 0.333333333333333 0.333333333333333 0.333333333333333 17 1 -216.902422108105 -143.993870263859 -6.04850018045013 -21.4643017355312 1353.04777457981 1353.04777457981 1353.04777457981
"V115" "Aarest_data" 16 0.999939528263658 78.5736302820105 0.0256967902277732 1.04603093829746 2.88291486671638e-152 10.146122015421 -7.90978486975291e-06 1.27675647831893e-13 -2.54847827706147e+136 0.617779021714518 0.12667309112937 0.255547887156112 0.5 1 2 0.333333333333333 0.333333333333333 0.333333333333333 16 1 -216.902233832534 -143.993339428211 -6.04862146194091 -21.4643662175874 1629.75083462065 1629.75083462065 1629.75083462065
"V116" "Aarest_data" 17 0.999949793839799 78.5730035862825 0.0256957045857392 1.04602646438385 2.89096081629597e-152 10.1459307471667 -6.56689540790012e-06 -1.765254609154e-14 5.0549361903746e+136 0.617777297771988 0.126674632628977 0.255548069599035 0.5 1 2 0.333333333333333 0.333333333333333 0.333333333333333 16 1 -216.902077515172 -143.992898701467 -6.0487221579863 -21.4644197522716 1963.04065004027 1963.04065004027 1963.04065004027
"V117" "Aarest_data" 18 0.99995831695609 78.5724832936522 0.0256948032535812 1.04602274987303 2.89765774743392e-152 10.1457719467884 -5.45198849977169e-06 -2.51465515077598e-13 6.95039530107674e+135 0.617775866491863 0.126675912444032 0.255548221064106 0.5 1 2 0.333333333333333 0.333333333333333 0.333333333333333 16 1 -216.901947732468 -143.992532791616 -6.04880576101767 -21.4644641980101 2364.48941264541 2364.48941264541 2364.48941264541
"V118" "Aarest_data" 19 0.999965393318113 78.5720513384179 0.0256940549419518 1.04601966588714 2.90322943097942e-152 10.1456401035714 -4.52636183467803e-06 1.71418435002124e-13 -9.06277034356085e+135 0.617774678194292 0.126676974994263 0.255548346811444 0.5 1 2 0.333333333333333 0.333333333333333 0.333333333333333 16 1 -216.901839980827 -143.992228999136 -6.04887517214651 -21.46450109784 2848.0358684358 2848.0358684358 2848.0358684358
"V119" "Aarest_data" 20 0.99997126843683 78.5716927224547 0.0256934336765388 1.04601710552129 2.90786326784842e-152 10.14553064122 -3.75788248163644e-06 -1.22124532708767e-14 -4.2133932299011e+136 0.617773691646705 0.126677857145547 0.255548451207748 0.5 1 2 0.333333333333333 0.333333333333333 0.333333333333333 15 1 -216.901750521321 -143.991976782873 -6.04893279884674 -21.4645317327907 3430.46928631492 3430.46928631492 3430.46928631492
"V120" "Aarest_data" 21 0.999976146223409 78.5713949932321 0.025692917885234 1.04601497969816 2.91171597851833e-152 10.1454397626581 -3.11987204781872e-06 3.86357612569554e-14 -9.87932822288669e+136 0.617772872574254 0.126678589546747 0.255548537878999 0.5 1 2 0.333333333333333 0.333333333333333 0.333333333333333 15 1 -216.901676248528 -143.991767382494 -6.04898064385403 -21.4645571666586 4132.01240011534 4132.01240011534 4132.01240011534
"V121" "Aarest_data" 22 0.999980195947758 78.5711478134518 0.0256924896635382 1.04601321476079 2.9149184411815e-152 10.1453643123424 -2.59018082715556e-06 1.53876911213047e-13 5.78745334220377e+136 0.617772192558861 0.12667919760663 0.255548609834509 0.5 1 2 0.333333333333333 0.333333333333333 0.333333333333333 15 1 -216.901614584797 -143.991593532276 -6.04902036636487 -21.4645782823743 4977.02356433211 4977.02356433211 4977.02356433211
"V122" "Aarest_data" 23 0.999983558169985 78.5709426006326 0.0256921341444181 1.04601174944972 2.91757985545857e-152 10.145301671228 -2.15041932705162e-06 -1.10578213252666e-13 -1.0414236096548e+137 0.617771627993152 0.12667970243395 0.255548669572898 0.5 1 2 0.333333333333333 0.333333333333333 0.333333333333333 15 1 -216.901563389676 -143.991449197124 -6.04905334521306 -21.4645958130635 5994.84250318942 5994.84250318942 5994.84250318942
"V123" "Aarest_data" 24 0.999986349596957 78.5707722294871 0.025691838984557 1.04601053290145 2.91979125252939e-152 10.1452496647785 -1.78531982442109e-06 2.43138842392909e-14 -3.55923837803505e+136 0.617771159276959 0.12668012155455 0.25554871916849 0.5 1 2 0.333333333333333 0.333333333333333 0.333333333333333 15 1 -216.901520885983 -143.991329366312 -6.04908072521947 -21.4646103673758 7220.80901838547 7220.80901838547 7220.80901838547
"V124" "Aarest_data" 25 0.999988667101082 78.5706307847048 0.0256915939392824 1.04600952297574 2.92162846223352e-152 10.1452064870497 -1.48220658502396e-06 1.5620837956476e-13 3.31733736510542e+136 0.617770770150239 0.126680469506511 0.25554876034325 0.5 1 2 0.333333333333333 0.333333333333333 0.333333333333333 14 1 -216.901485598643 -143.991229882353 -6.04910345573183 -21.4646224505798 8697.49002617783 8697.49002617783 8697.49002617783
"V125" "Aarest_data" 26 0.999990591193441 78.5705133546515 0.02569139049349 1.04600868441334 2.92315462567972e-152 10.1451706401626 -1.23055581013887e-06 -2.37587727269783e-14 -5.61255777417014e+136 0.617770447074453 0.126680758398342 0.255548794527205 0.5 1 2 0.333333333333333 0.333333333333333 0.333333333333333 14 1 -216.901456301604 -143.991147285453 -6.04912232842825 -21.4646324823217 10476.1575278967 10476.1575278967 10476.1575278967
"V126" "Aarest_data" 27 0.999992188610241 78.5704158621247 0.0256912215903049 1.04600798822375 2.92442227947777e-152 10.1451408794916 -1.02163034654268e-06 4.75175454539567e-14 -4.99474485851887e+136 0.61777017885214 0.126680998240475 0.255548822907385 0.5 1 2 0.333333333333333 0.333333333333333 0.333333333333333 14 1 -216.901431978724 -143.991078712184 -6.0491379968504 -21.4646408108847 12618.5688306602 12618.5688306602 12618.5688306602
"V127" "Aarest_data" 28 0.99999351482 78.5703349221138 0.0256910813641039 1.0460074102324 2.92547512560166e-152 10.1451161715965 -8.48176341605722e-07 -5.82867087928207e-14 3.05612969856168e+136 0.617769956169133 0.126681197361764 0.255548846469103 0.5 1 2 0.333333333333333 0.333333333333333 0.333333333333333 14 1 -216.901411785391 -143.991021781357 -6.04915100508569 -21.4646477254229 15199.1108295293 15199.1108295293 15199.1108295293
"V128" "Aarest_data" 29 0.999994615873533 78.5702677247408 0.0256909649455978 1.04600693044736 2.92634949910906e-152 10.1450956575277 -7.04171498000505e-07 7.69384556065233e-14 -6.79139933013708e+135 0.617769771301908 0.12668136266818 0.255548866029913 0.5 1 2 0.333333333333333 0.333333333333333 0.333333333333333 13 1 -216.901395020421 -143.99097451783 -6.04916180395398 -21.4646534658741 18307.3828029537 18307.3828029537 18307.3828029537
"V129" "Aarest_data" 30 0.999995529976359 78.5702119358184 0.0256908682941902 1.04600653204824 2.92707562418844e-152 10.1450786275897 -5.84615968080016e-07 4.66293670342566e-14 6.24399891590195e+136 0.617769617814685 0.126681499915067 0.255548882270248 0.5 1 2 0.333333333333333 0.333333333333333 0.333333333333333 13 1 -216.901381102014 -143.990935277529 -6.04917077012891 -21.46465823185 22051.3073990305 22051.3073990305 22051.3073990305
"V130" "Aarest_data" 31 0.999996288915374 78.5701656190564 0.0256907880490554 1.0460062012752 2.92767860050529e-152 10.1450644884287 -4.8535873986566e-07 1.67643676718399e-13 -7.25816607339566e+136 0.617769490382261 0.126681613864804 0.255548895752935 0.5 1 2 0.333333333333333 0.333333333333333 0.333333333333333 13 1 -216.901369546176 -143.990902698363 -6.04917821433769 -21.4646621885899 26560.8778294668 26560.8778294668 26560.8778294668
"V131" "Aarest_data" 32 0.999996918980415 78.5701271659533 0.0256907214304101 1.04600592667014 2.92817929788483e-152 10.1450527502088 -4.02953546085882e-07 2.56461518688411e-14 -2.20436556852777e+136 0.617769384588525 0.126681708464775 0.2555489069467 0.5 1 2 0.333333333333333 0.333333333333333 0.333333333333333 13 1 -216.901359952634 -143.990875651278 -6.04918439445408 -21.4646654735881 31992.6713779739 31992.6713779739 31992.6713779739
"V132" "Aarest_data" 33 0.999997442083222 78.5700952415723 0.0256906661213188 1.04600569868311 2.92859504991039e-152 10.1450430047296 -3.3453926562288e-07 8.71525074330748e-14 -5.27639486418342e+136 0.617769296755176 0.126681787004969 0.255548916239855 0.5 1 2 0.333333333333333 0.333333333333333 0.333333333333333 13 1 -216.901351987729 -143.990853195921 -6.0491895254064 -21.464668200834 38535.2859371054 38535.2859371054 38535.2859371054
"V133" "Aarest_data" 34 0.999997876368739 78.5700687377393 0.0256906202034814 1.0460055094702 2.92894025484301e-152 10.1450349131271 -2.7774046174045e-07 -4.32986979603811e-14 -9.48183829553753e+136 0.617769223842543 0.126681852202661 0.255548923954797 0.5 1 2 0.333333333333333 0.333333333333333 0.333333333333333 12 1 -216.901345375212 -143.990834554678 -6.04919378444507 -21.4646704649432 46415.8883361278 46415.8883361278 46415.8883361278
"V134" "Aarest_data" 35 0.999998236922375 78.5700467334323 0.0256905820812556 1.04600535231708 2.92922688564105e-152 10.1450281961057 -2.30585087024338e-07 -7.89368570508486e-14 -1.39689317325562e+135 0.617769163301379 0.126681906338321 0.2555489303603 0.5 1 2 0.333333333333333 0.333333333333333 0.333333333333333 12 1 -216.901339885327 -143.990819076875 -6.0491973211228 -21.4646723447508 55908.1018251223 55908.1018251223 55908.1018251223
"V135" "Aarest_data" 36 0.999998536258345 78.5700284650508 0.0256905504317711 1.04600522184666 2.92946487312514e-152 10.145022619555 -1.9143583784853e-07 -1.05804254246777e-13 -5.45129043221705e+134 0.617769113039355 0.12668195128236 0.255548935678285 0.5 1 2 0.333333333333333 0.333333333333333 0.333333333333333 12 1 -216.901335327562 -143.990806227007 -6.04920025731417 -21.4646739054076 67341.5065775083 67341.5065775083 67341.5065775083
"V136" "Aarest_data" 37 0.999998784755354 78.5700132982273 0.0256905241576579 1.04600511353522 2.92966247040922e-152 10.1450179901106 -1.58933424643237e-07 8.74855743404623e-14 -3.48201176357864e+136 0.61776907131335 0.126681988593114 0.255548940093536 0.5 1 2 0.333333333333333 0.333333333333333 0.333333333333333 12 1 -216.901331543892 -143.99079555942 -6.04920269482456 -21.464675201122 81113.0830789688 81113.0830789688 81113.0830789688
"V137" "Aarest_data" 38 0.999998991107664 78.5700007067079 0.0256905023395588 1.04600502359327 2.92982652608994e-152 10.1450141458461 -1.31949335013815e-07 4.31876756579186e-14 2.4939653727393e+136 0.617769036665291 0.126682019576002 0.255548943758708 0.5 1 2 0.333333333333333 0.333333333333333 0.333333333333333 12 1 -216.901328401909 -143.990786701403 -6.04920471893608 -21.4646762767658 97700.9957299225 97700.9957299225 97700.9957299225
"V138" "Aarest_data" 39 0.999999162381135 78.5699902531248 0.0256904842307055 1.04600494899391 2.92996273344646e-152 10.1450109543954 -1.09546675730599e-07 -7.72715225139109e-14 -8.58464674523514e+136 0.617769007912304 0.126682045286077 0.255548946801618 0.5 1 2 0.333333333333333 0.333333333333333 0.333333333333333 11 1 -216.901325794088 -143.990779350066 -6.04920639835804 -21.4646771697639 117681.1952435 117681.1952435 117681.1952435
"V139" "Aarest_data" 40 0.999999304603012 78.5699815741743 0.0256904691932592 1.04600488699529 2.93007582263339e-152 10.1450083049631 -9.09475801336157e-08 -2.16493489801906e-14 -5.4172198670157e+136 0.61776898403093 0.126682066641035 0.255548949328035 0.5 1 2 0.333333333333333 0.333333333333333 0.333333333333333 11 1 -216.901323628576 -143.990773244685 -6.04920779351455 -21.464677911196 141747.416292681 141747.416292681 141747.416292681
"V140" "Aarest_data" 41 0.999999422665447 78.5699743686843 0.0256904567102681 1.0460048355284 2.93016971552985e-152 10.1450061055859 -7.55062856683253e-08 -1.41997524849558e-13 2.7324593291488e+136 0.617768964205966 0.126682084368395 0.255548951425639 0.5 1 2 0.333333333333333 0.333333333333333 0.333333333333333 11 1 -216.901321830928 -143.990768176333 -6.04920895167426 -21.4646785267702 170735.264747069 170735.264747069 170735.264747069
"V141" "Aarest_data" 42 0.999999520677648 78.5699683865368 0.0256904463472417 1.046004792802 2.93024766964864e-152 10.1450042797196 -6.26866523134595e-08 -2.16382467499443e-13 -5.26958075114315e+136 0.617768947747685 0.126682099085159 0.255548953167156 0.5 1 2 0.333333333333333 0.333333333333333 0.333333333333333 11 1 -216.901320338571 -143.990763968686 -6.04920991314656 -21.4646790378407 205651.230834865 205651.230834865 205651.230834865
"V142" "Aarest_data" 43 0.999999602068352 78.5699634205406 0.0256904377418294 1.04600475737397 2.93031238374232e-152 10.1450027628529 -5.2043532150492e-08 1.07025499573865e-13 6.14519427681801e+136 0.617768934087322 0.126682111300334 0.255548954612344 0.5 1 2 0.333333333333333 0.333333333333333 0.333333333333333 10 1 -216.901319099312 -143.990760475963 -6.04921071096993 -21.4646794619909 247707.635599172 247707.635599172 247707.635599172
"V143" "Aarest_data" 44 0.999999669620806 78.5699592971959 0.0256904305993469 1.04600472791699 2.93036611796234e-152 10.1450015045288 -4.32074855893916e-08 1.765254609154e-14 4.40986682256225e+136 0.617768922742707 0.126682121444474 0.255548955812819 0.5 1 2 0.333333333333333 0.333333333333333 0.333333333333333 10 1 -216.901318070742 -143.990757575715 -6.04921137374122 -21.4646798142789 298364.724028334 298364.724028334 298364.724028334
"V144" "Aarest_data" 45 0.999999725714902 78.5699558739804 0.0256904246683723 1.04600470345654 2.93041072905042e-152 10.1450004596519 -3.58716292225836e-08 -1.0769163338864e-14 -7.44668986750984e+136 0.617768913322683 0.126682129867951 0.255548956809366 0.5 1 2 0.333333333333333 0.333333333333333 0.333333333333333 10 1 -216.901317216635 -143.990755167497 -6.04921192409242 -21.4646801067331 359381.366380463 359381.366380463 359381.366380463
"V145" "Aarest_data" 46 0.999999772290217 78.5699530319897 0.0256904197438382 1.04600468314684 2.93044776617839e-152 10.1449995920871 -2.97812476901527e-08 1.54987134237672e-13 5.67729184805272e+136 0.61776890550131 0.126682136862021 0.255548957636669 0.5 1 2 0.333333333333333 0.333333333333333 0.333333333333333 10 1 -216.901316507461 -143.990753167976 -6.04921238105284 -21.464680349524 432876.128108307 432876.128108307 432876.128108307
"V146" "Aarest_data" 47 0.999999810932983 78.5699506723842 0.0256904156580643 1.04600466629618 2.93047851716546e-152 10.1449988722659 -2.47249047902187e-08 2.40918396343659e-14 5.71249809876079e+136 0.617768899011356 0.126682142664889 0.255548958323755 0.5 1 2 0.333333333333333 0.333333333333333 0.333333333333333 10 1 -216.901315919081 -143.990751508811 -6.04921276018585 -21.4646805511408 521400.828799969 521400.828799969 521400.828799969
"V147" "Aarest_data" 48 0.999999843043285 78.5699487139156 0.0256904122631181 1.04600465233743 2.93050404067494e-152 10.1449982736082 -2.05270538344848e-08 -7.86037901434611e-14 3.64555047654515e+136 0.617768893624541 0.126682147481983 0.255548958893476 0.5 1 2 0.333333333333333 0.333333333333333 0.333333333333333 9 1 -216.901315430173 -143.990750131363 -6.04921307473495 -21.4646807183684 628029.144183425 628029.144183425 628029.144183425
"V148" "Aarest_data" 49 0.999999869700007 78.5699470875873 0.0256904094445978 1.04600464070623 2.93052523577683e-152 10.1449977771634 -1.70419056644278e-08 -6.52811138479592e-14 3.00729522177307e+136 0.617768889147342 0.126682151485742 0.255548959366915 0.5 1 2 0.333333333333333 0.333333333333333 0.333333333333333 9 1 -216.901315024282 -143.990748986833 -6.04921333635192 -21.4646808573116 756463.32755463 756463.32755463 756463.32755463
"V149" "Aarest_data" 50 0.999999891835667 78.5699457374122 0.0256904071041016 1.04600463104762 2.93054283203275e-152 10.1449973649218 -1.41485116955664e-08 -8.70414851306123e-14 -6.35983883758656e+134 0.61776888542961 0.126682154810463 0.255548959759928 0.5 1 2 0.333333333333333 0.333333333333333 0.333333333333333 9 1 -216.901314687232 -143.990748036454 -6.04921355359896 -21.4646809726574 911162.75611549 911162.75611549 911162.75611549
"V150" "Aarest_data" 51 0.99999991019994 78.5699446163956 0.0256904051623855 1.04600462303455 2.93055744184429e-152 10.1449970229076 -1.17463372362181e-08 -8.34887714518118e-14 7.34334248639905e+136 0.61776888234492 0.126682157568736 0.255548960086343 0.5 1 2 0.333333333333333 0.333333333333333 0.333333333333333 9 1 -216.90131440761 -143.990747247891 -6.04921373383295 -21.4646810684426 1097498.76549306 1097498.76549306 1097498.76549306
"V151" "Aarest_data" 52 0.999999925428158 78.5699436860183 0.025690403552444 1.04600461643268 2.93056956717406e-152 10.1449967387512 -9.75203562347815e-09 -7.74935671188359e-14 2.30544157862513e+135 0.617768879791755 0.12668215985121 0.255548960357035 0.5 1 2 0.333333333333333 0.333333333333333 0.333333333333333 8 1 -216.901314175766 -143.990746594872 -6.04921388280146 -21.46468114788 1321941.14846603 1321941.14846603 1321941.14846603
"V152" "Aarest_data" 53 0.999999938094796 78.5699429133194 0.0256904022131208 1.04600461089886 2.93057963756885e-152 10.1449965029411 -8.09627920261846e-09 9.52571355128384e-14 -2.73927344218907e+136 0.617768877663513 0.126682161754475 0.255548960582012 0.5 1 2 0.333333333333333 0.333333333333333 0.333333333333333 8 1 -216.901313982893 -143.990746050872 -6.04921400719464 -21.464681213905 1592282.79334109 1592282.79334109 1592282.79334109
"V153" "Aarest_data" 54 0.999999948603165 78.5699422717782 0.0256904011020124 1.04600460630752 2.93058799864423e-152 10.1449963073106 -6.72167743687169e-09 2.665645482125e-13 -3.84770249673987e+136 0.617768875897641 0.12668216333349 0.255548960768869 0.5 1 2 0.333333333333333 0.333333333333333 0.333333333333333 8 1 -216.901313822887 -143.990745599495 -6.04921411039731 -21.4646812687353 1917910.26167249 1917910.26167249 1917910.26167249
"V154" "Aarest_data" 55 0.999999957330024 78.5699417391689 0.0256904001792703 1.04600460249463 2.93059494005041e-152 10.1449961448469 -5.58044632725796e-09 -7.29416527178728e-14 -1.96019318458471e+136 0.617768874431218 0.126682164644804 0.255548960923978 0.5 1 2 0.333333333333333 0.333333333333333 0.333333333333333 8 1 -216.901313690005 -143.990745224661 -6.04921419610312 -21.4646813142503 2310129.70008316 2310129.70008316 2310129.70008316
"V155" "Aarest_data" 56 0.999999964585977 78.5699412970527 0.0256903994120429 1.04600459932445 2.93060070208717e-152 10.1449960097733 -4.6330157488228e-09 3.59712259978551e-14 -2.01697745992031e+136 0.617768873212265 0.126682165735091 0.255548961052644 0.5 1 2 0.333333333333333 0.333333333333333 0.333333333333333 8 1 -216.901313579515 -143.990744913092 -6.04921426736262 -21.4646813520175 2782559.40220712 2782559.40220712 2782559.40220712
"V156" "Aarest_data" 57 0.99999997058459 78.5699409302375 0.0256903987779294 1.0460045967386 2.93060548274392e-152 10.1449958976477 -3.84639520234487e-09 -6.7612582199672e-14 -2.07603310626933e+136 0.617768872208217 0.126682166632521 0.255548961159262 0.5 1 2 0.333333333333333 0.333333333333333 0.333333333333333 7 1 -216.901313488202 -143.990744656172 -6.04921432587458 -21.4646813833108 3351602.65093885 3351602.65093885 3351602.65093885
"V157" "Aarest_data" 58 0.999999975574854 78.5699406253757 0.0256903982502629 1.04600459455284 2.93060945597754e-152 10.1449958048122 -3.19334247933512e-09 -6.31716901011714e-14 2.76993695087029e+136 0.617768871368891 0.126682167382978 0.25554896124813 0.5 1 2 0.333333333333333 0.333333333333333 0.333333333333333 7 1 -216.901313412215 -143.990744441669 -6.04921437494569 -21.4646814093811 4037017.25859656 4037017.25859656 4037017.25859656
"V158" "Aarest_data" 59 0.99999997973963 78.5699403723863 0.0256903978098558 1.04600459272841 2.93061275316782e-152 10.144995727352 -2.65116995024073e-09 -4.66293670342566e-14 1.96246455559814e+136 0.617768870668978 0.126682168009322 0.2555489613217 0.5 1 2 0.333333333333333 0.333333333333333 0.333333333333333 7 1 -216.901313348789 -143.990744262815 -6.04921441590215 -21.4646814309857 4862601.58006536 4862601.58006536 4862601.58006536
"V159" "Aarest_data" 60 0.999999983172218 78.5699401622297 0.0256903974469017 1.04600459122413 2.93061549212487e-152 10.1449956634995 -2.20106244341878e-09 4.75175454539567e-14 -6.94698824455661e+136 0.617768870091362 0.126682168525616 0.255548961383021 0.5 1 2 0.333333333333333 0.333333333333333 0.333333333333333 7 1 -216.901313296523 -143.990744115196 -6.04921444966499 -21.4646814489675 5857020.81805667 5857020.81805667 5857020.81805667
"V160" "Aarest_data" 61 0.999999986028199 78.5699399877774 0.0256903971449109 1.0460045899729 2.93061776575169e-152 10.1449956103727 -1.82735249154575e-09 -1.05693231944315e-13 2.86306316242066e+136 0.617768869610983 0.126682168955143 0.255548961433873 0.5 1 2 0.333333333333333 0.333333333333333 0.333333333333333 7 1 -216.901313253035 -143.99074399243 -6.04921447775224 -21.4646814638865 7054802.31071865 7054802.31071865 7054802.31071865
"V161" "Aarest_data" 62 0.999999988402043 78.5699398433096 0.0256903968940102 1.04600458896195 2.93061964859002e-152 10.1449955658447 -1.51710111140346e-09 -9.37028232783632e-14 2.14530992217875e+136 0.617768869215507 0.126682169308849 0.255548961475644 0.5 1 2 0.333333333333333 0.333333333333333 0.333333333333333 6 1 -216.901313216904 -143.990743891145 -6.04921450076395 -21.4646814761641 8497534.35908646 8497534.35908646 8497534.35908646
"V162" "Aarest_data" 63 0.99999999037711 78.569939723049 0.0256903966851432 1.04600458809252 2.93062121594239e-152 10.1449955291624 -1.25952226426307e-09 -1.55431223447522e-15 6.46205053319063e+135 0.617768868882941 0.126682169606365 0.255548961510694 0.5 1 2 0.333333333333333 0.333333333333333 0.333333333333333 6 1 -216.901313186825 -143.990743806191 -6.04921452023547 -21.4646814864504 10235310.2189903 10235310.2189903 10235310.2189903
"V163" "Aarest_data" 64 0.999999992022558 78.5699396232256 0.0256903965111247 1.04600458736753 2.93062251693734e-152 10.1449954986145 -1.04566311165399e-09 1.49769086021934e-13 3.87495894890095e+136 0.617768868605955 0.126682169854301 0.255548961539744 0.5 1 2 0.333333333333333 0.333333333333333 0.333333333333333 6 1 -216.901313161762 -143.990743735444 -6.04921453646492 -21.4646814949806 12328467.3944207 12328467.3944207 12328467.3944207
"V164" "Aarest_data" 65 0.999999993364407 78.5699395402256 0.0256903963692392 1.04600458677547 2.93062359867504e-152 10.1449954736965 -8.6814111455169e-10 -1.68531855138099e-13 -7.65111325871797e+136 0.617768868379318 0.126682170056585 0.255548961564097 0.5 1 2 0.333333333333333 0.333333333333333 0.333333333333333 6 1 -216.901313141333 -143.990743677544 -6.04921454970946 -21.4646815021082 14849682.6225447 14849682.6225447 14849682.6225447
"V165" "Aarest_data" 66 0.999999994489885 78.5699394717768 0.0256903962503355 1.04600458630845 2.93062449076276e-152 10.1449954524101 -7.20746129445615e-10 -1.13797860024079e-13 -1.85571011796722e+136 0.617768868193499 0.12668217022277 0.255548961583731 0.5 1 2 0.333333333333333 0.333333333333333 0.333333333333333 5 1 -216.901313124218 -143.990743629853 -6.049214560473 -21.4646815078884 17886495.2905744 17886495.2905744 17886495.2905744
"V166" "Aarest_data" 67 0.999999995426902 78.5699394145751 0.0256903961512315 1.04600458589233 2.93062523627306e-152 10.1449954350559 -5.98362248638296e-10 3.34177130412172e-14 -7.26725155744936e+136 0.617768868035179 0.126682170364355 0.255548961600466 0.5 1 2 0.333333333333333 0.333333333333333 0.333333333333333 5 1 -216.901313109945 -143.990743589437 -6.04921456975367 -21.4646815127951 21544346.9003189 21544346.9003189 21544346.9003189
"V167" "Aarest_data" 68 0.999999996200192 78.5699393670537 0.0256903960694422 1.04600458554705 2.93062585561939e-152 10.1449954207545 -4.96783059134032e-10 -5.12923037376822e-14 -4.50867146164619e+135 0.617768867904172 0.12668217048141 0.255548961614417 0.5 1 2 0.333333333333333 0.333333333333333 0.333333333333333 5 1 -216.901313098166 -143.990743556005 -6.04921457743407 -21.4646815168787 25950242.1139974 25950242.1139974 25950242.1139974
"V168" "Aarest_data" 69 0.999999996852784 78.5699393276513 0.0256903960004096 1.04600458525641 2.93062636915071e-152 10.1449954086827 -4.12441636399308e-10 -2.19824158875781e-14 7.26838724295607e+135 0.61776886779399 0.126682170580109 0.255548961625902 0.5 1 2 0.333333333333333 0.333333333333333 0.333333333333333 5 1 -216.901313088222 -143.990743527889 -6.04921458390699 -21.4646815202523 31257158.4968824 31257158.4968824 31257158.4968824
"V169" "Aarest_data" 70 0.999999997370859 78.5699392948193 0.025690395945626 1.04600458502383 2.93062679705135e-152 10.1449953991075 -3.4241764979015e-10 -1.83186799063151e-14 -2.91644038123612e+136 0.617768867705668 0.126682170658675 0.255548961635658 0.5 1 2 0.333333333333333 0.333333333333333 0.333333333333333 5 1 -216.901313080338 -143.990743505347 -6.04921458906699 -21.4646815230957 37649358.0679247 37649358.0679247 37649358.0679247
"V170" "Aarest_data" 71 0.999999997844627 78.5699392681568 0.0256903958955966 1.04600458483982 2.930627144538e-152 10.1449953899669 -2.84273937722901e-10 -1.64090963039598e-13 3.62624382293105e+136 0.61776886763016 0.126682170726935 0.255548961642905 0.5 1 2 0.333333333333333 0.333333333333333 0.333333333333333 4 1 -216.901313073142 -143.990743485876 -6.04921459344077 -21.4646815252689 45348785.0812858 45348785.0812858 45348785.0812858
"V171" "Aarest_data" 72 0.999999998193438 78.5699392454671 0.0256903958586968 1.04600458467829 2.9306274402544e-152 10.1449953835928 -2.36020980537432e-10 1.89737114908439e-13 -3.44794119837729e+136 0.617768867569783 0.126682170780487 0.25554896164973 0.5 1 2 0.333333333333333 0.333333333333333 0.333333333333333 4 1 -216.901313067827 -143.990743470504 -6.04921459697608 -21.4646815272472 54622772.1768435 54622772.1768435 54622772.1768435
"V172" "Aarest_data" 73 0.999999998483779 78.5699392265804 0.0256903958279907 1.04600458454495 2.93062768640598e-152 10.1449953782652 -1.95946370240563e-10 -1.65423230669148e-14 -8.72092900604057e+136 0.617768867519658 0.126682170824895 0.255548961655446 0.5 1 2 0.333333333333333 0.333333333333333 0.333333333333333 4 1 -216.901313063408 -143.99074345773 -6.04921459990406 -21.4646815289037 65793322.465757 65793322.465757 65793322.465757
"V173" "Aarest_data" 74 0.999999998775612 78.5699392111568 0.0256903957970928 1.04600458441715 2.93062788742141e-152 10.1449953728595 -1.62685864779633e-10 1.9639845305619e-13 -3.00729522177307e+136 0.617768867471496 0.12668217086878 0.255548961659725 0.5 1 2 0.333333333333333 0.333333333333333 0.333333333333333 4 1 -216.901313058948 -143.990743445448 -6.04921460277353 -21.4646815301908 79248289.835392 79248289.835392 79248289.835392
"V174" "Aarest_data" 75 0.999999998959367 78.5699391980791 0.0256903957776481 1.04600458432647 2.93062805786409e-152 10.1449953695675 -1.3505996321328e-10 9.85878045867139e-14 -7.25362333136881e+136 0.617768867438552 0.126682170897656 0.255548961663792 0.5 1 2 0.333333333333333 0.333333333333333 0.333333333333333 4 1 -216.901313056151 -143.990743437092 -6.04921460470152 -21.4646815313546 95454845.6661835 95454845.6661835 95454845.6661835
"V175" "Aarest_data" 76 0.999999999135191 78.5699391876925 0.0256903957591429 1.04600458426686 2.93062819323076e-152 10.1449953659825 -1.12130749130301e-10 1.13242748511766e-13 5.46037591627075e+136 0.617768867411957 0.126682170921504 0.255548961666539 0.5 1 2 0.333333333333333 0.333333333333333 0.333333333333333 3 1 -216.901313053518 -143.990743430125 -6.04921460620124 -21.4646815321786 114975699.539773 114975699.539773 114975699.539773
"V176" "Aarest_data" 77 0.999999999279163 78.5699391787508 0.0256903957439127 1.04600458420254 2.93062830976809e-152 10.1449953633368 -9.30810983845731e-11 1.86739512741951e-13 6.99809409235864e+136 0.617768867387393 0.126682170943416 0.255548961669191 0.5 1 2 0.333333333333333 0.333333333333333 0.333333333333333 3 1 -216.90131305132 -143.990743423863 -6.04921460763704 -21.4646815329533 138488637.139387 138488637.139387 138488637.139387
"V177" "Aarest_data" 78 0.999999999393789 78.5699391712603 0.0256903957317726 1.04600458414653 2.93062840739228e-152 10.144995361294 -7.72928387959837e-11 2.18713935851156e-14 4.49958597759249e+136 0.617768867367054 0.126682170961445 0.255548961671501 0.5 1 2 0.333333333333333 0.333333333333333 0.333333333333333 3 1 -216.901313049565 -143.990743418713 -6.04921460883712 -21.464681533619 166810053.720006 166810053.720006 166810053.720006
"V178" "Aarest_data" 79 0.999999999484338 78.5699391649985 0.0256903957221829 1.04600458410096 2.9306284890035e-152 10.1449953596943 -6.41549036117794e-11 -7.64943663966733e-14 -1.20155526610118e+136 0.617768867350685 0.12668217097584 0.255548961673475 0.5 1 2 0.333333333333333 0.333333333333333 0.333333333333333 3 1 -216.901313048181 -143.990743414573 -6.04921460980044 -21.4646815341834 200923300.256505 200923300.256505 200923300.256505
"V179" "Aarest_data" 80 0.999999999584339 78.5699391599153 0.0256903957115978 1.04600458405767 2.93062855525285e-152 10.1449953578302 -5.32764943272923e-11 1.62647673107585e-13 -1.83867483536654e+136 0.617768867334308 0.126682170990782 0.25554896167491 0.5 1 2 0.333333333333333 0.333333333333333 0.333333333333333 3 1 -216.901313046654 -143.990743410391 -6.0492146107761 -21.4646815346153 242012826.479439 242012826.479439 242012826.479439
"V180" "Aarest_data" 81 0.999999999622141 78.5699391555078 0.0256903957075754 1.04600458402945 2.9306286126976e-152 10.1449953572987 -4.4217074446351e-11 6.75015598972095e-14 1.39802885876233e+136 0.617768867325484 0.126682170998058 0.255548961676458 0.5 1 2 0.333333333333333 0.333333333333333 0.333333333333333 3 1 -216.901313046069 -143.990743408221 -6.04921461129439 -21.4646815350374 291505306.282518 291505306.282518 291505306.282518
"V181" "Aarest_data" 82 0.999999999687712 78.5699391522926 0.0256903957007412 1.04600458401633 2.93062865459861e-152 10.144995355693 -3.67137431567244e-11 8.64863736182997e-14 -9.47502418249726e+136 0.61776886731798 0.126682171004894 0.255548961677126 0.5 1 2 0.333333333333333 0.333333333333333 0.333333333333333 2 1 -216.901313045144 -143.990743406105 -6.04921461170029 -21.4646815352518 351119173.421514 351119173.421514 351119173.421514
"V182" "Aarest_data" 83 0.999999999767169 78.569939149528 0.0256903956923883 1.04600458399545 2.93062869062882e-152 10.1449953539679 -3.04822833641083e-11 6.32827124036339e-15 -1.59223108041006e+136 0.617768867307581 0.126682171014708 0.25554896167771 0.5 1 2 0.333333333333333 0.333333333333333 0.333333333333333 2 1 -216.90131304396 -143.990743403322 -6.04921461229537 -21.4646815354529 422924287.43895 422924287.43895 422924287.43895
"V183" "Aarest_data" 84 0.999999999767169 78.569939146999 0.025690395692277 1.04600458397592 2.93062872359025e-152 10.1449953544453 -2.53024268204172e-11 1.03805852802452e-13 5.26617369462301e+136 0.617768867302838 0.126682171018512 0.25554896167865 0.5 1 2 0.333333333333333 0.333333333333333 0.333333333333333 2 1 -216.901313043879 -143.990743402351 -6.04921461259527 -21.4646815357 509413801.481638 509413801.481638 509413801.481638
"V184" "Aarest_data" 85 0.99999999981948 78.5699391449432 0.0256903956867919 1.04600458395937 2.93062875038391e-152 10.1449953532752 -2.10178541237838e-11 -1.35780275911657e-13 -5.408134382962e+136 0.617768867295887 0.126682171024867 0.255548961679246 0.5 1 2 0.333333333333333 0.333333333333333 0.333333333333333 2 1 -216.90131304312 -143.990743400477 -6.04921461299894 -21.4646815358808 613590727.341318 613590727.341318 613590727.341318
"V185" "Aarest_data" 86 0.999999999883585 78.569939143322 0.0256903956800313 1.04600458393944 2.93062877151208e-152 10.1449953519326 -1.74509295902681e-11 -7.07212066686225e-14 -7.9974973382651e+136 0.617768867287269 0.126682171033166 0.255548961679565 0.5 1 2 0.333333333333333 0.333333333333333 0.333333333333333 2 1 -216.901313042156 -143.990743398205 -6.04921461351589 -21.4646815360013 739072203.35258 739072203.35258 739072203.35258
"V186" "Aarest_data" 87 0.999999999883585 78.5699391423806 0.0256903956800313 1.04600458393944 2.93062878377794e-152 10.1449953519326 -1.44737555274332e-11 -7.07212066686225e-14 -2.74154481320249e+136 0.617768867287269 0.126682171033166 0.255548961679565 0.5 1 2 0.333333333333333 0.333333333333333 0.333333333333333 1 1 -216.901313042156 -143.990743398205 -6.04921461351589 -21.4646815360013 890215085.445042 890215085.445042 890215085.445042
"V187" "Aarest_data" 88 0.999999999883585 78.5699391415983 0.0256903956800313 1.04600458393944 2.93062879397064e-152 10.1449953519326 -1.20294885164185e-11 -7.07212066686225e-14 -5.96121322473069e+136 0.617768867287269 0.126682171033166 0.255548961679565 0.5 1 2 0.333333333333333 0.333333333333333 0.333333333333333 1 1 -216.901313042157 -143.990743398205 -6.04921461351589 -21.4646815360032 1072267222.01032 1072267222.01032 1072267222.01032
"V188" "Aarest_data" 89 0.999999999941792 78.5699391409472 0.0256903956741846 1.04600458393944 2.93062880245382e-152 10.1449953496103 -9.97602001007181e-12 1.13353770814228e-13 -7.54549450659377e+136 0.617768867287269 0.126682171033166 0.255548961679565 0.5 1 2 0.333333333333333 0.333333333333333 0.333333333333333 1 1 -216.901313041567 -143.990743397614 -6.04921461351589 -21.4646815360022 1291549665.01488 1291549665.01488 1291549665.01488
"V189" "Aarest_data" 90 0.999999999941792 78.5699391404078 0.0256903956741846 1.04600458393944 2.93062880948168e-152 10.1449953496103 -8.27782287160517e-12 1.13353770814228e-13 -1.35600849501399e+136 0.617768867287269 0.126682171033166 0.255548961679565 0.5 1 2 0.333333333333333 0.333333333333333 0.333333333333333 1 1 -216.901313041567 -143.990743397614 -6.04921461351589 -21.4646815360022 1555676143.93047 1555676143.93047 1555676143.93047
"V190" "Aarest_data" 91 0.999999999941792 78.5699391399627 0.0256903956741846 1.04600458393944 2.93062881528125e-152 10.1449953496103 -6.88515910951537e-12 1.13353770814228e-13 -1.09241588890616e+137 0.617768867287269 0.126682171033166 0.255548961679565 0.5 1 2 0.333333333333333 0.333333333333333 0.333333333333333 1 1 -216.901313041566 -143.990743397614 -6.04921461351589 -21.4646815360013 1873817422.86039 1873817422.86039 1873817422.86039
"V191" "Aarest_data" 92 0.999999999941792 78.5699391395878 0.0256903956741846 1.04600458393944 2.93062882016467e-152 10.1449953496103 -5.71276359551121e-12 1.13353770814228e-13 -2.82672122620588e+136 0.617768867287269 0.126682171033166 0.255548961679565 0.5 1 2 0.333333333333333 0.333333333333333 0.333333333333333 1 1 -216.901313041567 -143.990743397614 -6.04921461351589 -21.4646815360022 2257019719.63393 2257019719.63393 2257019719.63393
"V192" "Aarest_data" 93 0.999999999941792 78.5699391392805 0.0256903956741846 1.04600458393944 2.9306288241688e-152 10.1449953496103 -4.74642547487747e-12 1.13353770814228e-13 -1.65696515429264e+136 0.617768867287269 0.126682171033166 0.255548961679565 0.5 1 2 0.333333333333333 0.333333333333333 0.333333333333333 1 1 -216.901313041566 -143.990743397614 -6.04921461351589 -21.4646815360013 2718588242.73295 2718588242.73295 2718588242.73295
"V193" "Aarest_data" 94 0.999999999941792 78.569939139028 0.0256903956741846 1.04600458393944 2.93062882745897e-152 10.1449953496103 -3.93640675611096e-12 1.13353770814228e-13 -1.96700729762499e+136 0.617768867287269 0.126682171033166 0.255548961679565 0.5 1 2 0.333333333333333 0.333333333333333 0.333333333333333 1 1 -216.901313041566 -143.990743397614 -6.04921461351589 -21.4646815360013 3274549162.87774 3274549162.87774 3274549162.87774
"V194" "Aarest_data" 95 0.999999999941792 78.5699391388109 0.0256903956741846 1.04600458393944 2.93062883028738e-152 10.1449953496103 -3.27560201185406e-12 1.13353770814228e-13 -8.47902799311094e+136 0.617768867287269 0.126682171033166 0.255548961679565 0.5 1 2 0.333333333333333 0.333333333333333 0.333333333333333 1 1 -216.901313041566 -143.990743397614 -6.04921461351589 -21.4646815360022 3944206059.43765 3944206059.43765 3944206059.43765
"V195" "Aarest_data" 96 0.999999999941792 78.5699391386359 0.0256903956741846 1.04600458393944 2.9306288325681e-152 10.1449953496103 -2.71427325060358e-12 1.13353770814228e-13 3.77047588228346e+136 0.617768867287269 0.126682171033166 0.255548961679565 0.5 1 2 0.333333333333333 0.333333333333333 0.333333333333333 1 1 -216.901313041566 -143.990743397614 -6.04921461351589 -21.4646815360013 4750810162.10279 4750810162.10279 4750810162.10279
"V196" "Aarest_data" 97 0.999999999941792 78.5699391384891 0.0256903956741846 1.04600458393944 2.93062883447999e-152 10.1449953496103 -2.25242047235952e-12 1.13353770814228e-13 -4.50640009063276e+136 0.617768867287269 0.126682171033166 0.255548961679565 0.5 1 2 0.333333333333333 0.333333333333333 0.333333333333333 1 1 -216.901313041567 -143.990743397614 -6.04921461351589 -21.4646815360032 5722367659.35022 5722367659.35022 5722367659.35022
"V197" "Aarest_data" 98 0.999999999941792 78.5699391383669 0.0256903956741846 1.04600458393944 2.93062883607194e-152 10.1449953496103 -1.87583282240666e-12 1.13353770814228e-13 -7.29110095309031e+135 0.617768867287269 0.126682171033166 0.255548961679565 0.5 1 2 0.333333333333333 0.333333333333333 0.333333333333333 1 1 -216.901313041566 -143.990743397614 -6.04921461351589 -21.4646815360022 6892612104.34971 6892612104.34971 6892612104.34971
"V198" "Aarest_data" 99 0.999999999941792 78.5699391382667 0.0256903956741846 1.04600458393944 2.93062883737764e-152 10.1449953496103 -1.55608859131462e-12 1.13353770814228e-13 3.52743918384712e+136 0.617768867287269 0.126682171033166 0.255548961679565 0.5 1 2 0.333333333333333 0.333333333333333 0.333333333333333 1 1 -216.901313041566 -143.990743397614 -6.04921461351589 -21.4646815360013 8302175681.31977 8302175681.31977 8302175681.31977
"V199" "Aarest_data" 100 0.999999999941792 78.5699391381787 0.0256903956741846 1.04600458393944 2.93062883852411e-152 10.1449953496103 -1.27897692436818e-12 1.13353770814228e-13 -2.92325449427639e+136 0.617768867287269 0.126682171033166 0.255548961679565 0.5 1 2 0.333333333333333 0.333333333333333 0.333333333333333 1 1 -216.901313041566 -143.990743397614 -6.04921461351589 -21.4646815360013 1e+10 1e+10 1e+10
