"data_Name" "Iter" "beta1" "beta3" "lambda1" "lambda2" "lambda3" "diffBeta1" "diffBeta3" "diffLambda1" "diffLambda3" "pi1" "pi2" "pi3" "init_beta1" "init_beta2" "init_beta3" "init_pi1" "init_pi2" "init_pi3" "EM_endIter" "tempering" "Qlike" "Q1" "Q2" "Q3" "bpBase" "bp1" "bp3"
"FRT_censord" 1 0.984440007643158 3.94301034163004 0.046250459324999 0.00967332540723177 1.30218755926247e-10 0.632515778210379 -0.00339788136554375 0 1.52587890625e-05 0.109150696166035 0.359015812013598 0.531833491820367 0.1 1 5 0.25 0.5 0.25 616 1 -154.802632881579 -13.5266249989805 -57.5144128688356 -55.4009068339869 100 100 100
"FRT_censord" 2 0.986134270079403 3.93869485815236 0.0460657326252362 0.00966505787524387 1.33503992462545e-10 0.632998082951227 -0.00302928724572382 2.8421709430404e-14 1.52587890625e-05 0.109374436748767 0.358695607880685 0.531929955370547 0.1 1 5 0.25 0.5 0.25 411 1 -154.806890558784 -13.5469758818653 -57.4642575911766 -55.4281257151086 112.332403297803 112.332403297803 112.332403297803
"FRT_censord" 3 0.987645266765131 3.93485556656574 0.045901570482403 0.00965772196470874 1.36496333731317e-10 0.63341675725305 -0.00270024497013566 -2.8421709430404e-14 1.52587890625e-05 0.109572334675028 0.358411780550316 0.532015884774657 0.1 1 5 0.25 0.5 0.25 404 1 -154.810624001467 -13.5649133583564 -57.41978278065 -55.4523699373217 126.185688306602 126.185688306602 126.185688306602
"FRT_censord" 4 0.988992600267429 3.93143965331665 0.0457556527864895 0.00965121015317634 1.39215039868013e-10 0.633781197835761 -0.00240659987697001 0 0 0.10974750204121 0.358160072918344 0.532092425040445 0.1 1 5 0.25 0.5 0.25 398 1 -154.813903021842 -13.5807406828739 -57.3803272707363 -55.4739634267751 141.747416292681 141.747416292681 141.747416292681
"FRT_censord" 5 0.990193812363944 3.92840022401019 0.0456259281594494 0.00964542789568577 1.41679605398433e-10 0.634099210609442 -0.00214461513443354 -1.4210854715202e-14 0 0.109902649423961 0.35793675270739 0.532160597868648 0.1 1 5 0.25 0.5 0.25 391 1 -154.816787084662 -13.5947195493656 -57.3453106690341 -55.4931950543665 159.228279334109 159.228279334109 159.228279334109
"FRT_censord" 6 0.991264596551993 3.92569562131515 0.0455105810812949 0.00964029192418781 1.43909339707081e-10 0.634377319149118 -0.00191093363914518 -2.8421709430404e-14 0 0.110040143685478 0.357738541424059 0.532221314890463 0.1 1 5 0.25 0.5 0.25 385 1 -154.819327055739 -13.6070765279928 -57.3142225656146 -55.5103224338833 178.864952905744 178.864952905744 178.864952905744
"FRT_censord" 7 0.992218988116215 3.92328883585339 0.0454080037668108 0.00963572881352135 1.45923042295786e-10 0.634621006355887 -0.00170254252724789 -1.4210854715202e-14 -7.62939453125e-06 0.110162055125347 0.357562555915501 0.532275388959152 0.1 1 5 0.25 0.5 0.25 379 1 -154.821566582081 -13.6180082096326 -57.2866136416807 -55.5255751971577 200.923300256505 200.923300256505 200.923300256505
"FRT_censord" 8 0.993069535290634 3.9211469752757 0.0453167713318155 0.00963167373781092 1.47738775530737e-10 0.634834904558762 -0.00151674033972427 -2.8421709430404e-14 -7.62939453125e-06 0.110270198492973 0.357406256587372 0.532323544919656 0.1 1 5 0.25 0.5 0.25 374 1 -154.823543256787 -13.6276856628376 -57.2620877558609 -55.5391580499766 225.701971963392 225.701971963392 225.701971963392
"FRT_censord" 9 0.993827452891108 3.91924080439053 0.0452356204117197 0.00962806941175949 1.49373701201713e-10 0.635022946625062 -0.00135110678490236 -2.8421709430404e-14 7.62939453125e-06 0.110366166697098 0.357267404525531 0.532366428777371 0.1 1 5 0.25 0.5 0.25 368 1 -154.825289544594 -13.6362580161871 -57.2402953835487 -55.5512534065302 253.536449397011 253.536449397011 253.536449397011
"FRT_censord" 10 0.99450276059261 3.91754432766409 0.0451634301336979 0.00962486516211152 1.50843984710541e-10 0.635188486365482 -0.00120347502487306 1.4210854715202e-14 7.62939453125e-06 0.110451360721163 0.357144022753402 0.532404616525435 0.1 1 5 0.25 0.5 0.25 363 1 -154.826833583535 -13.643855641362 -57.2209276628303 -55.5620238663373 284.80358684358 284.80358684358 284.80358684358
"FRT_censord" 11 0.99510440742561 3.91603443319736 0.0450992058198746 0.00962201613859352 1.52164732753102e-10 0.635334395790226 -0.00107190635756638 0 -7.62939453125e-06 0.110527013636941 0.357034365074756 0.532438621288303 0.1 1 5 0.25 0.5 0.25 357 1 -154.828199802399 -13.6505926192802 -57.2037116086814 -55.5716142772961 319.926713779738 319.926713779738 319.926713779738
"FRT_censord" 12 0.995640383832728 3.91469056306578 0.0450420642491768 0.00961948260966838 1.53349979664273e-10 0.63546314341021 -0.00095466717310444 -5.6843418860808e-14 0 0.110594212818859 0.356936886667127 0.532468900514014 0.1 1 5 0.25 0.5 0.25 352 1 -154.82940948469 -13.6565690574647 -57.188405572614 -55.5801537384136 359.381366380463 359.381366380463 359.381366380463
"FRT_censord" 13 0.996117822110862 3.91349443482519 0.0449912211039258 0.00961722936561235 1.54412687903143e-10 0.635576858434323 -0.000850208026641042 1.4210854715202e-14 0 0.110653917520003 0.356850220830738 0.532495861649259 0.1 1 5 0.25 0.5 0.25 347 1 -154.830481194567 -13.66187284471 -57.1747956573483 -55.5877572373611 403.701725859656 403.701725859656 403.701725859656
"FRT_censord" 14 0.99654308708276 3.91242978360256 0.0449459795629377 0.00961522518216757 1.55364778700996e-10 0.635677383064882 -0.000757144687362654 2.8421709430404e-14 7.62939453125e-06 0.110706975262466 0.356773156931467 0.532519867806067 0.1 1 5 0.25 0.5 0.25 343 1 -154.831431171052 -13.6665813177866 -57.1626923004556 -55.5945272323705 453.487850812858 453.487850812858 453.487850812858
"FRT_censord" 15 0.996921857252907 3.91148214247878 0.0449057205177964 0.00961344236242513 1.56217168150705e-10 0.635766315886233 -0.000674241005782505 -1.4210854715202e-14 7.62939453125e-06 0.110754134997295 0.35670462268514 0.532541242317565 0.1 1 5 0.25 0.5 0.25 338 1 -154.83227363014 -13.6707625446573 -57.1519275329885 -55.6005549628273 509.413801481638 509.413801481638 509.413801481638
"FRT_censord" 16 0.997259197641665 3.91063863764086 0.0448698936474819 0.00961185632251894 1.56979822291842e-10 0.635845047532278 -0.000600393458491055 1.4210854715202e-14 7.62939453125e-06 0.110796059650507 0.356643666989017 0.532560273360476 0.1 1 5 0.25 0.5 0.25 333 1 -154.833021055131 -13.6744765854244 -57.1423523109349 -55.6059217292761 572.236765935022 572.236765935022 572.236765935022
"FRT_censord" 17 0.997559625196253 3.90988781530021 0.0448380097707406 0.00961044523786314 1.57661809701107e-10 0.635914790685693 -0.000534617222641032 1.4210854715202e-14 7.62939453125e-06 0.11083333604244 0.356589446375367 0.532577217582193 0.1 1 5 0.25 0.5 0.25 328 1 -154.833684413114 -13.6777764374038 -57.133834413227 -55.6106999364966 642.807311728433 642.807311728433 642.807311728433
"FRT_censord" 18 0.997827167412047 3.9092194826881 0.0448096339287295 0.00960918972521684 1.58271362470451e-10 0.635976605049112 -0.000476033650180341 -2.8421709430404e-14 -7.62939453125e-06 0.110866484134495 0.356541212233145 0.53259230363236 0.1 1 5 0.25 0.5 0.25 324 1 -154.834273357948 -13.68070893587 -57.1262564526444 -55.6149540826665 722.080901838547 722.080901838547 722.080901838547
"FRT_censord" 19 0.998065414657668 3.90862457241208 0.0447843794303654 0.00960807256966744 1.58815932971183e-10 0.636031418538609 -0.000423859011981165 2.8421709430404e-14 0 0.110895964483853 0.356498300510548 0.532605735005599 0.1 1 5 0.25 0.5 0.25 319 1 -154.834796385563 -13.6833154470161 -57.1195142746833 -55.6187415796981 811.130830789687 811.130830789687 811.130830789687
"FRT_censord" 20 0.99827756718748 3.90809501271239 0.044761902304821 0.00960707847203141 1.59302259049504e-10 0.636080044923872 -0.000377394396956277 0 0 0.110922185801894 0.356460121113834 0.532617693084272 0.1 1 5 0.25 0.5 0.25 314 1 -154.835260998494 -13.6856326147096 -57.1135153014348 -55.6221135862926 911.16275611549 911.16275611549 911.16275611549
"FRT_censord" 21 0.998466477262681 3.90762361998637 0.044741896599926 0.00960619383511612 1.597364198707e-10 0.636123199051626 -0.000336016652433102 -2.8421709430404e-14 0 0.110945510697464 0.356426149893578 0.532628339408959 0.1 1 5 0.25 0.5 0.25 310 1 -154.835673820709 -13.6876928852043 -57.1081772831932 -55.6251156626905 1023.53102189903 1023.53102189903 1023.53102189903
"FRT_censord" 22 0.998634686498441 3.9072040038395 0.0447240902499562 0.00960540657620403 1.60123889080668e-10 0.636161509844886 -0.000299170267894056 0 2.288818359375e-05 0.110966260668164 0.3563959216488 0.532637817683036 0.1 1 5 0.25 0.5 0.25 305 1 -154.836040695996 -13.6895249590677 -57.1034272077266 -55.6277883493717 1149.75699539774 1149.75699539774 1149.75699539774
"FRT_censord" 23 0.998784459564261 3.90683047315981 0.0447082411208679 0.00960470594879552 1.60469594226163e-10 0.636195531138107 -0.00026636010866099 4.2632564145606e-14 -7.62939453125e-06 0.110984721547834 0.356369022374781 0.532646256077385 0.1 1 5 0.25 0.5 0.25 301 1 -154.836366804714 -13.6911543339616 -57.0992000852046 -55.6301677869797 1291.54966501488 1291.54966501488 1291.54966501488
"FRT_censord" 24 0.998917814168702 3.90649796534294 0.0446941338649964 0.00960408240059348 1.60777960414256e-10 0.6362257513779 -0.000237144913484144 0 7.62939453125e-06 0.111001146874245 0.356345084550004 0.532653768575751 0.1 1 5 0.25 0.5 0.25 297 1 -154.836656722065 -13.6926035785156 -57.0954382151396 -55.6322861272467 1450.82877849594 1450.82877849594 1450.82877849594
"FRT_censord" 25 0.999036547746332 3.90620197454618 0.0446815768883124 0.00960352743717261 1.61052959461504e-10 0.636252601710559 -0.000211131480462257 -5.6843418860808e-14 0 0.11101576185318 0.356323781476475 0.532660456670345 0.1 1 5 0.25 0.5 0.25 292 1 -154.83691449933 -13.6938927137174 -57.0920902993265 -55.6341719977608 1629.75083462065 1629.75083462065 1629.75083462065
"FRT_censord" 26 0.999142261524843 3.90593848746288 0.0446703996288461 0.00960303350006277 1.61298155740956e-10 0.636276462960188 -0.000187969470836435 -1.4210854715202e-14 0 0.111028766893445 0.356304822221634 0.532666410884921 0.1 1 5 0.25 0.5 0.25 288 1 -154.837143735362 -13.6950395518133 -57.089110648775 -55.6358509192745 1830.73828029537 1830.73828029537 1830.73828029537
"FRT_censord" 27 0.999236381683196 3.90570393554957 0.0446604504217935 0.00960259387077508 1.61516739568532e-10 0.636297671966663 -0.000167346765827858 -1.4210854715202e-14 0 0.111040339690608 0.356287948687671 0.532671711621721 0.1 1 5 0.25 0.5 0.25 283 1 -154.837347608248 -13.6960598492783 -57.086458728152 -55.6373455748686 2056.51230834865 2056.51230834865 2056.51230834865
"FRT_censord" 28 0.999320178510231 3.90549513882477 0.0446515942013212 0.00960220256831248 1.61711570846505e-10 0.636316526669132 -0.000148985321089867 1.4210854715202e-14 7.62939453125e-06 0.111050638598626 0.356272930730616 0.532676430670758 0.1 1 5 0.25 0.5 0.25 279 1 -154.837528948935 -13.6969676562761 -57.0840983873343 -55.6386762009409 2310.12970008316 2310.12970008316 2310.12970008316
"FRT_censord" 29 0.999394783356639 3.9053092693969 0.044643710844076 0.00960185427499959 1.61885206078561e-10 0.63633329095388 -0.000132637465299013 -1.4210854715202e-14 0 0.111059804097047 0.356259564100055 0.532680631802899 0.1 1 5 0.25 0.5 0.25 275 1 -154.83769026003 -13.697775411124 -57.0819975418967 -55.6398607853903 2595.02421139974 2595.02421139974 2595.02421139974
"FRT_censord" 30 0.999461203791635 3.90514381017596 0.0446366934480349 0.00960154425978239 1.62039931400683e-10 0.636348198611927 -0.000118082597275304 2.8421709430404e-14 1.52587890625e-05 0.111067961082237 0.356247667126606 0.532684371791157 0.1 1 5 0.25 0.5 0.25 270 1 -154.837833762413 -13.6984941637935 -57.0801276524053 -55.6409153424488 2915.05306282518 2915.05306282518 2915.05306282518
"FRT_censord" 31 0.999520337073821 3.9049965178804 0.0446304467984395 0.00960126830989901 1.62177792788971e-10 0.636361456790302 -0.000105124239212273 -1.4210854715202e-14 7.62939453125e-06 0.111075220928621 0.3562370777351 0.532687701336279 0.1 1 5 0.25 0.5 0.25 266 1 -154.837961437387 -13.6991337781936 -57.0784632546272 -55.6418541604976 3274.54916287773 3274.54916287773 3274.54916287773
"FRT_censord" 32 0.99957298222434 3.90486539830793 0.0446248862265499 0.00960102268000228 1.6230061566381e-10 0.636373249273403 -9.35874077043763e-05 0 0 0.111081682390976 0.356227652178903 0.532690665430122 0.1 1 5 0.25 0.5 0.25 262 1 -154.838075035447 -13.6997029796739 -57.0769817637995 -55.6426899311568 3678.37977182863 3678.37977182863 3678.37977182863
"FRT_censord" 33 0.999619850766575 3.90474867640238 0.0446199363760679 0.00960080403735423 1.62410030158487e-10 0.636383739114828 -8.33162698299361e-05 -1.4210854715202e-14 7.62939453125e-06 0.111087433297166 0.356219262579003 0.532693304123831 0.1 1 5 0.25 0.5 0.25 257 1 -154.838176111256 -13.7002095235192 -57.0756630871763 -55.6434339527231 4132.01240011534 4132.01240011534 4132.01240011534
"FRT_censord" 34 0.999661576244615 3.9046447693529 0.044615530102548 0.00960060941292011 1.62507494149497e-10 0.636393070940654 -7.41720534662704e-05 1.4210854715202e-14 -7.62939453125e-06 0.11109255208247 0.3562117946887 0.53269565322883 0.1 1 5 0.25 0.5 0.25 253 1 -154.838266055696 -13.7006603491544 -57.0744892718745 -55.644096314532 4641.58883361278 4641.58883361278 4641.58883361278
"FRT_censord" 35 0.999698722794177 3.9045522708333 0.0446116077150179 0.00960043616764869 1.62594306246331e-10 0.636401373233925 -6.60311835432026e-05 -1.4210854715202e-14 0 0.111097108226575 0.356205147293928 0.532697744479497 0.1 1 5 0.25 0.5 0.25 249 1 -154.838346095748 -13.7010615852383 -57.0734444134635 -55.6446859694746 5214.00828799969 5214.00828799969 5214.00828799969
"FRT_censord" 36 0.999731792723914 3.90446992907219 0.0446081160860117 0.00960028195300318 1.62671624995614e-10 0.636408760099668 -5.87836220873328e-05 -1.4210854715202e-14 7.62939453125e-06 0.111101163533045 0.356199230344239 0.532699606122716 0.1 1 5 0.25 0.5 0.25 244 1 -154.838417321704 -13.7014186807334 -57.0725143612335 -55.6452108869706 5857.02081805666 5857.02081805666 5857.02081805666
"FRT_censord" 37 0.999761233267968 3.9043966270258 0.0446050078514939 0.0096001446754942 1.62740486416573e-10 0.636415332811085 -5.23313878488807e-05 1.4210854715202e-14 -7.62939453125e-06 0.111104773300742 0.356193963239131 0.532701263460127 0.1 1 5 0.25 0.5 0.25 240 1 -154.838480712352 -13.7017365261899 -57.0716864478223 -55.6456781926177 6579.33224657568 6579.33224657568 6579.33224657568
"FRT_censord" 38 0.99978744262799 3.90433137297491 0.0446022409255263 0.00960002247511144 1.6280181191744e-10 0.636421181433871 -4.65872375130516e-05 0 7.62939453125e-06 0.111107986435734 0.356189274695692 0.532702738868574 0.1 1 5 0.25 0.5 0.25 236 1 -154.838537128871 -13.7020194296326 -57.0709494710523 -55.6460942005163 7390.72203352578 7390.72203352578 7390.72203352578
"FRT_censord" 39 0.99981077535402 3.90427328324846 0.0445997778217394 0.00959991369530382 1.62856423860419e-10 0.636426385982309 -4.14734910805237e-05 -1.4210854715202e-14 1.52587890625e-05 0.111110846552561 0.356185101130646 0.532704052316793 0.1 1 5 0.25 0.5 0.25 232 1 -154.838587339985 -13.7022712370486 -57.0702934381246 -55.6464645413425 8302.17568131974 8302.17568131974 8302.17568131974
"FRT_censord" 40 0.999831547090806 3.90422157217364 0.0445975852003992 0.00959981686286921 1.62905054444669e-10 0.63643101760816 -3.69209847121965e-05 -2.8421709430404e-14 7.62939453125e-06 0.111113392355946 0.356181386114729 0.532705221529325 0.1 1 5 0.25 0.5 0.25 227 1 -154.838632026165 -13.7024953550974 -57.0697094807494 -55.6467942172398 9326.0334688322 9326.0334688322 9326.0334688322
"FRT_censord" 41 0.999850038875079 3.90417553760223 0.0445956333074087 0.0095997306631745 1.62948358907985e-10 0.636435139479465 -3.28681384758056e-05 1.4210854715202e-14 7.62939453125e-06 0.111115658598706 0.356178078962495 0.5327062624388 0.1 1 5 0.25 0.5 0.25 223 1 -154.838671802068 -13.7026948584884 -57.0691896319756 -55.6470877119406 10476.1575278967 10476.1575278967 10476.1575278967
"FRT_censord" 42 0.999866500936356 3.90413455711186 0.0445938957284013 0.00959965392922753 1.62986918712472e-10 0.636438807844533 -2.92601254940905e-05 0 7.62939453125e-06 0.111117675912744 0.356175135005808 0.532707189081448 0.1 1 5 0.25 0.5 0.25 219 1 -154.838707205363 -13.7028724409458 -57.0687268716942 -55.6473489876966 11768.11952435 11768.11952435 11768.11952435
"FRT_censord" 43 0.999881155968708 3.90409807679031 0.0445923489608929 0.0095995856226825 1.6302125184083e-10 0.636442072727087 -2.6048132269807e-05 -1.4210854715202e-14 -7.62939453125e-06 0.111119471545221 0.356172514507443 0.532708013947336 0.1 1 5 0.25 0.5 0.25 214 1 -154.838738714139 -13.703030497889 -57.0683149546156 -55.6475815704818 13219.4114846603 13219.4114846603 13219.4114846603
"FRT_censord" 44 0.999894202349942 3.90406560071145 0.0445909719972993 0.00959952481557414 1.63051822504514e-10 0.636444978528266 -2.31886995152308e-05 -1.4210854715202e-14 7.62939453125e-06 0.111121070059622 0.356170181631134 0.532708748309244 0.1 1 5 0.25 0.5 0.25 210 1 -154.838766763021 -13.7031712046397 -57.0679482473654 -55.6477886302242 14849.6826225447 14849.6826225447 14849.6826225447
"FRT_censord" 45 0.999905816627026 3.90403669009588 0.0445897462163782 0.00959947068532501 1.63079041719678e-10 0.636447564825067 -2.06431355280756e-05 -1.4210854715202e-14 0 0.111122493018174 0.356168104927118 0.532709402054707 0.1 1 5 0.25 0.5 0.25 206 1 -154.83879172972 -13.7032964549431 -57.067621807127 -55.6479729592343 16681.0053720006 16681.0053720006 16681.0053720006
"FRT_censord" 46 0.999916155976814 3.90401095349516 0.0445886550184237 0.00959942249869518 1.63103276437845e-10 0.636449866796317 -1.83769934594125e-05 2.8421709430404e-14 -1.52587890625e-05 0.111123759707432 0.356166256259326 0.532709984033241 0.1 1 5 0.25 0.5 0.25 202 1 -154.838813953222 -13.7034079475978 -57.0673312114656 -55.6481370527453 18738.1742286039 18738.1742286039 18738.1742286039
"FRT_censord" 47 0.999925360338483 3.90398804338194 0.0445876836520674 0.00959937960411754 1.63124852634313e-10 0.636451915767303 -1.63596057802806e-05 1.4210854715202e-14 0 0.111124887187397 0.356164610742693 0.532710502069909 0.1 1 5 0.25 0.5 0.25 197 1 -154.838833731901 -13.7035071793692 -57.0670725493145 -55.6482831215516 21049.0414451202 21049.0414451202 21049.0414451202
"FRT_censord" 48 0.999933554282154 3.90396764764559 0.0445868189109622 0.0095993414182922 1.63144063259156e-10 0.636453739521002 -1.45636700565888e-05 0 -7.62939453125e-06 0.111125890951652 0.356163145763694 0.532710963284653 0.1 1 5 0.25 0.5 0.25 193 1 -154.838851340731 -13.7035955262068 -57.0668422653824 -55.6484131643733 23644.8941264541 23644.8941264541 23644.8941264541
"FRT_censord" 49 0.999940848748909 3.90394949105622 0.0445860491083408 0.00959930742507176 1.63161166748503e-10 0.636455362859703 -1.29648798008475e-05 1.4210854715202e-14 -7.62939453125e-06 0.111126784495188 0.356161841636906 0.532711373867906 0.1 1 5 0.25 0.5 0.25 189 1 -154.83886701528 -13.7036741705721 -57.066637265859 -55.6485289311877 26560.8778294668 26560.8778294668 26560.8778294668
"FRT_censord" 50 0.999947342439418 3.90393332780745 0.0445853638233002 0.00959927716418247 1.63176394021977e-10 0.636456807826656 -1.15415957182563e-05 2.8421709430404e-14 0 0.111127579922508 0.356160680699675 0.532711739377816 0.1 1 5 0.25 0.5 0.25 185 1 -154.838880968183 -13.7037441784097 -57.0664547744007 -55.6486319890776 29836.4724028334 29836.4724028334 29836.4724028334
"FRT_censord" 51 0.999953123270818 3.9039189399939 0.0445847538010576 0.00959925022689958 1.6318994986035e-10 0.636458094065924 -1.02745534604765e-05 4.2632564145606e-14 7.62939453125e-06 0.111128287903058 0.356159647387745 0.532712064709198 0.1 1 5 0.25 0.5 0.25 180 1 -154.838893385345 -13.7038064832951 -57.0662923449346 -55.6487237226596 33516.0265093885 33516.0265093885 33516.0265093885
"FRT_censord" 52 0.999958269488862 3.90390613090347 0.0445842107290701 0.0095992262461144 1.63202019219365e-10 0.636459238972153 -9.14660272144374e-06 -1.4210854715202e-14 1.52587890625e-05 0.111128918242207 0.35615872738454 0.532712354373253 0.1 1 5 0.25 0.5 0.25 176 1 -154.838904441688 -13.7038619599843 -57.0661477262522 -55.6488053951046 37649.3580679247 37649.3580679247 37649.3580679247
"FRT_censord" 53 0.99996285075857 3.90389472804912 0.0445837272796769 0.00959920489821398 1.6321276430448e-10 0.636460258107952 -8.14247568570181e-06 -1.4210854715202e-14 0 0.111129479372263 0.356157908389092 0.532712612238646 0.1 1 5 0.25 0.5 0.25 172 1 -154.838914283847 -13.7039113451282 -57.0660189851877 -55.6488781015932 42292.428743895 42292.428743895 42292.428743895
"FRT_censord" 54 0.999966929093012 3.9038845770534 0.0445832969072942 0.00959918589412893 1.63222330339397e-10 0.63646116529708 -7.24857991940553e-06 -4.2632564145606e-14 0 0.111129978892548 0.356157179311582 0.53271284179587 0.1 1 5 0.25 0.5 0.25 168 1 -154.838923045198 -13.7039553076806 -57.065904378541 -55.6489428263306 47508.101621028 47508.101621028 47508.101621028
"FRT_censord" 55 0.99997055971384 3.90387554047162 0.044582913783497 0.00959916897647735 1.63230846651475e-10 0.636461972842039 -6.45281522082541e-06 2.8421709430404e-14 0 0.111130423568807 0.356156530278671 0.532713046152522 0.1 1 5 0.25 0.5 0.25 164 1 -154.838930844447 -13.7039944431605 -57.0658023543332 -55.6490004455816 53366.9923120631 53366.9923120631 53366.9923120631
"FRT_censord" 56 0.999973791756546 3.90386749691242 0.0445825727481798 0.00959915391737004 1.63238427479982e-10 0.636462691722206 -5.74440929312914e-06 1.4210854715202e-14 0 0.111130819316427 0.356155952661391 0.532713228022182 0.1 1 5 0.25 0.5 0.25 159 1 -154.838937784045 -13.7040292666157 -57.0657115565663 -55.6490517288061 59948.4250318941 59948.4250318941 59948.4250318941
"FRT_censord" 57 0.999976668985655 3.90386033556849 0.0445822691303591 0.00959914051055128 1.63245177147976e-10 0.636463331623274 -5.11377233181065e-06 -1.4210854715202e-14 7.62939453125e-06 0.111131171708579 0.356155438318355 0.532713389973067 0.1 1 5 0.25 0.5 0.25 155 1 -154.838943964512 -13.7040602799396 -57.0656307046896 -55.6490973914491 67341.5065775083 67341.5065775083 67341.5065775083
"FRT_censord" 58 0.999979230343027 3.90385396041482 0.0445819988455641 0.00959912857564027 1.63251186055557e-10 0.636463901248312 -4.55236720853236e-06 -1.4210854715202e-14 0 0.111131485412923 0.356154980441241 0.532713534145836 0.1 1 5 0.25 0.5 0.25 151 1 -154.83894946641 -13.7040878884298 -57.0655587288811 -55.6491380413475 75646.3327554629 75646.3327554629 75646.3327554629
"FRT_censord" 59 0.999981510510539 3.90384828514696 0.0445817582340212 0.00959911795102865 1.63256535471279e-10 0.636464408317822 -4.05259375924061e-06 -1.4210854715202e-14 -7.62939453125e-06 0.111131764676225 0.356154572832284 0.532713662491491 0.1 1 5 0.25 0.5 0.25 147 1 -154.838954364212 -13.7041124657691 -57.0654946549136 -55.6491742286878 84975.3435908645 84975.3435908645 84975.3435908645
"FRT_censord" 60 0.999983540354327 3.90384323293104 0.0445815440382379 0.00959910849286663 1.63261297755913e-10 0.636464859703455 -3.60768633100861e-06 -4.2632564145606e-14 7.62939453125e-06 0.11113201327984 0.356154209972671 0.532713776747489 0.1 1 5 0.25 0.5 0.25 143 1 -154.838958724262 -13.7041343447842 -57.06543761527 -55.6492064433572 95454.8456661836 95454.8456661836 95454.8456661836
"FRT_censord" 61 0.999985347359175 3.90383873631139 0.044581353383959 0.00959910007423039 1.63265536438196e-10 0.636465261551464 -3.21162166727618e-06 4.2632564145606e-14 -7.62939453125e-06 0.111132234483474 0.356153887109045 0.53271387840748 0.1 1 5 0.25 0.5 0.25 138 1 -154.838962602347 -13.7041538066278 -57.0653868631676 -55.6492351109129 107226.722201032 107226.722201032 107226.722201032
"FRT_censord" 62 0.999986955983408 3.90383473252601 0.0445811836381605 0.00959909257885336 1.63269310655175e-10 0.636465619247073 -2.85903794861042e-06 4.2632564145606e-14 1.52587890625e-05 0.111132431494334 0.35615359955238 0.532713968953286 0.1 1 5 0.25 0.5 0.25 134 1 -154.838966057476 -13.7041711449113 -57.0653416607184 -55.6492606404729 120450.354025878 120450.354025878 120450.354025878
"FRT_censord" 63 0.999988387986226 3.90383116828779 0.0445810325293405 0.00959908590641212 1.63272670601292e-10 0.636465937665147 -2.54516172759622e-06 -1.4210854715202e-14 -7.62939453125e-06 0.111132606877485 0.356153343562458 0.532714049560058 0.1 1 5 0.25 0.5 0.25 130 1 -154.838969133359 -13.7041865800023 -57.065301420358 -55.6492833675112 135304.777457981 135304.777457981 135304.777457981
"FRT_censord" 64 0.999989662822614 3.90382799531783 0.044580898006212 0.00959907996637805 1.63275661763715e-10 0.636466221119226 -2.26574378103805e-06 -2.8421709430404e-14 -7.62939453125e-06 0.111132763007011 0.356153115675566 0.532714121317423 0.1 1 5 0.25 0.5 0.25 126 1 -154.838971871459 -13.7042003203995 -57.0652655976796 -55.6493035996058 151991.108295293 151991.108295293 151991.108295293
"FRT_censord" 65 0.999990797681922 3.90382517070843 0.0445807782537169 0.00959907467854889 1.63278324572372e-10 0.636466473449884 -2.01700120783244e-06 -1.4210854715202e-14 0 0.111132901994531 0.356152912808467 0.532714185197003 0.1 1 5 0.25 0.5 0.25 122 1 -154.838974308961 -13.7042125522473 -57.0652337079608 -55.6493216104741 170735.264747069 170735.264747069 170735.264747069
"FRT_censord" 66 0.99999180795171 3.9038226562035 0.0445806716484973 0.00959906997125897 1.63280695076625e-10 0.636466698074916 -1.79556636226152e-06 0 -1.52587890625e-05 0.111133025722364 0.356152732214252 0.532714242063383 0.1 1 5 0.25 0.5 0.25 118 1 -154.838976478827 -13.7042234410908 -57.065205319425 -55.6493376439841 191791.026167249 191791.026167249 191791.026167249
"FRT_censord" 67 0.999992707300775 3.90382041776809 0.0445805767480565 0.00959906578080474 1.6328280535023e-10 0.636466898036934 -1.5984414005743e-06 1.4210854715202e-14 7.62939453125e-06 0.111133135865216 0.356152571448449 0.532714292686335 0.1 1 5 0.25 0.5 0.25 114 1 -154.838978410447 -13.7042331343444 -57.0651800478087 -55.6493519171563 215443.469003189 215443.469003189 215443.469003189
"FRT_censord" 68 0.999993507934291 3.90381842507871 0.044580492265001 0.00959906205036088 1.63284683970858e-10 0.636467076043933 -1.42295757399324e-06 -1.4210854715202e-14 0 0.111133233914955 0.356152428334119 0.532714337750927 0.1 1 5 0.25 0.5 0.25 110 1 -154.838980129919 -13.7042417631572 -57.0651575509356 -55.6493646232655 242012.826479438 242012.826479438 242012.826479438
"FRT_censord" 69 0.999994220651706 3.90381665213867 0.0445804170854493 0.00959905873070725 1.63286355432444e-10 0.63646723453736 -1.26673898392937e-06 -1.4210854715202e-14 0 0.111133321090588 0.356152301095386 0.532714377814027 0.1 1 5 0.25 0.5 0.25 105 1 -154.838981657316 -13.7042494292279 -57.065137550023 -55.6493759236014 271858.824273294 271858.824273294 271858.824273294
"FRT_censord" 70 0.999994855145074 3.9038150721098 0.0445803501101973 0.00959905577335008 1.63287845051665e-10 0.636467375574778 -1.12767072124598e-06 0 0 0.111133398889126 0.356152187536107 0.532714413574767 0.1 1 5 0.25 0.5 0.25 102 1 -154.838983022877 -13.7042562809647 -57.0651196986912 -55.6493860025158 305385.550883342 305385.550883342 305385.550883342
"FRT_censord" 71 0.999995419991428 3.90381366725458 0.0445802905344013 0.00959905314272574 1.63289169519466e-10 0.63646750118126 -1.00386984058787e-06 -1.4210854715202e-14 -7.62939453125e-06 0.111133467953616 0.356152086732972 0.532714445313412 0.1 1 5 0.25 0.5 0.25 97 1 -154.838984232601 -13.7042623530826 -57.0651038533435 -55.6493949558056 343046.928631492 343046.928631492 343046.928631492
"FRT_censord" 72 0.999995922787428 3.9038124150153 0.0445802374572085 0.00959905079903063 1.63290350125387e-10 0.636467612945847 -8.93660384804207e-07 1.4210854715202e-14 1.52587890625e-05 0.111133529619329 0.356151996720933 0.532714473659737 0.1 1 5 0.25 0.5 0.25 94 1 -154.838985315216 -13.7042677848079 -57.0650897035216 -55.6494029443832 385352.859371053 385352.859371053 385352.859371053
"FRT_censord" 73 0.99999637038278 3.9038113010118 0.0445801902281876 0.00959904871356633 1.632914004048e-10 0.636467712463565 -7.95550214149898e-07 -1.4210854715202e-14 -1.52587890625e-05 0.111133584429746 0.356151916718559 0.532714498851695 0.1 1 5 0.25 0.5 0.25 90 1 -154.838986276373 -13.7042726081303 -57.0650771275316 -55.6494100474904 432876.128108306 432876.128108306 432876.128108306
"FRT_censord" 74 0.99999676887658 3.90381030939115 0.0445801481838731 0.00959904685706922 1.63292335306858e-10 0.636467801058064 -7.0821099029672e-07 1.4210854715202e-14 1.52587890625e-05 0.111133633211723 0.356151845516508 0.532714521271769 0.1 1 5 0.25 0.5 0.25 86 1 -154.838987131574 -13.7042769001249 -57.0650659349862 -55.6494163696709 486260.158006536 486260.158006536 486260.158006536
"FRT_censord" 75 0.999997123599439 3.90380942671935 0.0445801107592936 0.00959904520454304 1.63293167495729e-10 0.636467879928272 -6.3046017828583e-07 0 -7.62939453125e-06 0.111133676629746 0.356151782143513 0.532714541226741 0.1 1 5 0.25 0.5 0.25 82 1 -154.838987892686 -13.7042807198668 -57.0650559731321 -55.6494219969592 546227.721768435 546227.721768435 546227.721768435
"FRT_censord" 76 0.999997439389274 3.9038086410209 0.0445800774445961 0.0095990437335017 1.63293908260481e-10 0.636467950141654 -5.61245258268173e-07 0 0 0.111133715272796 0.356151725740543 0.532714558986661 0.1 1 5 0.25 0.5 0.25 78 1 -154.838988569959 -13.7042841190168 -57.065047106964 -55.6494270056323 613590.727341317 613590.727341317 613590.727341317
"FRT_censord" 77 0.999997720492102 3.9038079407309 0.0445800477651491 0.00959904242296798 1.63294568510445e-10 0.636468012619513 -4.99629031480708e-07 2.8421709430404e-14 0 0.111133749769744 0.356151675385143 0.532714574845113 0.1 1 5 0.25 0.5 0.25 75 1 -154.838989175864 -13.7042871587505 -57.065039191049 -55.6494314739931 689261.21043497 689261.21043497 689261.21043497
"FRT_censord" 78 0.999997970779536 3.90380731809574 0.0445800213622991 0.00959904125714956 1.63295155541878e-10 0.636468068262912 -4.44777313646227e-07 -2.8421709430404e-14 0 0.111133780390217 0.356151630692447 0.532714588917336 0.1 1 5 0.25 0.5 0.25 71 1 -154.838989712408 -13.7042898518462 -57.0650321656962 -55.6494354429332 774263.682681128 774263.682681128 774263.682681128
"FRT_censord" 79 0.999998193560581 3.90380676404766 0.0445799978665035 0.00959904021967072 1.63295677908435e-10 0.636468117804519 -3.95947502340732e-07 -1.4210854715202e-14 0 0.111133807624281 0.356151590942763 0.532714601432956 0.1 1 5 0.25 0.5 0.25 67 1 -154.838990189366 -13.7042922459501 -57.0650259174131 -55.649438973723 869749.002617784 869749.002617784 869749.002617784
"FRT_censord" 80 0.99999839186045 3.9038062700406 0.0445799769301218 0.00959903929519107 1.63296143674561e-10 0.63646816188219 -3.52478416232316e-07 -5.6843418860808e-14 -7.62939453125e-06 0.111133831957796 0.356151555422727 0.532714612619477 0.1 1 5 0.25 0.5 0.25 64 1 -154.838990616747 -13.7042943900185 -57.0650203336289 -55.6494421257609 977009.957299226 977009.957299226 977009.957299226
"FRT_censord" 81 0.999998568407389 3.90380583107373 0.044579958313376 0.00959903847315259 1.63296557542065e-10 0.636468201146682 -3.13781541194658e-07 4.2632564145606e-14 0 0.11113385352815 0.356151523939746 0.532714622532104 0.1 1 5 0.25 0.5 0.25 60 1 -154.838990994363 -13.7042962855994 -57.0650153848348 -55.6494449226843 1097498.76549306 1097498.76549306 1097498.76549306
"FRT_censord" 82 0.999998725588062 3.90380543963092 0.0445799417209153 0.00959903774051417 1.63296926608583e-10 0.636468236079573 -2.79333050912101e-07 -1.4210854715202e-14 7.62939453125e-06 0.111133872804676 0.356151495802153 0.53271463139317 0.1 1 5 0.25 0.5 0.25 57 1 -154.838991332748 -13.7042979835005 -57.0650109616318 -55.6494474199079 1232846.73944207 1232846.73944207 1232846.73944207
"FRT_censord" 83 0.999998865483382 3.9038050920363 0.0445799269764128 0.00959903708945544 1.63297254327856e-10 0.636468267205403 -2.48666431446054e-07 2.8421709430404e-14 7.62939453125e-06 0.11113388986747 0.356151470898634 0.532714639233895 0.1 1 5 0.25 0.5 0.25 53 1 -154.83899163108 -13.7042994813671 -57.065007047158 -55.6494496334038 1384886.37139387 1384886.37139387 1384886.37139387
"FRT_censord" 84 0.999998990049037 3.90380478199653 0.0445799138319162 0.00959903650907406 1.63297546644527e-10 0.636468294895078 -2.2136654820315e-07 1.4210854715202e-14 -7.62939453125e-06 0.111133905123635 0.35615144862985 0.532714646246516 0.1 1 5 0.25 0.5 0.25 50 1 -154.838991898618 -13.7043008240529 -57.0650035465978 -55.649451610492 1555676.14393047 1555676.14393047 1555676.14393047
"FRT_censord" 85 0.999999100934877 3.90380450592475 0.0445799021289826 0.00959903599234983 1.63297806935927e-10 0.636468319542658 -1.97063812379383e-07 0 0 0.111133918712454 0.356151428794101 0.532714652493445 0.1 1 5 0.25 0.5 0.25 47 1 -154.838992137023 -13.7043020204293 -57.0650004284625 -55.6494533713376 1747528.40000769 1747528.40000769 1747528.40000769
"FRT_censord" 86 0.99999919962466 3.90380426023747 0.0445798917146689 0.00959903553251947 1.63298038579543e-10 0.636468341486115 -1.75429100579549e-07 2.8421709430404e-14 7.62939453125e-06 0.111133930801272 0.356151411147313 0.532714658051415 0.1 1 5 0.25 0.5 0.25 44 1 -154.838992349059 -13.7043030844456 -57.064997654429 -55.6494549381586 1963040.65004027 1963040.65004027 1963040.65004027
"FRT_censord" 87 0.999999287492688 3.90380404162753 0.0445798824458409 0.00959903512329846 1.63298244693025e-10 0.636468361022406 -1.56169555509678e-07 -1.4210854715202e-14 1.52587890625e-05 0.111133941549689 0.356151395457271 0.53271466299304 0.1 1 5 0.25 0.5 0.25 41 1 -154.838992537373 -13.7043040296993 -57.0649951880436 -55.6494563317587 2205130.73990305 2205130.73990305 2205130.73990305
"FRT_censord" 88 0.999999365697431 3.90380384718462 0.0445798742005205 0.00959903475928706 1.63298428020051e-10 0.63646837841533 -1.39024450618308e-07 0 0 0.111133951099046 0.356151381517045 0.532714667383909 0.1 1 5 0.25 0.5 0.25 38 1 -154.838992704463 -13.7043048685904 -57.0649929967619 -55.6494575706359 2477076.35599171 2477076.35599171 2477076.35599171
"FRT_censord" 89 0.999999435348511 3.90380367330752 0.0445798668363253 0.00959903443419644 1.63298591962727e-10 0.636468393871583 -1.23761587644822e-07 0 7.62939453125e-06 0.111133959687165 0.356151368977835 0.532714671335 0.1 1 5 0.25 0.5 0.25 36 1 -154.838992855791 -13.7043056275387 -57.0649910254137 -55.6494586820319 2782559.40220712 2782559.40220712 2782559.40220712
"FRT_censord" 90 0.99999949734385 3.90380351921188 0.044579860300631 0.00959903414578003 1.63298737249351e-10 0.636468407637739 -1.10174354972514e-07 1.4210854715202e-14 1.52587890625e-05 0.111133967252266 0.356151357932541 0.532714674815192 0.1 1 5 0.25 0.5 0.25 33 1 -154.838992988051 -13.7043062918939 -57.064989289186 -55.6494596638873 3125715.84968824 3125715.84968824 3125715.84968824
"FRT_censord" 91 0.999999552536004 3.90380338153005 0.0445798544678476 0.00959903388837834 1.63298867064298e-10 0.636468419870994 -9.80788286142342e-08 -1.4210854715202e-14 -7.62939453125e-06 0.111133974044796 0.356151348013896 0.532714677941308 0.1 1 5 0.25 0.5 0.25 31 1 -154.838993107558 -13.7043068915165 -57.0649877298526 -55.6494605435434 3511191.73421514 3511191.73421514 3511191.73421514
"FRT_censord" 92 0.999999601651152 3.90380325976755 0.0445798492982722 0.00959903366046558 1.63298981864045e-10 0.636468430737114 -8.73111645205427e-08 1.4210854715202e-14 -7.62939453125e-06 0.111133979999237 0.356151339318019 0.532714680682744 0.1 1 5 0.25 0.5 0.25 28 1 -154.838993211111 -13.7043074124269 -57.0649863630254 -55.649461318087 3944206.05943766 3944206.05943766 3944206.05943766
"FRT_censord" 93 0.999999645383369 3.90380315005267 0.0445798446589376 0.00959903345569954 1.63299085314659e-10 0.636468440407009 -7.77256374817625e-08 0 -7.62939453125e-06 0.111133985452959 0.356151331353056 0.532714683193985 0.1 1 5 0.25 0.5 0.25 27 1 -154.838993308006 -13.7043078976914 -57.064985110585 -55.6494620219464 4430621.45758389 4430621.45758389 4430621.45758389
"FRT_censord" 94 0.999999684306452 3.90380305266822 0.0445798405360601 0.00959903327399384 1.63299177137197e-10 0.636468448958462 -6.91924597617799e-08 1.4210854715202e-14 0 0.111133990274719 0.356151324308182 0.5327146854171 0.1 1 5 0.25 0.5 0.25 25 1 -154.838993393207 -13.7043083251487 -57.0649840028834 -55.6494626457781 4977023.56433211 4977023.56433211 4977023.56433211
"FRT_censord" 95 0.999999718971717 3.90380296619804 0.0445798368692449 0.0095990331125698 1.6329925866738e-10 0.636468456524863 -6.15961184280422e-08 1.4210854715202e-14 0 0.11113399454267 0.35615131807223 0.5327146873851 0.1 1 5 0.25 0.5 0.25 23 1 -154.838993468232 -13.7043087022183 -57.064983022461 -55.6494631988113 5590810.18251223 5590810.18251223 5590810.18251223
"FRT_censord" 96 0.999999749826407 3.90380288853118 0.0445798335871873 0.00959903296783809 1.63299331902025e-10 0.636468463293559 -5.48337055761294e-08 4.2632564145606e-14 7.62939453125e-06 0.11113399842188 0.356151312405098 0.532714689173022 0.1 1 5 0.25 0.5 0.25 22 1 -154.838993537528 -13.704309049124 -57.064982131219 -55.6494636985061 6280291.44183426 6280291.44183426 6280291.44183426
"FRT_censord" 97 0.999999777297977 3.90380281994772 0.0445798306755407 0.00959903284000996 1.63299396568374e-10 0.636468469166667 -4.88137104071029e-08 -1.4210854715202e-14 7.62939453125e-06 0.111134001815452 0.356151307444358 0.532714690740189 0.1 1 5 0.25 0.5 0.25 20 1 -154.838993597262 -13.7043093497691 -57.0649813512235 -55.6494641379533 7054802.31071865 7054802.31071865 7054802.31071865
"FRT_censord" 98 0.999999801752914 3.90380275839245 0.0445798280721368 0.00959903272536196 1.63299454611194e-10 0.636468474474045 -4.34546407745984e-08 2.8421709430404e-14 7.62939453125e-06 0.111134004892883 0.356151302947921 0.532714692159196 0.1 1 5 0.25 0.5 0.25 19 1 -154.83899365224 -13.7043096252269 -57.0649806440777 -55.6494645342387 7924828.98353918 7924828.98353918 7924828.98353918
"FRT_censord" 99 0.99999982348216 3.90380270337676 0.0445798257502666 0.00959903262313574 1.6329950648953e-10 0.636468479165895 -3.86839005273032e-08 0 0 0.111134007660928 0.356151298901977 0.532714693437096 0.1 1 5 0.25 0.5 0.25 18 1 -154.838993702149 -13.7043098747738 -57.0649800076424 -55.6494648897603 8902150.8544504 8902150.8544504 8902150.8544504
"FRT_censord" 100 0.99999984287876 3.90380265423224 0.0445798236736899 0.0095990325318436 1.63299552832602e-10 0.636468483303203 -3.44369297522462e-08 1.4210854715202e-14 0 0.111134010143216 0.356151295273732 0.532714694583052 0.1 1 5 0.25 0.5 0.25 17 1 -154.83899374698 -13.7043100992329 -57.0649794368932 -55.6494652079954 1e+07 1e+07 1e+07
