"data_Name" "Iter" "beta1" "beta3" "lambda1" "lambda2" "lambda3" "diffBeta1" "diffBeta3" "diffLambda1" "diffLambda3" "pi1" "pi2" "pi3" "init_beta1" "init_beta2" "init_beta3" "init_pi1" "init_pi2" "init_pi3" "EM_endIter" "tempering" "Qlike" "Q1" "Q2" "Q3" "bpBase" "bp1" "bp3"
"time" "FRT_censord" 1 0.918973614608745 6.62235113940273 0.00650916291088489 0.00397834598714474 2.00178064643883e-17 0.112534881876471 -0.00177861534295121 2.8421709430404e-13 -0.125 144.909090909091 0.947591053272034 0.0462119820714407 0.5 1 2 0.333333333333333 0.333333333333333 0.333333333333333 101 0.6 -2.4736731893083 -135.042522342014 -6.60478320451332 -0.748188870041054 100 100 100
"time1" "FRT_censord" 2 0.919461202979899 6.5816729896547 0.00648925720406803 0.00397595566310697 2.52189224383262e-17 0.100850532200525 -0.00159488935861152 -5.11590769747272e-13 0.125 144.909090909091 0.948681310872229 0.0453600707690404 0.5 1 2 0.333333333333333 0.333333333333333 0.333333333333333 69 0.604040404030303 -2.26795530767275 -135.201456197408 -6.4832108478843 -0.719336241847259 112.332403297803 112.332403297803 112.332403297803
"time2" "FRT_censord" 3 0.91990994695556 6.55238016044878 0.00647091310511742 0.00397357541891329 2.97482232471409e-17 0.0903341910476883 -0.00142728501192879 1.19371179607697e-12 0 144.909090909091 0.949750841026865 0.0445226544712329 0.5 1 2 0.333333333333333 0.333333333333333 0.333333333333333 69 0.608080808060606 -2.06711566217964 -135.35726329722 -6.36370020750348 -0.691093930017061 126.185688306602 126.185688306602 126.185688306602
"time3" "FRT_censord" 4 0.920322984365449 6.53342281059169 0.00645399659893791 0.00397120284883594 3.30560195894693e-17 0.0808769295561262 -0.0012749436564321 1.30739863379858e-12 -0.875 144.909090909091 0.950799698964574 0.0436994950720244 0.5 1 2 0.333333333333333 0.333333333333333 0.333333333333333 70 0.612121212090909 -1.87102589984787 -135.509965061373 -6.24621799141619 -0.663512024992462 141.747416292681 141.747416292681 141.747416292681
"time4" "FRT_censord" 5 0.920703235265982 6.52383804285661 0.0064383844443976 0.00396883591627152 3.47943578200218e-17 0.0723786547659273 -0.00113694344278525 -6.25277607468888e-13 0.25 144.909090909091 0.951827988947257 0.042890363420578 0.5 1 2 0.333333333333333 0.333333333333333 0.333333333333333 70 0.616161616121212 -1.6795592224563 -135.659589011596 -6.13073210630696 -0.63663067480579 159.228279334109 159.228279334109 159.228279334109
"time5" "FRT_censord" 6 0.921053409062084 6.52274073163125 0.0064239635422412 0.00396647292433289 3.48702834216418e-17 0.0647476089901602 -0.00101232530263295 -2.89901436190121e-12 -0.0625 144.909090909091 0.952835857405849 0.0420950381977 0.5 1 2 0.333333333333333 0.333333333333333 0.333333333333333 69 0.620202020151515 -1.49259106170217 -135.806167746034 -6.01721150396551 -0.610481140305365 178.864952905744 178.864952905744 178.864952905744
"time6" "FRT_censord" 7 0.921376013095981 6.52931632276115 0.00641063029578397 0.00396411248734254 3.34298095592919e-17 0.0578998632402516 -0.000900115543009172 -8.5265128291212e-13 -0.9375 144.909090909091 0.953823486889858 0.0413133049483405 0.5 1 2 0.333333333333333 0.333333333333333 0.333333333333333 69 0.624242424181818 -1.30999962880416 -135.949738056277 -5.90562604999254 -0.585086763671328 200.923300256505 200.923300256505 200.923300256505
"time7" "FRT_censord" 8 0.921673362278806 6.54281503213625 0.00639828997355441 0.0039617535025151 3.07911276881612e-17 0.0517588107037028 -0.000799344995619844 -5.6843418860808e-14 -0.6875 144.909090909091 0.954791090700938 0.0405449552473814 0.5 1 2 0.333333333333333 0.333333333333333 0.333333333333333 68 0.628282828212121 -1.13166634429889 -136.090340165214 -5.79594641144959 -0.560463864975235 225.701971963392 225.701971963392 225.701971963392
"time8" "FRT_censord" 9 0.921947589408782 6.56254702848125 0.00638685608168357 0.00395939512163456 2.73565967024438e-17 0.046254665867977 -0.00070906475742899 -9.09494701772928e-13 0.375 144.909090909091 0.955738908120988 0.0397897859809506 0.5 1 2 0.333333333333333 0.333333333333333 0.333333333333333 68 0.632323232242424 -0.957476155754958 -136.228017069214 -5.68814396083402 -0.536622574338197 253.536449397011 253.536449397011 253.536449397011
"time9" "FRT_censord" 10 0.92220065586691 6.58787826524954 0.00637624975283984 0.00395703672271081 2.35307177559136e-17 0.0413239742410383 -0.000628358666303064 5.6843418860808e-14 -0.125 144.909090909091 0.956667200160674 0.0390475987279738 0.5 1 2 0.333333333333333 0.333333333333333 0.333333333333333 67 0.636363636272727 -0.787317752791749 -136.362813970347 -5.58219069411605 -0.513567604885282 284.80358684358 284.80358684358 284.80358684358
"time10" "FRT_censord" 11 0.922434362453035 6.6182267695205 0.00636639915685806 0.00395467788200898 1.96610316355048e-17 0.0369091368820875 -0.000556352738669386 -1.87583282240666e-12 -0.375 144.909090909091 0.957576245782298 0.0383181992301303 0.5 1 2 0.333333333333333 0.333333333333333 0.333333333333333 66 0.64040404030303 -0.621083691056078 -136.494777788059 -5.47805916105438 -0.491298966920106 319.926713779738 319.926713779738 319.926713779738
"time11" "FRT_censord" 12 0.922650360159965 6.6530592241013 0.00635723893731673 0.00395231834677162 1.6007181087959e-17 0.0329579531486957 -0.000492221873484522 -6.25277607468888e-13 1.375 144.909090909091 0.958466338549983 0.0376013969391308 0.5 1 2 0.333333333333333 0.333333333333333 0.333333333333333 65 0.644444444333333 -0.458670437497398 -136.623956740085 -5.37572240614228 -0.469812624794454 359.381366380463 359.381366380463 359.381366380463
"time12" "FRT_censord" 13 0.922850160737365 6.69188776554089 0.00634870967693928 0.00394995800909998 1.27346272111677e-17 0.029423184282777 -0.000435194167218211 3.97903932025656e-13 -0.25 144.909090909091 0.959337783673584 0.036897004632211 0.5 1 2 0.333333333333333 0.333333333333333 0.333333333333333 64 0.648484848363636 -0.299978350030895 -136.750399984469 -5.27515391882521 -0.449101096270072 403.701725859656 403.701725859656 403.701725859656
"time13" "FRT_censord" 14 0.923035146928446 6.73426694143843 0.00634075739380578 0.00394759688135168 9.92520296865506e-18 0.026262139718412 -0.000384553206626392 9.66338120633736e-13 -0.75 144.909090909091 0.960190895411728 0.0362048380873653 0.5 1 2 0.333333333333333 0.333333333333333 0.333333333333333 63 0.652525252393939 -0.144911604262041 -136.874157315029 -5.1763275917488 -0.429153995370359 453.487850812858 453.487850812858 453.487850812858
"time14" "FRT_censord" 15 0.923206582295183 6.77979080086844 0.00633333306944176 0.00394523507335631 7.59616049025152e-18 0.0234362873271294 -0.000339638702817002 1.13686837721616e-12 -0.25 144.909090909091 0.961025994802348 0.0355247158107945 0.5 1 2 0.333333333333333 0.333333333333333 0.333333333333333 62 0.656565656424242 0.00662192077800761 -136.99527890348 -5.07921768594873 -0.409958520134187 509.413801481638 509.413801481638 509.413801481638
"time15" "FRT_censord" 16 0.923365620567502 6.82809010637152 0.00632639220931152 0.00394287277164079 5.72108018098843e-18 0.0209108884072577 -0.00029984581025172 1.19371179607697e-12 0.25 144.909090909091 0.961843407690073 0.0348564588097509 0.5 1 2 0.333333333333333 0.333333333333333 0.333333333333333 61 0.660606060454545 0.154710787084404 -137.113815082107 -4.98379880201542 -0.391499887439601 572.236765935022 572.236765935022 572.236765935022
"time16" "FRT_censord" 17 0.923513314517736 6.87882966478451 0.00631989443409298 0.00394051022088042 4.24847611286248e-18 0.0186546563664649 -0.000264623442560064 -9.66338120633736e-13 -2.5 144.909090909091 0.962643463020975 0.0341998904046224 0.5 1 2 0.333333333333333 0.333333333333333 0.333333333333333 60 0.664646464484848 0.299440162942434 -137.229816161485 -4.89004585636879 -0.373761717689115 642.807311728433 642.807311728433 642.807311728433
"time17" "FRT_censord" 18 0.923650624221742 6.93170577910192 0.00631380310503256 0.0039381477073039 3.11617985482096e-18 0.01663944241146 -0.000233471858314238 -2.44426701101474e-12 2 144.909090909091 0.963426491376256 0.033554836074803 0.5 1 2 0.333333333333333 0.333333333333333 0.333333333333333 60 0.668686868515151 0.440892000816568 -137.343332278319 -4.79793406190898 -0.356726372658219 722.080901838547 722.080901838547 722.080901838547
"time18" "FRT_censord" 19 0.923778424894184 6.98644382113155 0.00630808497554745 0.00393578554451406 2.26118419259809e-18 0.0148399417043805 -0.00020593974923061 2.1032064978499e-12 -3 144.909090909091 0.964192823717924 0.0329211233332978 0.5 1 2 0.333333333333333 0.333333333333333 0.333333333333333 59 0.672727272545455 0.579145221561843 -137.454413269047 -4.70743891233635 -0.340375250202949 811.130830789687 811.130830789687 811.130830789687
"time19" "FRT_censord" 20 0.92389751410708 7.04279593642108 0.00630270987439253 0.00393342406115019 1.62553406339598e-18 0.013233425108865 -0.000181621020629574 -9.66338120633736e-13 -3 144.909090909091 0.964942790322845 0.0322985816259423 0.5 1 2 0.333333333333333 0.333333333333333 0.333333333333333 58 0.676767676575758 0.714275899399324 -137.56310856553 -4.61853616961628 -0.324689039326157 911.16275611549 911.16275611549 911.16275611549
"time20" "FRT_censord" 21 0.924008618503613 7.10053887222435 0.00629765041533464 0.00393106359049846 1.15921424013021e-18 0.011799492353461 -0.000160151419036914 -4.54747350886464e-13 3 144.909090909091 0.965676719880032 0.031687042251172 0.5 1 2 0.333333333333333 0.333333333333333 0.333333333333333 57 0.680808080606061 0.846357443691613 -137.669467109241 -4.53120185404097 -0.309647939822368 1023.53102189903 1023.53102189903 1023.53102189903
"time21" "FRT_censord" 22 0.924112400062318 7.15947193800025 0.00629288173039801 0.00392870446202398 8.20999560617172e-19 0.0105198443668968 -0.00014120512462179 -2.27373675443232e-13 14 144.909090909091 0.966394938732197 0.0310863382971533 0.5 1 2 0.333333333333333 0.333333333333333 0.333333333333333 56 0.684848484636364 0.975460774514057 -137.77353728133 -4.44541223647043 -0.295231849874076 1149.75699539774 1149.75699539774 1149.75699539774
"time22" "FRT_censord" 23 0.924209461791194 7.21941509430847 0.00628838122981988 0.00392634699426889 5.78077291973237e-19 0.00937807785990685 -0.00012449139845766 -6.25277607468888e-13 2 144.909090909091 0.967097770241657 0.0304963045933567 0.5 1 2 0.333333333333333 0.333333333333333 0.333333333333333 55 0.688888888666667 1.10165448963847 -137.875366845927 -4.36114383239353 -0.281420525319891 1291.54966501488 1291.54966501488 1291.54966501488
"time23" "FRT_censord" 24 0.92430035293618 7.28020716901898 0.00628412838493057 0.00392399148910076 4.05039546573484e-19 0.00835949906540634 -0.000109751349260334 -1.53477230924182e-12 -16 144.909090909091 0.967785534264112 0.0299167776740594 0.5 1 2 0.333333333333333 0.333333333333333 0.333333333333333 54 0.69292929269697 1.22500502155882 -137.975002904636 -4.27837339748078 -0.268193713882079 1450.82877849594 1450.82877849594 1450.82877849594
"time24" "FRT_censord" 25 0.924385573945823 7.34170419799419 0.00628010452489909 0.00392163822773942 2.82643497971648e-19 0.00745094876464236 -9.67548640214977e-05 -5.6843418860808e-14 -12 144.909090909091 0.968458546715795 0.0293475957516093 0.5 1 2 0.333333333333333 0.333333333333333 0.333333333333333 53 0.696969696727273 1.34557678396506 -138.072491860512 -4.19707792433064 -0.255531267386729 1629.75083462065 1629.75083462065 1629.75083462065
"time25" "FRT_censord" 26 0.9244655808138 7.40377788644675 0.00627629265957241 0.00391928746728992 1.96577027913455e-19 0.00664064971969935 -8.52977307231051e-05 2.44426701101474e-12 -32 144.909090909091 0.969117119220137 0.0287885986976933 0.5 1 2 0.333333333333333 0.333333333333333 0.333333333333333 52 0.701010100757576 1.46343230673156 -138.167879389829 -4.11723464023428 -0.243413234863386 1830.73828029537 1830.73828029537 1830.73828029537
"time26" "FRT_censord" 27 0.924540789145518 7.46631418648702 0.00627267731593144 0.00391693943849944 1.36353115425247e-19 0.00591806554386665 -7.51989686833543e-05 1.30739863379858e-12 -32 144.909090909091 0.96976155882314 0.0282396280309974 0.5 1 2 0.333333333333333 0.333333333333333 0.333333333333333 51 0.705050504787879 1.57863235980224 -138.261210420505 -4.03882100572044 -0.231819938989766 2056.51230834865 2056.51230834865 2056.51230834865
"time27" "FRT_censord" 28 0.924611577851478 7.52921198653235 0.00626924439093523 0.00391459434426005 9.43821219421072e-20 0.00527377362644188 -6.62983724531163e-05 1.53477230924182e-12 -16 144.909090909091 0.970392167767379 0.0277005269099765 0.5 1 2 0.333333333333333 0.333333333333333 0.333333333333333 51 0.709090908818182 1.69123606604721 -138.352529116073 -3.96181471373469 -0.220732038155056 2310.12970008316 2310.12970008316 2310.12970008316
"time28" "FRT_censord" 29 0.924678292512662 7.59238190272938 0.00626598101870634 0.003912252358775 6.52275626000595e-20 0.00469935038195501 -5.84542681320577e-05 -9.66338120633736e-13 16 144.909090909091 0.971009243315429 0.0271711401295788 0.5 1 2 0.333333333333333 0.333333333333333 0.333333333333333 50 0.713131312848485 1.8013010035259 -138.441878864218 -3.88619368930678 -0.210130576257275 2595.02421139974 2595.02421139974 2595.02421139974
"time29" "FRT_censord" 30 0.92474124844506 7.65574517742886 0.00626287545071283 0.00390991362729417 4.50284480194148e-20 0.0041872677641237 -5.15414757455701e-05 -7.38964445190504e-13 112 144.909090909091 0.971613077616819 0.026651314121106 0.5 1 2 0.333333333333333 0.333333333333333 0.333333333333333 49 0.717171716878788 1.90888329777859 -138.52930226933 -3.81193608960545 -0.199997021745221 2915.05306282518 2915.05306282518 2915.05306282518
"time30" "FRT_censord" 31 0.924800733485106 7.71923266458251 0.00625991694780324 0.00390757826629093 3.10620955162242e-20 0.00373080004096948 -4.54494681354223e-05 1.70530256582424e-13 32 144.909090909091 0.972203957610096 0.0261408969542888 0.5 1 2 0.333333333333333 0.333333333333333 0.333333333333333 48 0.721212120909091 2.01403770473686 -138.614841148186 -3.73902030426468 -0.190313297815781 3274.54916287773 3274.54916287773 3274.54916287773
"time31" "FRT_censord" 32 0.92485701052077 7.78278390739559 0.00625709568293519 0.00390524636401256 2.14197387731356e-20 0.00332393990488811 -4.00807143476067e-05 -8.5265128291212e-13 -32 144.909090909091 0.972782164956094 0.0256397383410462 0.5 1 2 0.333333333333333 0.333333333333333 0.333333333333333 48 0.725252524939394 2.11681768501346 -138.698536528424 -3.66742495591676 -0.181061804849301 3678.37977182863 3678.37977182863 3678.37977182863
"time32" "FRT_censord" 33 0.924910319788484 7.84634629363359 0.00625440265360898 0.00390291798131246 1.476961711119e-20 0.00296132305139452 -3.53491944606876e-05 -2.78532752417959e-12 192 144.909090909091 0.973347975996549 0.025147689640314 0.5 1 2 0.333333333333333 0.333333333333333 0.333333333333333 47 0.729292928969697 2.21727547024591 -138.780428649229 -3.5971289008545 -0.172225436467625 4132.01240011534 4132.01240011534 4132.01240011534
"time33" "FRT_censord" 34 0.924960880957792 7.90987429509626 0.00625182960302383 0.00390059315271703 1.01861521995391e-20 0.00263816043012355 -3.11790721223004e-05 6.25277607468888e-13 448 144.909090909091 0.973901661735625 0.0246646038636089 0.5 1 2 0.333333333333333 0.333333333333333 0.333333333333333 47 0.733333333 2.3154621223047 -138.860556964063 -3.5281112297824 -0.163787589971073 4641.58883361278 4641.58883361278 4641.58883361278
"time34" "FRT_censord" 35 0.925008895019818 7.97332876721696 0.00624936894917071 0.0038982718876431 7.02805453717956e-21 0.00235017743318622 -2.75035112454747e-05 8.5265128291212e-13 -128 144.909090909091 0.974443487838563 0.0241903356808128 0.5 1 2 0.333333333333333 0.333333333333333 0.333333333333333 46 0.737373737030303 2.41142758593451 -138.938960144827 -3.46035126859014 -0.155732172431671 5214.00828799969 5214.00828799969 5214.00828799969
"time35" "FRT_censord" 36 0.925054545999792 8.03667632363097 0.00624701372100579 0.0038959541717484 4.8520787897019e-21 0.0020935593504845 -2.42636234629168e-05 6.82121026329696e-13 1280 144.909090909091 0.974973714647113 0.0237247414260536 0.5 1 2 0.333333333333333 0.333333333333333 0.333333333333333 45 0.741414141060606 2.50522073565203 -139.015676087525 -3.39382857913495 -0.148043602774445 5857.02081805666 5857.02081805666 5857.02081805666
"time36" "FRT_censord" 37 0.925098002507432 8.09988876445946 0.00624475750105664 0.00389363996835177 3.35242465856187e-21 0.00186490247412507 -2.14075337515718e-05 1.4210854715202e-12 -768 144.909090909091 0.975492597207217 0.0232676791033157 0.5 1 2 0.333333333333333 0.333333333333333 0.333333333333333 45 0.745454545090909 2.59688941740972 -139.090741918957 -3.32852295998477 -0.140706810834457 6579.33224657568 6579.33224657568 6579.33224657568
"time37" "FRT_censord" 38 0.925139419140727 8.16294255851134 0.00624259437379851 0.00389132921989871 2.3183961636625e-21 0.00166117029483814 -1.88895522156285e-05 1.98951966012828e-12 -2816 144.909090909091 0.976000385307559 0.0228190083916382 0.5 1 2 0.333333333333333 0.333333333333333 0.333333333333333 44 0.749494949121212 2.68648048565432 -139.164194004338 -3.26441444710479 -0.133707233823802 7390.72203352578 7390.72203352578 7390.72203352578
"time38" "FRT_censord" 39 0.925178937757637 8.22581838369592 0.00624051887919196 0.00388902184945498 1.6049522979871e-21 0.00147965427794361 -1.66694411116025e-05 2.21689333557151e-12 -512 144.909090909091 0.976497323528047 0.0223785906498102 0.5 1 2 0.333333333333333 0.333333333333333 0.333333333333333 44 0.753535353151515 2.7740398363919 -139.236067955819 -3.20148331447597 -0.127030810542874 8302.17568131974 8302.17568131974 8302.17568131974
"time39" "FRT_censord" 40 0.92521668862601 8.28850070191046 0.00623852597091597 0.00388671776218389 1.11229857999013e-21 0.00131793875775088 -1.4711766738798e-05 1.08002495835535e-12 -512 144.909090909091 0.976983651294668 0.0219462889203195 0.5 1 2 0.333333333333333 0.333333333333333 0.333333333333333 43 0.757575757181818 2.85961243660155 -139.306398641508 -3.13971007461312 -0.120663974066538 9326.0334688322 9326.0334688322 9326.0334688322
"time40" "FRT_censord" 41 0.925252791465481 8.35097738713145 0.00623661097875418 0.0038844168468161 7.71783991081057e-22 0.00117386953220944 -1.29853270714325e-05 -8.5265128291212e-13 0 144.909090909091 0.97745960294181 0.0215219679326194 0.5 1 2 0.333333333333333 0.333333333333333 0.333333333333333 43 0.761616161212121 2.94324235064211 -139.375220195191 -3.07907547899176 -0.11459364286128 10476.1575278967 10476.1575278967 10476.1575278967
"time41" "FRT_censord" 42 0.925287356389471 8.41323938056603 0.00623476957477006 0.00388211897707311 5.36176698480368e-22 0.00104552577583661 -1.14626466554135e-05 -1.08002495835535e-12 -1024 144.909090909091 0.977925407778572 0.0211054941055028 0.5 1 2 0.333333333333333 0.333333333333333 0.333333333333333 42 0.765656565242424 3.02497276384348 -139.442566026353 -3.01956051835525 -0.108807210998831 11768.11952435 11768.11952435 11768.11952435
"time42" "FRT_censord" 43 0.925320484758776 8.4752803910291 0.00623299774282712 0.00387982401305742 3.72969748158664e-22 0.00093119493327265 -1.01195311477537e-05 -1.70530256582424e-13 9216 144.909090909091 0.978381290160392 0.0206967355486801 0.5 1 2 0.333333333333333 0.333333333333333 0.333333333333333 42 0.769696969272727 3.10484600387206 -139.508468830716 -2.96114642291522 -0.103292537352126 13219.4114846603 13219.4114846603 13219.4114846603
"time43" "FRT_censord" 44 0.925352269953426 8.53709661641511 0.00623129175116227 0.00387753180257988 2.59777927567048e-22 0.000829350279460073 -8.93467472018461e-06 1.76214598468505e-12 -2048 144.909090909091 0.978827469563028 0.0202955620634015 0.5 1 2 0.333333333333333 0.333333333333333 0.333333333333333 42 0.77373737330303 3.1829035599659 -139.572960600947 -2.9038146624234 -0.098037934316017 14849.6826225447 14849.6826225447 14849.6826225447
"time44" "FRT_censord" 45 0.92538279807213 8.59868650036567 0.00622964812765643 0.00387524218243569 1.81174759035829e-22 0.000738630874081991 -7.8893141634423e-06 -7.38964445190504e-13 -2048 144.909090909091 0.979264160659959 0.0199018451422141 0.5 1 2 0.333333333333333 0.333333333333333 0.333333333333333 41 0.777777777333333 3.2591861005205 -139.636072637691 -2.84754694612711 -0.0930321559518951 16681.0053720006 16681.0053720006 16681.0053720006
"time45" "FRT_censord" 46 0.925412148565721 8.66005051448404 0.00622806363754119 0.00387295497961783 1.26519855865217e-22 0.000657823655785705 -6.96692433180268e-06 -5.6843418860808e-14 24576 144.909090909091 0.979691573401817 0.0195154579678019 0.5 1 2 0.333333333333333 0.333333333333333 0.333333333333333 41 0.781818181363636 3.33373348918717 -139.697835560804 -2.79232522260076 -0.0882643858244395 18738.1742286039 18738.1742286039 18738.1742286039
"time46" "FRT_censord" 47 0.925440394810552 8.72119095768062 0.00622653526330432 0.00387067001246149 8.84666129773125e-23 0.000585847453677957 -6.15294996353377e-06 9.09494701772928e-13 4096 144.909090909091 0.980109913096963 0.0191362754108899 0.5 1 2 0.333333333333333 0.333333333333333 0.333333333333333 41 0.785858585393939 3.40658479966382 -139.758279320648 -2.73813167945055 -0.0837242247121141 21049.0414451202 21049.0414451202 21049.0414451202
"time47" "FRT_censord" 48 0.925467604628676 8.78211178281591 0.00622506018653694 0.00386838709172835 6.19369540200247e-23 0.000521738712350839 -5.43456968297995e-06 -3.97903932025656e-13 32768 144.909090909091 0.980519380493784 0.0187641740272848 0.5 1 2 0.333333333333333 0.333333333333333 0.333333333333333 40 0.789898989424242 3.47777832948913 -139.817433209586 -2.68494874290193 -0.0794016781326015 23644.8941264541 23644.8941264541 23644.8941264541
"time48" "FRT_censord" 49 0.925493840759375 8.84281844143932 0.0062236357715405 0.00386610602162462 4.34166464988887e-23 0.000464638751608959 -4.80048828732649e-06 -1.64845914696343e-12 24576 144.909090909091 0.980920171863753 0.0183990320540324 0.5 1 2 0.333333333333333 0.333333333333333 0.333333333333333 40 0.793939393454545 3.54735161295016 -139.875325873531 -2.63275907726661 -0.0752871438610766 26560.8778294668 26560.8778294668 26560.8778294668
"time49" "FRT_censord" 50 0.925519161286579 8.9033177411283 0.00622225955051906 0.00386382660075108 3.04706383809887e-23 0.000413782396023521 -4.24075402349205e-06 -2.27373675443232e-12 -114688 144.909090909091 0.981312479084608 0.0180407294046965 0.5 1 2 0.333333333333333 0.333333333333333 0.333333333333333 40 0.797979797484848 3.61534143318844 -139.931985323499 -2.58154558428953 -0.0713713995558836 29836.4724028334 29836.4724028334 29836.4724028334
"time50" "FRT_censord" 51 0.925543620027147 8.96361772299118 0.0062209292101716 0.00386154862299334 2.14094465164033e-23 0.00036848782924892 -3.74659777010317e-06 1.70530256582424e-13 -16384 144.909090909091 0.981696489724221 0.0176891476638336 0.5 1 2 0.333333333333333 0.333333333333333 0.333333333333333 39 0.802020201515152 3.68178383376347 -139.987438947233 -2.53129140238534 -0.0676455904220945 33516.0265093885 33516.0265093885 33516.0265093885
"time51" "FRT_censord" 52 0.925567266883458 9.02372755364383 0.00621964257955299 0.00385927187835035 1.50593032096235e-23 0.000328147543427804 -3.31029158852358e-06 2.33058017329313e-12 -49152 144.909090909091 0.982072387124459 0.0173441700806618 0.5 1 2 0.333333333333333 0.333333333333333 0.333333333333333 39 0.806060605545455 3.74671412971431 -140.041713520834 -2.48197990576417 -0.0641012170270091 37649.3580679247 37649.3580679247 37649.3580679247
"time52" "FRT_censord" 53 0.925590148163484 9.08365742421245 0.00621839761908203 0.00385699615370002 1.06036220416974e-23 0.000292220265009746 -2.92502426633284e-06 9.66338120633736e-13 -262144 144.909090909091 0.982440350484493 0.0170056815619385 0.5 1 2 0.333333333333333 0.333333333333333 0.333333333333333 39 0.810101009575758 3.81016691815382 -140.094835220312 -2.43359470344807 -0.0607301233588877 42292.428743895 42292.428743895 42292.428743895
"time53" "FRT_censord" 54 0.925612306872194 9.14341846711464 0.00621719241055774 0.00385472123351152 7.47352579602856e-24 0.000260223755248035 -2.58479182056737e-06 -2.21689333557151e-12 -98304 144.909090909091 0.98280055494421 0.0166735686641228 0.5 1 2 0.333333333333333 0.333333333333333 0.333333333333333 39 0.814141413606061 3.87217608861351 -140.146829633163 -2.38611963818837 -0.0575244850294913 47508.101621028 47508.101621028 47508.101621028
"time54" "FRT_censord" 55 0.925633782976541 9.20302267948596 0.00621602514809814 0.00385244690050068 5.27216045217819e-24 0.000231728387447561 -2.28430116079592e-06 -1.19371179607697e-12 0 144.909090909091 0.983153171666888 0.0163477195848167 0.5 1 2 0.333333333333333 0.333333333333333 0.333333333333333 38 0.818181817636364 3.93277483308965 -140.197721769858 -2.33953878528286 -0.0544767977528469 53366.9923120631 53366.9923120631 53366.9923120631
"time55" "FRT_censord" 56 0.925654613646911 9.2624828597525 0.0062148941298965 0.0038501729362352 3.7222995462989e-24 0.000206351421951467 -2.0188853224884e-06 1.53477230924182e-12 458752 144.909090909091 0.983498367921486 0.0160280241535455 0.5 1 2 0.333333333333333 0.333333333333333 0.333333333333333 38 0.822222221666667 3.99199565593343 -140.247536075295 -2.29383645130083 -0.0515798660417089 59948.4250318941 59948.4250318941 59948.4250318941
"time56" "FRT_censord" 57 0.925674833476893 9.32181254670876 0.00621379775072661 0.00384789912168757 2.63002344404439e-24 0.000183751900635798 -1.78442887786845e-06 -1.36424205265939e-12 -393216 144.909090909091 0.98383630716385 0.0157143738218791 0.5 1 2 0.333333333333333 0.333333333333333 0.333333333333333 38 0.82626262569697 4.04987038352497 -140.296296440121 -2.24899717271596 -0.0488267922265149 67341.5065775083 67341.5065775083 67341.5065775083
"time57" "FRT_censord" 58 0.92569447468406 9.3810259727203 0.0062127344951009 0.00384562523774429 1.85950676522742e-24 0.0001636260956559 -1.57730229344982e-06 1.4210854715202e-12 -131072 144.909090909091 0.984167149117498 0.0154066616529685 0.5 1 2 0.333333333333333 0.333333333333333 0.333333333333333 38 0.830303029727273 4.1064301739073 -140.34402621202 -2.20500571445711 -0.0462109656912824 75646.3327554629 75646.3327554629 75646.3327554629
"time58" "FRT_censord" 59 0.925713567293058 9.44013802093105 0.00621170293103374 0.0038433510656695 1.31549244850497e-24 0.00014570345203424 -1.39430415734693e-06 6.25277607468888e-13 -1310720 144.909090909091 0.98449104985333 0.0151047823104993 0.5 1 2 0.333333333333333 0.333333333333333 0.333333333333333 38 0.834343433757576 4.16170552630991 -140.390748206863 -2.16184706837725 -0.0437260524213857 84975.3435908645 84975.3435908645 84975.3435908645
"time59" "FRT_censord" 60 0.925732139302961 9.49916418965351 0.00621070170433973 0.00384107638752752 9.31091751127114e-25 0.000129742972077906 -1.23261032321242e-06 -2.8421709430404e-13 524288 144.909090909091 0.984808161868419 0.0148086320471096 0.5 1 2 0.333333333333333 0.333333333333333 0.333333333333333 38 0.838383837787879 4.215726290629 -140.436484719769 -2.11950645164648 -0.0413659848311042 95454.8456661836 95454.8456661836 95454.8456661836
"time60" "FRT_censord" 61 0.925750216840301 9.55812056264158 0.00620972953341765 0.0038388009865664 6.59279730892635e-25 0.000115529990921459 -1.08972915262295e-06 -8.5265128291212e-13 -786432 144.909090909091 0.985118634163783 0.0145181086923002 0.5 1 2 0.333333333333333 0.333333333333333 0.333333333333333 37 0.842424241818182 4.26852167687306 -140.481257536037 -2.07796930507348 -0.0391249518821035 107226.722201032 107226.722201032 107226.722201032
"time61" "FRT_censord" 62 0.925767824299222 9.61702378710885 0.00620878520446777 0.00383652464756578 4.66958498003453e-25 0.000102873304996365 -9.63462082316513e-07 2.67164068645798e-12 2097152 144.909090909091 0.985422612321222 0.0142331116398774 0.5 1 2 0.333333333333333 0.333333333333333 0.333333333333333 37 0.846464645848485 4.32012026462672 -140.525087941971 -2.03722129136034 -0.0369973894710396 120450.354025878 120450.354025878 120450.354025878
"time62" "FRT_censord" 63 0.925784984469711 9.67589105193508 0.00620786756711003 0.00383424715714888 3.30807227726418e-25 9.16026104818002e-05 -8.51868930736022e-07 -6.82121026329696e-13 -3670016 144.909090909091 0.985720238578785 0.0139535418349406 0.5 1 2 0.333333333333333 0.333333333333333 0.333333333333333 37 0.850505049878788 4.37055001245147 -140.567996735539 -1.99724829329258 -0.0349779711443491 135304.777457981 135304.777457981 135304.777457981
"time63" "FRT_censord" 64 0.925801718655395 9.7347400761799 0.00620697553034986 0.00383196830406467 2.34377191760213e-25 8.15662234003867e-05 -7.53237324659095e-07 -2.27373675443232e-13 1572864 144.909090909091 0.986011651905394 0.0136793017604712 0.5 1 2 0.333333333333333 0.333333333333333 0.333333333333333 37 0.854545453909091 4.41983826735772 -140.610004236939 -1.95803641187215 -0.0330615990555561 151991.108295293 151991.108295293 151991.108295293
"time64" "FRT_censord" 65 0.925818046781566 9.79358909930973 0.00620610805886998 0.00382968787943934 1.6605560990005e-25 7.26290457748746e-05 -6.66055776768482e-07 -1.87583282240666e-12 -1048576 144.909090909091 0.986296988074154 0.013410295423532 0.5 1 2 0.333333333333333 0.333333333333333 0.333333333333333 37 0.858585857939394 4.46801177425866 -140.651130298996 -1.91957196439466 -0.0312433952256954 170735.264747069 170735.264747069 170735.264747069
"time65" "FRT_censord" 66 0.92583398749448 9.85245687633277 0.00620526416961085 0.00382740567700041 1.17636613510185e-25 6.46707546110292e-05 -5.88989967510029e-07 -1.4210854715202e-12 -2097152 144.909090909091 0.986576379734513 0.0131464283411155 0.5 1 2 0.333333333333333 0.333333333333333 0.333333333333333 37 0.862626261969697 4.5150966854475 -140.691394317422 -1.88184148247582 -0.0295186930766416 191791.026167249 191791.026167249 191791.026167249
"time66" "FRT_censord" 67 0.92584955825267 9.91136267704314 0.00620444292861486 0.00382512149327518 8.33170429280833e-26 5.75841877861194e-05 -5.20861848152254e-07 5.6843418860808e-14 -2097152 144.909090909091 0.986849956483212 0.0128876075256654 0.5 1 2 0.333333333333333 0.333333333333333 0.333333333333333 37 0.866666666 4.56111857009255 -140.730815240931 -1.84483171003091 -0.027883029237254 215443.469003189 215443.469003189 215443.469003189
"time67" "FRT_censord" 68 0.925864775411021 9.97032628919782 0.0062036434481088 0.0038228351277654 5.89899288370232e-26 5.12739059388423e-05 -4.6063122644685e-07 6.25277607468888e-13 -14680064 144.909090909091 0.987117844934022 0.0126337414703004 0.5 1 2 0.333333333333333 0.333333333333333 0.333333333333333 37 0.870707070030303 4.60610242374937 -140.76941158119 -1.80852960121093 -0.0263321356173122 242012.826479438 242012.826479438 242012.826479438
"time68" "FRT_censord" 69 0.925879654298244 10.0293680254938 0.00620286488380258 0.00382054638309992 4.1746838316706e-26 4.56549119007832e-05 -4.0737953768688e-07 -6.82121026329696e-13 29360128 144.909090909091 0.987380168786241 0.0123847401337644 0.5 1 2 0.333333333333333 0.333333333333333 0.333333333333333 37 0.874747474060606 4.65007267788832 -140.807201422627 -1.77292231829892 -0.0248619317438331 271858.824273294 271858.824273294 271858.824273294
"time69" "FRT_censord" 70 0.925894209288342 10.0885087342565 0.00620210643238462 0.00381825506516694 2.95269548858883e-26 4.06515090105586e-05 -3.60295540065975e-07 -1.70530256582424e-13 -12582912 144.909090909091 0.987637048891955 0.0121405149251293 0.5 1 2 0.333333333333333 0.333333333333333 0.333333333333333 37 0.878787878090909 4.69305320943289 -140.844202432072 -1.73799722957015 -0.0234685173540856 305385.550883342 305385.550883342 305385.550883342
"time70" "FRT_censord" 71 0.925908453866587 10.1477698137636 0.00620136732919609 0.00381596098322735 2.08693712728768e-26 3.61962842418961e-05 -3.18662703824996e-07 6.25277607468888e-13 -20971520 144.909090909091 0.987888603322054 0.0119009786882739 0.5 1 2 0.333333333333333 0.333333333333333 0.333333333333333 37 0.882828282121212 4.7350673503063 -140.880431868244 -1.70374190711932 -0.022148165239415 343046.928631492 343046.928631492 343046.928631492
"time71" "FRT_censord" 72 0.925922400690502 10.2071732301819 0.00620064684606767 0.00381366395001076 1.4738068217874e-26 3.22292028158699e-05 -2.8184809241355e-07 -7.38964445190504e-13 -8388608 144.909090909091 0.988134947431 0.0116660456861616 0.5 1 2 0.333333333333333 0.333333333333333 0.333333333333333 37 0.886868686151515 4.77613789697832 -140.915906591069 -1.67014412465815 -0.020897314333835 385352.859371053 385352.859371053 385352.859371053
"time72" "FRT_censord" 73 0.925936061646255 10.2667415391219 0.00619994428930558 0.00381136378179538 1.03981393181469e-26 2.86968010811961e-05 -2.49292557732289e-07 -1.4210854715202e-12 -8388608 144.909090909091 0.988376193920333 0.0114356315849402 0.5 1 2 0.333333333333333 0.333333333333333 0.333333333333333 37 0.890909090181818 4.81628712001005 -140.950643070846 -1.63719185528632 -0.0197125630412643 432876.128108306 432876.128108306 432876.128108306
"time73" "FRT_censord" 74 0.925949447900868 10.3264979108412 0.0061992589978128 0.00380906029847332 7.32818481745111e-27 2.55514681271052e-05 -2.20502092865976e-07 1.98951966012828e-12 -67108864 144.909090909091 0.988612452900951 0.011209653437883 0.5 1 2 0.333333333333333 0.333333333333333 0.333333333333333 37 0.894949494212121 4.8555367735872 -140.984657397239 -1.60487326923894 -0.0185906627952182 486260.158006536 486260.158006536 486260.158006536
"time74" "FRT_censord" 75 0.92596256995061 10.3864661591657 0.00619859034133452 0.00380675332360214 5.15825887604773e-27 2.27508048737946e-05 -1.95040204624061e-07 -5.11590769747272e-13 -117440512 144.909090909091 0.988843831954121 0.0109880296691935 0.5 1 2 0.333333333333333 0.333333333333333 0.333333333333333 37 0.898989898242424 4.89390810503733 -141.017965288107 -1.57317673161316 -0.017528511844765 546227.721768435 546227.721768435 546227.721768435
"time75" "FRT_censord" 76 0.925975437665848 10.4466707742364 0.00619793771881771 0.00380444268444411 3.62588749366353e-27 2.02570550982273e-05 -1.72521184827606e-07 0 0 144.909090909091 0.989070436191267 0.0107706800576915 0.5 1 2 0.333333333333333 0.333333333333333 0.333333333333333 37 0.903030302272727 4.93142186432368 -141.050582098175 -1.5420908000769 -0.0165231492605367 613590.727341317 613590.727341317 613590.727341317
"time76" "FRT_censord" 77 0.925988060332709 10.5071369592094 0.00619730055687423 0.003802128211994 2.54487659967144e-27 1.80365959039364e-05 -1.52604173549523e-07 1.59161572810262e-12 134217728 144.909090909091 0.989292368312515 0.0105575257204001 0.5 1 2 0.333333333333333 0.333333333333333 0.333333333333333 37 0.90707070630303 4.96809831350816 -141.082522827527 -1.51160422256214 -0.0155717491546594 689261.21043497 689261.21043497 689261.21043497
"time77" "FRT_censord" 78 0.92600044669173 10.56789067109 0.00619667830834141 0.00379980974099655 1.78318006507266e-27 1.60594867963937e-05 -1.34987920473451e-07 -3.97903932025656e-13 -100663296 144.909090909091 0.989509728664021 0.0103484890960503 0.5 1 2 0.333333333333333 0.333333333333333 0.333333333333333 37 0.911111110333333 5.00395723617761 -141.113802129951 -1.48170593494539 -0.0146716151084908 774263.682681128 774263.682681128 774263.682681128
"time78" "FRT_censord" 79 0.926012604973827 10.6289586659081 0.00619607045092931 0.00379748710995435 1.24718991882364e-27 1.42990658957842e-05 -1.19406161689165e-07 -3.97903932025656e-13 -201326592 144.909090909091 0.989722615294071 0.0101434939285206 0.5 1 2 0.333333333333333 0.333333333333333 0.333333333333333 37 0.915151514363636 5.03901794682576 -141.144434321102 -1.45238505871764 -0.0138201748021262 869749.002617784 869749.002617784 869749.002617784
"time79" "FRT_censord" 80 0.926024542984195 10.6903685485027 0.00619547648425421 0.00379516016132492 8.70581885548021e-28 1.27300021404153e-05 -1.0562353916499e-07 1.64845914696343e-12 671088640 144.909090909091 0.989931124007956 0.00994246525026738 0.5 1 2 0.333333333333333 0.333333333333333 0.333333333333333 37 0.919191918393939 5.07329930019754 -141.174433386512 -1.42363089864952 -0.0130149748391228 977009.957299226 977009.957299226 977009.957299226
"time80" "FRT_censord" 81 0.926036267931574 10.7521488271327 0.00619489593542818 0.00379282874072207 6.06393816044466e-28 1.13343322141191e-05 -9.3431998655219e-08 -6.82121026329696e-13 -939524096 144.909090909091 0.990135348421809 0.00974532936552094 0.5 1 2 0.333333333333333 0.333333333333333 0.333333333333333 37 0.923232322424242 5.10681970050853 -141.203812989432 -1.39543294043364 -0.0122536757642487 1097498.76549306 1097498.76549306 1097498.76549306
"time81" "FRT_censord" 82 0.926047786760044 10.8143289734529 0.00619432834775517 0.00379049269808387 4.21399531394145e-28 1.00916411724938e-05 -8.26476097403467e-08 -1.53477230924182e-12 671088640 144.909090909091 0.990335380014933 0.00955201383386166 0.5 1 2 0.333333333333333 0.333333333333333 0.333333333333333 37 0.927272726454546 5.13959711073619 -141.232586478515 -1.36778084835637 -0.011534047259233 1232846.73944207 1232846.73944207 1232846.73944207
"time82" "FRT_censord" 83 0.926059105974174 10.8769394886158 0.00619377328645532 0.00378815188686249 2.9211303995787e-28 8.98516577763075e-06 -7.31077579932404e-08 2.27373675443232e-13 1879048192 144.909090909091 0.990531308181301 0.00936244745339103 0.5 1 2 0.333333333333333 0.333333333333333 0.333333333333333 38 0.931313130484849 5.17164906170694 -141.260766895332 -1.34066446293441 -0.0108539635219833 1384886.37139387 1384886.37139387 1384886.37139387
"time83" "FRT_censord" 84 0.926070231714667 10.9400119724602 0.0061932303359677 0.00378580616419306 2.01951071768758e-28 7.99997827982679e-06 -6.46686657435752e-08 -1.70530256582424e-13 -268435456 144.909090909091 0.99072322027969 0.00917656024410724 0.5 1 2 0.333333333333333 0.333333333333333 0.333333333333333 38 0.935353534515152 5.20299266116168 -141.288366981729 -1.31407379856753 -0.0102113988223455 1555676.14393047 1555676.14393047 1555676.14393047
"time84" "FRT_censord" 85 0.9260811697819 11.0035792053603 0.006192699099003 0.00378345539086078 1.3921866146479e-28 7.12278699666058e-06 -5.72032023901659e-08 3.97903932025656e-13 1342177280 144.909090909091 0.990911201682804 0.00899428343126333 0.5 1 2 0.333333333333333 0.333333333333333 0.333333333333333 38 0.939393938545455 5.23364460275488 -141.315399187032 -1.28799904119019 -0.00960442321267162 1747528.40000769 1747528.40000769 1747528.40000769
"time85" "FRT_censord" 86 0.926091925657844 11.0676752312922 0.00619217919565034 0.00378109943126321 9.5679611573677e-29 6.34175616198718e-06 -5.05989505772061e-08 -2.8421709430404e-13 2147483648 144.909090909091 0.991095335825178 0.0088155494287526 0.5 1 2 0.333333333333333 0.333333333333333 0.333333333333333 38 0.943434342575758 5.26362117493615 -141.341875675087 -1.26243054592583 -0.00903119841403606 1963040.65004027 1963040.65004027 1963040.65004027
"time86" "FRT_censord" 87 0.926102504526572 11.1323354517404 0.00619167026253087 0.00377873815336845 6.55425288366367e-29 5.64634682120868e-06 -4.47564979435405e-08 -1.70530256582424e-13 4294967296 144.909090909091 0.991275704250022 0.00864029182253707 0.5 1 2 0.333333333333333 0.333333333333333 0.333333333333333 38 0.947474746606061 5.29293826975558 -141.367808331145 -1.23735883474643 -0.00848997385282063 2205130.73990305 2205130.73990305 2205130.73990305
"time87" "FRT_censord" 88 0.926112911293384 11.1975967276728 0.00619117195199732 0.00377637142866985 4.47420984691837e-29 5.02717485062476e-06 -3.95879280841102e-08 7.38964445190504e-13 0 144.909090909091 0.991452386654964 0.00846844535412769 0.5 1 2 0.333333333333333 0.333333333333333 0.333333333333333 38 0.951515150636364 5.32161139156768 -141.393208768596 -1.21277459413834 -0.00797908285063068 2477076.35599171 2477076.35599171 2477076.35599171
"time88" "FRT_censord" 89 0.926123150602731 11.2634974916914 0.00619068393137459 0.00377399913213742 3.0430035280473e-29 4.47588391239151e-06 -3.50154873282257e-08 2.8421709430404e-13 3221225472 144.909090909091 0.991625460936731 0.00829994590412594 0.5 1 2 0.333333333333333 0.333333333333333 0.333333333333333 39 0.955555554666667 5.34965566563744 -141.418088335553 -1.1886686727759 -0.00749693896027502 2782559.40220712 2782559.40220712 2782559.40220712
"time89" "FRT_censord" 90 0.926133226854906 11.3300778675139 0.00619020588224162 0.00377162114216632 2.06148823965425e-29 3.98503392773364e-06 -3.09704067964073e-08 -5.11590769747272e-13 -6442450944 144.909090909091 0.991795003234729 0.00813473047583511 0.5 1 2 0.333333333333333 0.333333333333333 0.333333333333333 39 0.95959595869697 5.377085846627 -141.442458121275 -1.16503207920404 -0.00704203244872736 3125715.84968824 3125715.84968824 3125715.84968824
"time90" "FRT_censord" 91 0.926143144221723 11.3973798073497 0.00618973749974805 0.00376923734052336 1.39074123700351e-29 3.54799983881549e-06 -2.73918614231844e-08 -1.70530256582424e-13 6442450944 144.909090909091 0.991961087973664 0.00797273717895291 0.5 1 2 0.333333333333333 0.333333333333333 0.333333333333333 39 0.963636362727273 5.4039163269979 -141.466328962457 -1.1418559795316 -0.00661292690809308 3511191.73421514 3511191.73421514 3511191.73421514
"time91" "FRT_censord" 92 0.926152906661138 11.4654472360986 0.00618927849196717 0.003766847612291 9.34089929530213e-30 3.15888249247109e-06 -2.4226050134718e-08 2.8421709430404e-13 -8589934592 144.909090909091 0.992123787905066 0.00781390521334901 0.5 1 2 0.333333333333333 0.333333333333333 0.333333333333333 39 0.967676766757576 5.43016114527553 -141.489711449362 -1.11913169513576 -0.00620825600886763 3944206.05943766 3944206.05943766 3944206.05943766
"time92" "FRT_censord" 93 0.926162517930945 11.5343262136219 0.0061888285792813 0.00376445184580989 6.24442433448831e-30 2.81242944311089e-06 -2.14253828290101e-08 -1.19371179607697e-12 12884901888 144.909090909091 0.992283174147853 0.00765817485293856 0.5 1 2 0.333333333333333 0.333333333333333 0.333333333333333 40 0.971717170787879 5.4558339942117 -141.512615931819 -1.09685070037941 -0.00582672037618407 4430621.45758389 4430621.45758389 4430621.45758389
"time93" "FRT_censord" 94 0.926171981601589 11.6040651093103 0.00618838749379776 0.00376204993261985 4.15370998252805e-30 2.50396368528527e-06 -1.89477618438988e-08 2.27373675443232e-13 -8589934592 144.909090909091 0.992439316227876 0.00750548742965649 0.5 1 2 0.333333333333333 0.333333333333333 0.333333333333333 40 0.975757574818182 5.48094822881597 -141.535052525066 -1.07500462034196 -0.00546708459472837 4977023.56433211 4977023.56433211 4977023.56433211
"time94" "FRT_censord" 95 0.926181301068165 11.6747148009143 0.00618795497879367 0.00375964176739984 2.74847871773385e-30 2.22932092697192e-06 -1.67559467611697e-08 0 8589934592 144.909090909091 0.992592282116548 0.00735578531754149 0.5 1 2 0.333333333333333 0.333333333333333 0.333333333333333 40 0.979797978848485 5.50551687428243 -141.557031115468 -1.05358522856507 -0.00512817432616337 5590810.18251223 5590810.18251223 5590810.18251223
"time95" "FRT_censord" 96 0.926190479561656 11.7463288881657 0.00618753078818816 0.00375722724790688 1.80853372664982e-30 1.98479338564539e-06 -1.48169929468228e-08 -4.54747350886464e-13 -68719476736 144.909090909091 0.992742138268488 0.0072090119169331 0.5 1 2 0.333333333333333 0.333333333333333 0.333333333333333 41 0.983838382878788 5.5295526337781 -141.578561366093 -1.03258444481364 -0.00480887354881422 6280291.44183426 6280291.44183426 6280291.44183426
"time96" "FRT_censord" 97 0.926199520159437 11.8189639290071 0.00618711468604101 0.00375480627491438 1.18303349171387e-30 1.7670793539537e-06 -1.31017551395669e-08 1.98951966012828e-12 -17179869184 144.909090909091 0.992888949658223 0.00706511163878889 0.5 1 2 0.333333333333333 0.333333333333333 0.333333333333333 41 0.987878786909091 5.5530678961038 -141.599652722146 -1.01199433285325 -0.00450812190837148 7054802.31071865 7054802.31071865 7054802.31071865
"time97" "FRT_censord" 98 0.926208425795127 11.8926797070114 0.00618670644607474 0.00375237875215003 7.6904853232533e-31 1.57323906080364e-06 -1.15844486113167e-08 -7.38964445190504e-13 137438953472 144.909090909091 0.993032779816037 0.00692402988912807 0.5 1 2 0.333333333333333 0.333333333333333 0.333333333333333 41 0.991919190939394 5.57607474324207 -141.620314416285 -0.99180709824488 -0.00422491217125349 7924828.98353918 7924828.98353918 7924828.98353918
"time98" "FRT_censord" 99 0.926217199267788 11.9675395226956 0.00618630585122104 0.00374994458623341 4.96635787581014e-31 1.40065566256453e-06 -1.02422610891682e-08 1.30739863379858e-12 -171798691840 144.909090909091 0.993173690862874 0.00678571305360414 0.5 1 2 0.333333333333333 0.333333333333333 0.333333333333333 42 0.995959594969697 5.59858495776196 -141.640555473795 -0.972015086157334 -0.00395828778704262 8902150.8544504 8902150.8544504 8902150.8544504
"time99" "FRT_censord" 100 0.926225843250589 12.0436105174042 0.00618591269318761 0.00374750368661348 3.1847950150773e-31 1.2469980674723e-06 -9.05500966872849e-09 -1.08002495835535e-12 -206158430208 144.909090909091 0.993311743544381 0.00665010848221235 0.5 1 2 0.333333333333333 0.333333333333333 0.333333333333333 42 0.999999999 5.62061003009297 -141.66038471764 -0.952610779198248 -0.00370734055085295 1e+07 1e+07 1e+07
