"data_Name" "Iter" "beta1" "beta3" "lambda1" "lambda2" "lambda3" "diffBeta1" "diffBeta3" "diffLambda1" "diffLambda3" "pi1" "pi2" "pi3" "init_beta1" "init_beta2" "init_beta3" "init_pi1" "init_pi2" "init_pi3" "EM_endIter" "tempering" "Qlike" "Q1" "Q2" "Q3" "bpBase" "bp1" "bp3"
"Aarest_data" 1 0.995309896751382 78.6353716298339 1.04594611589628 0.0256914854622333 2.19067840732869e-152 2.12210210493195 -0.000128807266456477 8.88178419700125e-16 -9.30353567098377e+136 0.126630268208343 0.617847732462144 0.255521999329514 0.1 1 5 0.25 0.5 0.25 92 1 -216.921050577466 -6.06410085588948 -144.007815006051 -21.4577638869037 100 100 100
"Aarest_data" 2 0.995816869573626 78.6281883975855 1.04595319725713 0.0256913677142432 2.26179361491227e-152 2.11916786316317 -0.000114676782231982 -1.77635683940025e-15 0 0.126635921251536 0.617839120015465 0.255524958732999 0.1 1 5 0.25 0.5 0.25 19 1 -216.918904122228 -6.06248276117755 -144.005949201716 -21.4585226977231 112.332403297803 112.332403297803 112.332403297803
"Aarest_data" 3 0.996269795235236 78.621793718848 1.04595936722661 0.0256912625061608 2.32704206967415e-152 2.1165478979743 -0.00010209541162709 1.77635683940025e-15 0 0.126640962894941 0.617831443728436 0.255527593376623 0.1 1 5 0.25 0.5 0.25 19 1 -216.916989156035 -6.06103901456971 -144.004286516217 -21.4591983362932 126.185688306602 126.185688306602 126.185688306602
"Aarest_data" 4 0.996674283014824 78.6161010351107 1.04596475261691 0.0256911685396444 2.38670970023745e-152 2.11420928988574 -9.08935416390477e-05 8.88178419700125e-16 -9.30353567098377e+136 0.126645458392458 0.617824602723262 0.25552993888428 0.1 1 5 0.25 0.5 0.25 19 1 -216.915281105058 -6.05975114051873 -144.002804999003 -21.4597999056603 141.747416292681 141.747416292681 141.747416292681
"Aarest_data" 5 0.997035390837948 78.6110332871893 1.04596946109982 0.0256910846433666 2.44111311137394e-152 2.11212241840426 -8.09200854163805e-05 0 -9.30353567098377e+136 0.126649466205464 0.617818506818426 0.25553202697611 0.1 1 5 0.25 0.5 0.25 19 1 -216.913757925441 -6.05860255855452 -144.001485039677 -21.460335515547 159.228279334109 159.228279334109 159.228279334109
"Aarest_data" 6 0.997357673203633 78.6065218738788 1.04597358426127 0.0256910097619165 2.49058663371398e-152 2.11026066154278 -7.20404683605125e-05 8.88178419700125e-16 9.30353567098377e+136 0.126653038679626 0.617813075425767 0.255533885894607 0.1 1 5 0.25 0.5 0.25 19 1 -216.912399858656 -6.05757840201918 -144.000309124315 -21.4608123899082 178.864952905744 178.864952905744 178.864952905744
"Aarest_data" 7 0.997645226276057 78.6025057242437 1.0459772001562 0.0256909429454144 2.53547192125839e-152 2.1086001163936 -6.41348306871237e-05 8.88178419700125e-16 -9.30353567098377e+136 0.126656222660087 0.617808236554998 0.255535540784915 0.1 1 5 0.25 0.5 0.25 18 1 -216.911189207227 -6.0566653513335 -143.999261615964 -21.4612369631169 200.923300256505 200.923300256505 200.923300256505
"Aarest_data" 8 0.997901730013982 78.5989304695627 1.04598037561795 0.0256908833406905 2.57610982029746e-152 2.10711934076557 -5.7096424271208e-05 -3.5527136788005e-15 0 0.126659060030419 0.617803925933509 0.255537014036072 0.1 1 5 0.25 0.5 0.25 18 1 -216.910110129782 -6.05585147924024 -143.99832856012 -21.4616149663671 225.701971963392 225.701971963392 225.701971963392
"Aarest_data" 9 0.998130487133375 78.5957477102482 1.0459831678058 0.0256908301812166 2.61283412705039e-152 2.1057991158065 -5.08301830635105e-05 -3.5527136788005e-15 1.86070713419675e+137 0.126661588242617 0.617800086177393 0.25553832557999 0.1 1 5 0.25 0.5 0.25 18 1 -216.909148454896 -6.05512611447251 -143.997497503641 -21.4619515035687 253.536449397011 253.536449397011 253.536449397011
"Aarest_data" 10 0.998334459315523 78.5929143590732 1.04598562586027 0.0256907827795851 2.64596702855042e-152 2.10462222737327 -4.52514480642208e-05 -8.88178419700125e-16 -9.30353567098377e+136 0.126663840757132 0.617796666080171 0.255539493162696 0.1 1 5 0.25 0.5 0.25 18 1 -216.908291511091 -6.05447971267457 -143.996757338023 -21.4622511202147 284.80358684358 284.80358684358 284.80358684358
"Aarest_data" 11 0.998516300153243 78.5903920585692 1.04598779209783 0.0256907405197758 2.67581586929341e-152 2.10357326803457 -4.02848312504034e-05 3.5527136788005e-15 0 0.126665847458164 0.617793619958413 0.255540532583423 0.1 1 5 0.25 0.5 0.25 18 1 -216.90752797416 -6.05390374255152 -143.99609815619 -21.4625178641948 319.926713779738 319.926713779738 319.926713779738
"Aarest_data" 12 0.998678385693457 78.5881466618288 1.04598970304758 0.025690702850076 2.70267102162262e-152 2.10263845458982 -3.58632023491623e-05 -1.77635683940025e-15 9.30353567098377e+136 0.126667635028187 0.617790907063748 0.255541457908065 0.1 1 5 0.25 0.5 0.25 18 1 -216.906847727447 -6.05339058118211 -143.995511123972 -21.4627553401319 359.381366380463 359.381366380463 359.381366380463
"Aarest_data" 13 0.998822842048037 78.5861477704177 1.04599139031482 0.0256906692767318 2.72680462907526e-152 2.10180546379385 -3.19267862636252e-05 -4.44089209850063e-15 0 0.126669227282482 0.617788491058344 0.255542281659174 0.1 1 5 0.25 0.5 0.25 18 1 -216.906241736835 -6.0529334202518 -143.994988365487 -21.4629667578025 403.701725859656 403.701725859656 403.701725859656
"Aarest_data" 14 0.998951570660464 78.5843683233047 1.0459928812713 0.0256906393579257 2.74847002990211e-152 2.10106328260805 -2.842235862488e-05 -2.66453525910038e-15 1.86070713419675e+137 0.126670645475514 0.617786339539748 0.255543014984738 0.1 1 5 0.25 0.5 0.25 17 1 -216.905701937457 -6.05252618141372 -143.994522859644 -21.4631549751882 453.487850812858 453.487850812858 453.487850812858
"Aarest_data" 15 0.99906627115026 78.5827842288608 1.04599419980616 0.0256906126992253 2.76790172959516e-152 2.10040207341345 -2.53025290390951e-05 0 0 0.126671908555916 0.617784423633088 0.255543667810996 0.1 1 5 0.25 0.5 0.25 17 1 -216.90522113209 -6.05216343834416 -143.994108350571 -21.4633225374399 509.413801481638 509.413801481638 509.413801481638
"Aarest_data" 16 0.999168462138266 78.5813740414295 1.04599536661812 0.0256905889476281 2.78531571091194e-152 2.09981305120039 -2.25251024730255e-05 1.77635683940025e-15 1.86070713419675e+137 0.126673033435656 0.617782717591032 0.255544248973312 0.1 1 5 0.25 0.5 0.25 17 1 -216.904792899134 -6.05184035016353 -143.993739261534 -21.4634717103546 572.236765935022 572.236765935022 572.236765935022
"Aarest_data" 17 0.999259499870831 78.5801186692116 1.04599639979807 0.0256905677880422 2.8009100811561e-152 2.09928837431904 -2.00525105142901e-05 0 0 0.126674035190438 0.617781198471613 0.255544766337949 0.1 1 5 0.25 0.5 0.25 17 1 -216.904411510925 -6.05155259825741 -143.993410624082 -21.4636045114637 642.807311728433 642.807311728433 642.807311728433
"Aarest_data" 18 0.999340595249648 78.5790011162454 1.04599731515702 0.0256905489391137 2.81486588826252e-152 2.09882104467164 -1.78513044843953e-05 8.88178419700125e-16 -9.30353567098377e+136 0.126674927261186 0.617779845830961 0.255545226907853 0.1 1 5 0.25 0.5 0.25 17 1 -216.904071859416 -6.05129633084422 -143.99311801145 -21.4637227370795 722.080901838547 722.080901838547 722.080901838547
"Aarest_data" 19 0.999412829014697 78.5780062524146 1.04599812653581 0.025690532149721 2.82734806822632e-152 2.09840481892484 -1.5891704350679e-05 2.66453525910038e-15 -2.79106070129513e+137 0.12667572162883 0.617778641453792 0.255545636917377 0.1 1 5 0.25 0.5 0.25 17 1 -216.903769390225 -6.05106811336515 -143.992857479954 -21.4638279865303 811.130830789687 811.130830789687 811.130830789687
"Aarest_data" 20 0.999477165507655 78.5771206085814 1.04599884606982 0.0256905171957703 2.83850646784859e-152 2.09803412817349 -1.41471964667517e-05 -4.44089209850063e-15 0 0.126676428971845 0.617777569111539 0.255546001916616 0.1 1 5 0.25 0.5 0.25 17 1 -216.903500043143 -6.05086488370207 -143.992625516476 -21.4639216837308 911.16275611549 911.16275611549 911.16275611549
"Aarest_data" 21 0.999534464859219 78.5763321942536 1.04599948441285 0.0256905038774013 2.84847689959437e-152 2.09770400690216 -1.25941757005421e-05 2.66453525910038e-15 1.86070713419675e+137 0.126677058805168 0.617776614348351 0.255546326846481 0.1 1 5 0.25 0.5 0.25 17 1 -216.90326019962 -6.05068391264763 -143.992418991942 -21.4640050964114 1023.53102189903 1023.53102189903 1023.53102189903
"Aarest_data" 22 0.999585494335364 78.5756303356503 1.04600005090456 0.025690492016139 2.85738219347737e-152 2.09741002693924 -1.12116266279827e-05 -8.88178419700125e-16 -9.30353567098377e+136 0.126677619612006 0.617775764282911 0.255546616105082 0.1 1 5 0.25 0.5 0.25 16 1 -216.90304663407 -6.05052276757422 -143.992235118555 -21.4640793531311 1149.75699539774 1149.75699539774 1149.75699539774
"Aarest_data" 23 0.9996309379515 78.5750055296358 1.04600055385007 0.0256904814533398 2.86533325306428e-152 2.09714824165974 -9.98083955749962e-06 -2.66453525910038e-15 9.30353567098377e+136 0.126678118939562 0.617775007451226 0.255546873609212 0.1 1 5 0.25 0.5 0.25 16 1 -216.902856472746 -6.05037928008684 -143.992071415024 -21.4641454589624 1291.54966501488 1291.54966501488 1291.54966501488
"Aarest_data" 24 0.999671405562811 78.5744493174742 1.04600100048313 0.0256904720471043 2.87243002446315e-152 2.09691513304369 -8.88515764785325e-06 1.77635683940025e-15 -9.30353567098377e+136 0.126678563521521 0.617774333634187 0.255547102844291 0.1 1 5 0.25 0.5 0.25 16 1 -216.902687154888 -6.05025151886251 -143.991925670082 -21.4642043083835 1450.82877849594 1450.82877849594 1450.82877849594
"Aarest_data" 25 0.999707440763617 78.5739541686914 1.04600139721282 0.025690463671096 2.87876246865308e-152 2.09670756595973 -7.90975184372655e-06 -4.44089209850063e-15 0 0.126678959352978 0.617773733733407 0.255547306913615 0.1 1 5 0.25 0.5 0.25 16 1 -216.902536399112 -6.05013776288498 -143.991795914969 -21.4642566978201 1629.75083462065 1629.75083462065 1629.75083462065
"Aarest_data" 26 0.99973952802064 78.5735133795234 1.04600174969769 0.0256904562127202 2.88441145368818e-152 2.09652274678851 -7.04142041030309e-06 8.88178419700125e-16 -9.30353567098377e+136 0.12667931177392 0.617773199646234 0.255547488579847 0.1 1 5 0.25 0.5 0.25 16 1 -216.902402173098 -6.05003647896476 -143.991680396486 -21.4643033363198 1830.73828029537 1830.73828029537 1830.73828029537
"Aarest_data" 27 0.99976809908493 78.5731209821439 1.04600206293817 0.0256904495716245 2.88944959375391e-152 2.09635818628509 -6.26841038098291e-06 -8.88178419700125e-16 9.30353567098377e+136 0.126679625540891 0.617772724156739 0.25554765030237 0.1 1 5 0.25 0.5 0.25 16 1 -216.902282666379 -6.04994630124047 -143.991577553394 -21.4643448551174 2056.51230834865 2056.51230834865 2056.51230834865
"Aarest_data" 28 0.999793538638444 78.5727716639279 1.04600234135597 0.0256904436583999 2.89394202734707e-152 2.0962116668932 -5.58025863739431e-06 1.77635683940025e-15 9.30353567098377e+136 0.12667990488999 0.617772300839418 0.255547794270591 0.1 1 5 0.25 0.5 0.25 16 1 -216.902176266443 -6.04986601315102 -143.99148599553 -21.4643818161723 2310.12970008316 2310.12970008316 2310.12970008316
"Aarest_data" 29 0.999816189367067 78.572460695854 1.04600258883706 0.0256904383932708 2.89794713222057e-152 2.09608121337359 -4.96765033375368e-06 -3.5527136788005e-15 0 0.126680153596287 0.617771923970624 0.255547922433089 0.1 1 5 0.25 0.5 0.25 15 1 -216.902081537257 -6.04979453156182 -143.991404484735 -21.4644147196559 2595.02421139974 2595.02421139974 2595.02421139974
"Aarest_data" 30 0.99983635663239 78.5721838668688 1.04600280890232 0.0256904337055442 2.90151720691454e-152 2.0959650658934 -4.42229303843078e-06 8.88178419700125e-16 -9.30353567098377e+136 0.12668037501369 0.61777158846027 0.25554803652604 0.1 1 5 0.25 0.5 0.25 15 1 -216.901997199583 -6.04973089065817 -143.991331919601 -21.4644440112046 2915.05306282518 2915.05306282518 2915.05306282518
"Aarest_data" 31 0.999854312400343 78.5719374294617 1.04600300459155 0.0256904295318547 2.90469904229497e-152 2.09586165716684 -3.93680450372358e-06 8.88178419700125e-16 9.30353567098377e+136 0.126680572137167 0.617771289769332 0.255548138093502 0.1 1 5 0.25 0.5 0.25 15 1 -216.901922114343 -6.04967423134859 -143.991267318353 -21.464470087181 3274.54916287773 3274.54916287773 3274.54916287773
"Aarest_data" 32 0.999870298925918 78.5717180470847 1.04600317862564 0.0256904258158955 2.90753449671623e-152 2.09576959127421 -3.50461264275737e-06 2.66453525910038e-15 0 0.126680747630818 0.617771023858638 0.255548228510544 0.1 1 5 0.25 0.5 0.25 15 1 -216.901855267129 -6.049623788249 -143.991209807236 -21.4644933005639 3678.37977182863 3678.37977182863 3678.37977182863
"Aarest_data" 33 0.999884531984985 78.5715227495435 1.04600333341756 0.0256904225075121 2.91006099017505e-152 2.09568762497182 -3.11986691059474e-06 -2.66453525910038e-15 0 0.126680903866956 0.617770787131762 0.255548309001283 0.1 1 5 0.25 0.5 0.25 15 1 -216.901795754597 -6.04957887975764 -143.991158608289 -21.4645139655915 4132.01240011534 4132.01240011534 4132.01240011534
"Aarest_data" 34 0.99989720377681 78.5713488926763 1.04600347110829 0.0256904195620236 2.9123119604359e-152 2.09561465093607 -2.7773588016089e-06 0 0 0.126681042958213 0.617770576386335 0.255548380655453 0.1 1 5 0.25 0.5 0.25 15 1 -216.901742772239 -6.04953889884576 -143.991113028823 -21.4645323620097 4641.58883361278 4641.58883361278 4641.58883361278
"Aarest_data" 35 0.999908485360943 78.5711941226506 1.04600359359676 0.02569041693969 2.91431727324738e-152 2.09554968369759 -2.47245162654508e-06 -2.66453525910038e-15 0 0.126681166784485 0.61777038877236 0.255548444443155 0.1 1 5 0.25 0.5 0.25 15 1 -216.901695604158 -6.04950330532823 -143.991072452336 -21.4645487388551 5214.00828799969 5214.00828799969 5214.00828799969
"Aarest_data" 36 0.999918529220746 78.571056343997 1.04600370257039 0.0256904146050502 2.91610359519723e-152 2.09549184485323 -2.20101765080472e-06 3.5527136788005e-15 -9.30353567098377e+136 0.126681277021225 0.61777022175078 0.255548501227995 0.1 1 5 0.25 0.5 0.25 15 1 -216.901653612274 -6.04947161774329 -143.991036329657 -21.4645633178338 5857.02081805666 5857.02081805666 5857.02081805666
"Aarest_data" 37 0.999927471052198 78.5709336917371 1.04600379950496 0.0256904125264528 2.91769472224876e-152 2.09544035272489 -1.95938223157555e-06 -8.88178419700125e-16 9.30353567098377e+136 0.126681375161609 0.617770073060098 0.255548551778293 0.1 1 5 0.25 0.5 0.25 14 1 -216.901616228832 -6.04944340793055 -143.991004171727 -21.4645762961987 6579.33224657568 6579.33224657568 6579.33224657568
"Aarest_data" 38 0.999935431708765 78.5708245044449 1.04600388577681 0.0256904106760514 2.91911190317084e-152 2.0953945112248 -1.7442740727347e-06 -3.5527136788005e-15 9.30353567098377e+136 0.126681462528059 0.617769940692503 0.255548596779438 0.1 1 5 0.25 0.5 0.25 14 1 -216.901582948246 -6.04941829385964 -143.990975544044 -21.4645878498838 7390.72203352578 7390.72203352578 7390.72203352578
"Aarest_data" 39 0.999942518802679 78.5707273042604 1.04600396254359 0.0256904090287032 2.92037407826708e-152 2.09535370049684 -1.55278104330137e-06 8.88178419700125e-16 9.30353567098377e+136 0.126681540305203 0.617769822854629 0.255548636840168 0.1 1 5 0.25 0.5 0.25 14 1 -216.901553320349 -6.04939593612898 -143.990950058836 -21.4645981351783 8302.17568131974 8302.17568131974 8302.17568131974
"Aarest_data" 40 0.999948828146477 78.5706407751761 1.0460040308557 0.0256904075621396 2.92149814490922e-152 2.09531736869115 -1.38231064994443e-06 -3.5527136788005e-15 0 0.126681609545244 0.617769717951895 0.255548672502861 0.1 1 5 0.25 0.5 0.25 14 1 -216.901526944384 -6.04937603232971 -143.990927371212 -21.4646072913282 9326.0334688322 9326.0334688322 9326.0334688322
"Aarest_data" 41 0.999954445101284 78.5705637456636 1.04600409164734 0.0256904062565086 2.9224991702127e-152 2.09528502417009 -1.23055500722558e-06 0 0 0.126681671185516 0.617769624564142 0.255548704250341 0.1 1 5 0.25 0.5 0.25 14 1 -216.901503463328 -6.04935831305962 -143.990907174025 -21.4646154422899 10476.1575278967 10476.1575278967 10476.1575278967
"Aarest_data" 42 0.999959445580679 78.5704951728406 1.046004145748 0.0256904050941777 2.92339058646792e-152 2.09525622972118 -1.09545959503521e-06 -3.5527136788005e-15 0 0.126681726059539 0.617769541428013 0.255548732512448 0.1 1 5 0.25 0.5 0.25 14 1 -216.901482559704 -6.04934253874841 -143.99088919401 -21.464622698413 11768.11952435 11768.11952435 11768.11952435
"Aarest_data" 43 0.999963897242688 78.5704341282612 1.04600419389595 0.0256904040594151 2.9241843676566e-152 2.0952305956882 -9.75195426633491e-07 0 -1.86070713419675e+137 0.126681774910128 0.617769467418061 0.255548757671812 0.1 1 5 0.25 0.5 0.25 14 1 -216.901463950569 -6.04932849589108 -143.990873187763 -21.4646291579397 13219.4114846603 13219.4114846603 13219.4114846603
"Aarest_data" 44 0.999967860303033 78.5703797858515 1.04600423672731 0.0256904031381155 2.9248911798305e-152 2.09520777526599 -8.68134300446854e-07 8.88178419700125e-16 0 0.126681818400578 0.617769401530842 0.255548780068581 0.1 1 5 0.25 0.5 0.25 13 1 -216.901447384112 -6.04931599470598 -143.990858938356 -21.4646349081939 14849.6826225447 14849.6826225447 14849.6826225447
"Aarest_data" 45 0.999971388375253 78.5703314090185 1.04600427486817 0.0256904023180481 2.92552054363795e-152 2.09518745973466 -7.72826730610632e-07 8.88178419700125e-16 0 0.126681857114722 0.617769342878263 0.255548800007015 0.1 1 5 0.25 0.5 0.25 13 1 -216.901432636172 -6.04930486554171 -143.990846253498 -21.4646400272876 16681.0053720006 16681.0053720006 16681.0053720006
"Aarest_data" 46 0.999974529190823 78.5702883432407 1.04600430881505 0.0256904015879964 2.92608092661718e-152 2.09516937419469 -6.87982399938392e-07 0 2.79106070129513e+137 0.12668189157901 0.617769290664471 0.255548817756519 0.1 1 5 0.25 0.5 0.25 13 1 -216.901419507156 -6.04929495805112 -143.990834961175 -21.4646445843847 18738.1742286039 18738.1742286039 18738.1742286039
"Aarest_data" 47 0.999977325284832 78.5702500054194 1.04600433903016 0.0256904009380641 2.9265798785197e-152 2.09515327369621 -6.12452609516367e-07 -8.88178419700125e-16 -9.30353567098377e+136 0.126681922260321 0.617769244182279 0.255548833557401 0.1 1 5 0.25 0.5 0.25 13 1 -216.901407819217 -6.04928613803108 -143.990824908454 -21.4646486411873 21049.0414451202 21049.0414451202 21049.0414451202
"Aarest_data" 48 0.999979814428857 78.5702158765113 1.04600436592361 0.0256904003594874 2.92702412462918e-152 2.0951389407242 -5.4521478176639e-07 3.5527136788005e-15 -9.30353567098377e+136 0.126681949573229 0.617769202803185 0.255548847623586 0.1 1 5 0.25 0.5 0.25 13 1 -216.901397414442 -6.04927828631162 -143.990815959379 -21.4646522526177 23644.8941264541 23644.8941264541 23644.8941264541
"Aarest_data" 49 0.999982030351256 78.5701854944509 1.04600438986138 0.0256903998444158 2.92741965584435e-152 2.09512618104979 -4.85358611967968e-07 0 1.86070713419675e+137 0.126681973887919 0.617769165966561 0.25554886014552 0.1 1 5 0.25 0.5 0.25 13 1 -216.901388151814 -6.0492712964822 -143.990807992718 -21.4646554675693 26560.8778294668 26560.8778294668 26560.8778294668
"Aarest_data" 50 0.999984003029221 78.5701584478764 1.04600441116853 0.0256903993858841 2.927771808744e-152 2.09511482204751 -4.32073711920111e-07 8.88178419700125e-16 9.30353567098377e+136 0.126681995533389 0.617769133173879 0.255548871292731 0.1 1 5 0.25 0.5 0.25 13 1 -216.901379906003 -6.04926507396936 -143.990800900646 -21.4646583295694 29836.4724028334 29836.4724028334 29836.4724028334
"Aarest_data" 51 0.999985759158816 78.5701343710159 1.04600443011576 0.0256903989775843 2.92808533089146e-152 2.09510470997104 -3.84638660477776e-07 -8.88178419700125e-16 0 0.126682014804687 0.617769103979663 0.25554888121565 0.1 1 5 0.25 0.5 0.25 12 1 -216.901372565403 -6.04925953476425 -143.990794586915 -21.4646608772498 33516.0265093885 33516.0265093885 33516.0265093885
"Aarest_data" 52 0.999987322508023 78.5701129370201 1.04600444699981 0.0256903986142101 2.92836446664417e-152 2.09509570798921 -3.42411240694673e-07 8.88178419700125e-16 -9.30353567098377e+136 0.126682031958296 0.617769077992021 0.255548890049683 0.1 1 5 0.25 0.5 0.25 12 1 -216.901366030658 -6.04925460343987 -143.990788966564 -21.4646631453541 37649.3580679247 37649.3580679247 37649.3580679247
"Aarest_data" 53 0.999988714234782 78.5700938561615 1.04600446202888 0.0256903982907284 2.92861297978937e-152 2.09508769424696 -3.048197214639e-07 8.88178419700125e-16 9.30353567098377e+136 0.12668204722872 0.617769054857397 0.255548897913883 0.1 1 5 0.25 0.5 0.25 12 1 -216.901360213314 -6.04925021348709 -143.990783963235 -21.4646651644542 42292.428743895 42292.428743895 42292.428743895
"Aarest_data" 54 0.99998995321188 78.5700768700868 1.04600447540727 0.0256903980027431 2.928834227769e-152 2.09508056006783 -2.71355183656397e-07 -4.44089209850063e-15 -9.30353567098377e+136 0.126682060823066 0.617769034262231 0.255548904914703 0.1 1 5 0.25 0.5 0.25 12 1 -216.901355034474 -6.04924630536943 -143.990779509129 -21.4646669618896 47508.101621028 47508.101621028 47508.101621028
"Aarest_data" 55 0.999991056179187 78.5700617488316 1.04600448731612 0.0256903977463713 2.92903120005868e-152 2.09507420905803 -2.41564514169568e-07 3.5527136788005e-15 0 0.126682072925028 0.61776901592803 0.255548911146942 0.1 1 5 0.25 0.5 0.25 12 1 -216.901350424162 -6.04924282627962 -143.990775544004 -21.4646685619927 53366.9923120631 53366.9923120631 53366.9923120631
"Aarest_data" 56 0.999992038050557 78.5700482876554 1.04600449791675 0.0256903975181505 2.92920655899491e-152 2.09506855533907 -2.15044416052024e-07 2.66453525910038e-15 0 0.126682083698262 0.617768999606759 0.255548916694979 0.1 1 5 0.25 0.5 0.25 12 1 -216.901346320033 -6.04923972917133 -143.990772014208 -21.464669986432 59948.4250318941 59948.4250318941 59948.4250318941
"Aarest_data" 57 0.999992912108997 78.5700363043208 1.04600450735281 0.0256903973149951 2.9293626749011e-152 2.09506352242372 -1.91435830743103e-07 -8.88178419700125e-16 9.30353567098377e+136 0.126682093288524 0.617768985077549 0.255548921633926 0.1 1 5 0.25 0.5 0.25 12 1 -216.901342666567 -6.04923697214325 -143.990768871973 -21.46467125449 67341.5065775083 67341.5065775083 67341.5065775083
"Aarest_data" 58 0.999993690230229 78.5700256365577 1.04600451575271 0.0256903971341341 2.92950165886824e-152 2.09505904192864 -1.70419056644278e-07 -1.77635683940025e-15 0 0.126682101826128 0.617768972143221 0.255548926030651 0.1 1 5 0.25 0.5 0.25 12 1 -216.90133941411 -6.04923451773371 -143.990766074671 -21.4646723833325 75646.3327554629 75646.3327554629 75646.3327554629
"Aarest_data" 59 0.999994382929026 78.5700161403447 1.04600452321476 0.0256903969730405 2.92962538494676e-152 2.09505505329334 -1.51709642182141e-07 -4.44089209850063e-15 0 0.126682109428149 0.617768960627638 0.255548929944214 0.1 1 5 0.25 0.5 0.25 11 1 -216.901336518712 -6.04923233294847 -143.990763584285 -21.4646733881362 84975.3435908645 84975.3435908645 84975.3435908645
"Aarest_data" 60 0.9999949995953 78.5700076862874 1.0460045298728 0.0256903968297135 2.9297355371886e-152 2.09505150247829 -1.3505423623883e-07 -8.88178419700125e-16 -9.30353567098377e+136 0.126682116194036 0.617768950377371 0.255548933428593 0.1 1 5 0.25 0.5 0.25 11 1 -216.90133394113 -6.04923038780071 -143.990761367461 -21.4646742827387 95454.8456661836 95454.8456661836 95454.8456661836
"Aarest_data" 61 0.999995548541371 78.5700001603707 1.04600453579945 0.0256903967021316 2.92983359969472e-152 2.09504834160388 -1.20227326760869e-07 -1.77635683940025e-15 0 0.126682122216903 0.617768941252658 0.25554893653044 0.1 1 5 0.25 0.5 0.25 11 1 -216.901331646615 -6.04922865626506 -143.990759394051 -21.4646750791267 107226.722201032 107226.722201032 107226.722201032
"Aarest_data" 62 0.999996037256076 78.5699934606852 1.04600454107565 0.0256903965885402 2.9299208991912e-152 2.09504552754807 -1.07028185425406e-07 3.5527136788005e-15 0 0.126682127578919 0.617768933129329 0.255548939291752 0.1 1 5 0.25 0.5 0.25 11 1 -216.901329603856 -6.04922711471881 -143.990757637225 -21.4646757880821 120450.354025878 120450.354025878 120450.354025878
"Aarest_data" 63 0.999996472292335 78.5699874965173 1.04600454577218 0.0256903964874316 2.92999861679754e-152 2.0950430225781 -9.52781036289707e-08 -2.66453525910038e-15 1.86070713419675e+137 0.126682132351985 0.617768925898102 0.255548941749912 0.1 1 5 0.25 0.5 0.25 11 1 -216.901327785475 -6.04922574249142 -143.990756073323 -21.4646764192076 135304.777457981 135304.777457981 135304.777457981
"Aarest_data" 64 0.999996859574391 78.5699821871216 1.04600454995306 0.0256903963974208 2.93006780396247e-152 2.09504079258132 -8.48180263801623e-08 8.88178419700125e-16 -9.30353567098377e+136 0.126682136601103 0.617768919460689 0.255548943938208 0.1 1 5 0.25 0.5 0.25 11 1 -216.901326166696 -6.04922452089565 -143.990754681102 -21.4646769810441 151991.108295293 151991.108295293 151991.108295293
"Aarest_data" 65 0.999997204341138 78.5699774606122 1.04600455367488 0.0256903963172907 2.93012939686321e-152 2.09503880739146 -7.55062856683253e-08 -3.5527136788005e-15 -1.86070713419675e+137 0.126682140383753 0.617768913729986 0.255548945886261 0.1 1 5 0.25 0.5 0.25 11 1 -216.901324725629 -6.0492234334061 -143.990753441722 -21.4646774812019 170735.264747069 170735.264747069 170735.264747069
"Aarest_data" 66 0.999997511263371 78.5699732534134 1.04600455697386 0.0256903962458718 2.93018422352051e-152 2.09503704010034 -6.72168383175631e-08 -1.77635683940025e-15 -9.30353567098377e+136 0.126682143752753 0.617768908627291 0.255548947619956 0.1 1 5 0.25 0.5 0.25 10 1 -216.901323442739 -6.04922246545052 -143.990752338245 -21.4646779263313 191791.026167249 191791.026167249 191791.026167249
"Aarest_data" 67 0.999997784480853 78.5699695076971 1.04600455992472 0.0256903961823814 2.93023303717507e-152 2.09503546689845 -5.98374327864803e-08 -8.88178419700125e-16 -9.30353567098377e+136 0.126682146750214 0.617768904085982 0.255548949163804 0.1 1 5 0.25 0.5 0.25 10 1 -216.901322300736 -6.04922160363104 -143.990751356085 -21.4646783227063 215443.469003189 215443.469003189 215443.469003189
"Aarest_data" 68 0.999998027717029 78.5699661732074 1.04600456255173 0.025690396125855 2.93027649246602e-152 2.09503406633107 -5.3268202293566e-08 0 9.30353567098377e+136 0.126682149418747 0.617768900043088 0.255548950538165 0.1 1 5 0.25 0.5 0.25 10 1 -216.901321284052 -6.04922083638299 -143.990750481723 -21.4646786755678 242012.826479438 242012.826479438 242012.826479438
"Aarest_data" 69 0.999998244239548 78.5699632047899 1.0460045648902 0.0256903960755394 2.93031517762086e-152 2.09503281958274 -4.74201513611661e-08 3.5527136788005e-15 0 0.126682151794203 0.617768896444152 0.255548951761645 0.1 1 5 0.25 0.5 0.25 10 1 -216.901320379028 -6.04922015339912 -143.990749703373 -21.4646789896914 271858.824273294 271858.824273294 271858.824273294
"Aarest_data" 70 0.999998436992862 78.5699605622817 1.04600456697193 0.0256903960307467 2.93034961587545e-152 2.09503170969904 -4.22141539502263e-08 -1.77635683940025e-15 9.30353567098377e+136 0.126682153908888 0.617768893240312 0.255548952850801 0.1 1 5 0.25 0.5 0.25 10 1 -216.901319573354 -6.04921954539154 -143.990749010471 -21.4646792693255 305385.550883342 305385.550883342 305385.550883342
"Aarest_data" 71 0.999998608586756 78.5699582098529 1.04600456882511 0.0256903959908706 2.93038027403668e-152 2.0950307216526 -3.75796815887952e-08 1.77635683940025e-15 -9.30353567098377e+136 0.126682155791432 0.617768890388185 0.255548953820383 0.1 1 5 0.25 0.5 0.25 10 1 -216.901318856122 -6.04921900412802 -143.990748393637 -21.4646795182645 343046.928631492 343046.928631492 343046.928631492
"Aarest_data" 72 0.999998761365234 78.5699561156922 1.04600457047508 0.0256903959553615 2.93040756657444e-152 2.09502984194646 -3.34539933533051e-08 3.5527136788005e-15 0 0.126682157467553 0.617768887848925 0.255548954683522 0.1 1 5 0.25 0.5 0.25 10 1 -216.901318217535 -6.04921852221473 -143.990747844475 -21.4646797398725 385352.859371053 385352.859371053 385352.859371053
"Aarest_data" 73 0.999998897326695 78.5699542518531 1.04600457193019 0.0256903959236925 2.93043185761206e-152 2.09502905906107 -2.978125479558e-08 -2.66453525910038e-15 0 0.126682158960622 0.617768885587987 0.255548955451391 0.1 1 5 0.25 0.5 0.25 9 1 -216.901317649242 -6.04921809349711 -143.990747355568 -21.4646799370301 432876.128108306 432876.128108306 432876.128108306
"Aarest_data" 74 0.999999018386039 78.5699525922235 1.04600457323899 0.025690395895568 2.93045348740301e-152 2.09502836199685 -2.65117208186894e-08 -1.77635683940025e-15 0 0.126682160288599 0.61776888357593 0.255548956135472 0.1 1 5 0.25 0.5 0.25 9 1 -216.901317143236 -6.04921771162069 -143.990746920409 -21.4646801126632 486260.158006536 486260.158006536 486260.158006536
"Aarest_data" 75 0.999999126150741 78.5699511147997 1.04600457440408 0.025690395870533 2.93047274265659e-152 2.0950277414838 -2.36011246101953e-08 1.77635683940025e-15 0 0.126682161470733 0.617768881784824 0.255548956744443 0.1 1 5 0.25 0.5 0.25 9 1 -216.901316692798 -6.04921737168128 -143.990746533035 -21.4646802690104 546227.721768435 546227.721768435 546227.721768435
"Aarest_data" 76 0.999999222086027 78.5699497995787 1.04600457544128 0.0256903958482458 2.93048988402914e-152 2.09502718908502 -2.10100878916819e-08 1.77635683940025e-15 0 0.126682162523104 0.617768880190335 0.255548957286561 0.1 1 5 0.25 0.5 0.25 9 1 -216.901316291809 -6.04921706905738 -143.990746188185 -21.4646804081988 613590.727341317 613590.727341317 613590.727341317
"Aarest_data" 77 0.999999307488577 78.5699486287372 1.04600457636459 0.025690395828406 2.9305051437777e-152 2.09502669733415 -1.8703495641148e-08 -4.44089209850063e-15 9.30353567098377e+136 0.126682163459934 0.617768878770898 0.255548957769168 0.1 1 5 0.25 0.5 0.25 9 1 -216.901315934845 -6.04921679965861 -143.990745881194 -21.4646805321062 689261.21043497 689261.21043497 689261.21043497
"Aarest_data" 78 0.999999383502993 78.5699475864444 1.04600457718641 0.0256903958107499 2.93051872819907e-152 2.09502625964053 -1.66501479270664e-08 -8.88178419700125e-16 9.30353567098377e+136 0.12668216429378 0.61776887750743 0.25554895819879 0.1 1 5 0.25 0.5 0.25 9 1 -216.901315617117 -6.04921655987436 -143.990745607931 -21.4646806424076 774263.682681128 774263.682681128 774263.682681128
"Aarest_data" 79 0.999999451195936 78.5699466585714 1.04600457791825 0.025690395795021 2.93053082141637e-152 2.09502586986228 -1.48221985796226e-08 -2.66453525910038e-15 -9.30353567098377e+136 0.126682165036343 0.617768876382411 0.255548958581246 0.1 1 5 0.25 0.5 0.25 9 1 -216.901315334175 -6.04921634633994 -143.990745364621 -21.4646807406028 869749.002617784 869749.002617784 869749.002617784
"Aarest_data" 80 0.999999511447377 78.5699458325735 1.04600457856964 0.0256903957810235 2.93054158690951e-152 2.09502552293246 -1.31949491333216e-08 -8.88178419700125e-16 1.86070713419675e+137 0.126682165697275 0.617768875381011 0.255548958921714 0.1 1 5 0.25 0.5 0.25 9 1 -216.901315082333 -6.04921615627939 -143.990745148042 -21.4646808280129 977009.957299226 977009.957299226 977009.957299226
"Aarest_data" 81 0.999999565082275 78.5699450976405 1.04600457913849 0.025690395768496 2.93055116555506e-152 2.09502521408978 -1.17463088145087e-08 -1.77635683940025e-15 0 0.126682166286811 0.617768874488864 0.255548959224325 0.1 1 5 0.25 0.5 0.25 8 1 -216.90131485815 -6.04921598721367 -143.990744955161 -21.4646809057176 1097498.76549306 1097498.76549306 1097498.76549306
"Aarest_data" 82 0.999999612820559 78.5699444430082 1.04600457965574 0.0256903957574153 2.93055969764236e-152 2.09502493921235 -1.04567732250871e-08 0 0 0.126682166810356 0.617768873695449 0.255548959494195 0.1 1 5 0.25 0.5 0.25 8 1 -216.901314658617 -6.04921583661254 -143.990744783553 -21.4646809750041 1232846.73944207 1232846.73944207 1232846.73944207
"Aarest_data" 83 0.999999655327537 78.5699438602411 1.04600458011636 0.0256903957475464 2.93056729310261e-152 2.09502469445688 -9.30880617033836e-09 0 -9.30353567098377e+136 0.126682167276523 0.617768872989046 0.255548959734431 0.1 1 5 0.25 0.5 0.25 8 1 -216.901314480945 -6.04921570251412 -143.990744630769 -21.4646810366816 1384886.37139387 1384886.37139387 1384886.37139387
"Aarest_data" 84 0.999999693168003 78.5699433414569 1.04600458052642 0.0256903957387613 2.93057405466247e-152 2.09502447657125 -8.28682544806725e-09 -2.66453525910038e-15 -9.30353567098377e+136 0.126682167691513 0.617768872360188 0.255548959948299 0.1 1 5 0.25 0.5 0.25 8 1 -216.901314322779 -6.04921558313731 -143.990744494756 -21.4646810915919 1555676.14393047 1555676.14393047 1555676.14393047
"Aarest_data" 85 0.999999726848869 78.5699428796094 1.0460045808914 0.0256903957309429 2.93058007415151e-152 2.09502428263661 -7.37704652920002e-09 -8.88178419700125e-16 -1.86070713419675e+137 0.126682168060885 0.617768871800432 0.255548960138684 0.1 1 5 0.25 0.5 0.25 8 1 -216.901314182 -6.04921547688293 -143.990744373688 -21.4646811404722 1747528.40000769 1747528.40000769 1747528.40000769
"Aarest_data" 86 0.999999756845944 78.5699424684937 1.04600458121646 0.0256903957239764 2.93058543243932e-152 2.09502410991328 -6.56714860269858e-09 -2.66453525910038e-15 9.30353567098377e+136 0.126682168389858 0.617768871301972 0.25554896030817 0.1 1 5 0.25 0.5 0.25 8 1 -216.901314056616 -6.04921538225004 -143.990744265882 -21.4646811839821 1963040.65004027 1963040.65004027 1963040.65004027
"Aarest_data" 87 0.999999783523713 78.5699421024886 1.04600458150556 0.025690395717787 2.93059020278452e-152 2.09502395630253 -5.84618220500488e-09 3.5527136788005e-15 -9.30353567098377e+136 0.126682168682427 0.617768870858529 0.255548960459044 0.1 1 5 0.25 0.5 0.25 8 1 -216.90131394511 -6.04921529808852 -143.990744169965 -21.4646812227215 2205130.73990305 2205130.73990305 2205130.73990305
"Aarest_data" 88 0.999999807328154 78.5699417770896 1.04600458175305 0.0256903957121864 2.93059444389091e-152 2.09502381922446 -5.20435605722014e-09 -2.66453525910038e-15 9.30353567098377e+136 0.12668216894457 0.617768870462569 0.255548960592862 0.1 1 5 0.25 0.5 0.25 7 1 -216.901313845611 -6.04921522310685 -143.990744084408 -21.4646812570855 2477076.35599171 2477076.35599171 2477076.35599171
"Aarest_data" 89 0.999999828455469 78.5699414870053 1.04600458198308 0.0256903957072951 2.93059822472986e-152 2.09502369757452 -4.63300864339544e-09 -2.66453525910038e-15 0 0.126682169176158 0.617768870111357 0.255548960712485 0.1 1 5 0.25 0.5 0.25 7 1 -216.901313757306 -6.04921515644386 -143.990744008427 -21.4646812877977 2782559.40220712 2782559.40220712 2782559.40220712
"Aarest_data" 90 0.999999847289086 78.5699412287654 1.04600458218817 0.0256903957029287 2.93060159052675e-152 2.0950235891316 -4.12438083685629e-09 -2.66453525910038e-15 0 0.126682169382599 0.617768869798428 0.255548960818973 0.1 1 5 0.25 0.5 0.25 7 1 -216.901313678585 -6.04921509701764 -143.990743940739 -21.4646813151337 3125715.84968824 3125715.84968824 3125715.84968824
"Aarest_data" 91 0.999999864074844 78.5699409988674 1.04600458237097 0.0256903956990323 2.93060458692889e-152 2.09502349248016 -3.67157326763845e-09 2.66453525910038e-15 0 0.126682169566592 0.617768869519632 0.255548960913776 0.1 1 5 0.25 0.5 0.25 7 1 -216.90131360842 -6.04921504405304 -143.990743880442 -21.4646813394743 3511191.73421514 3511191.73421514 3511191.73421514
"Aarest_data" 92 0.999999879005346 78.5699407942232 1.04600458253359 0.0256903956955695 2.9306072541856e-152 2.09502340651121 -3.2684894790691e-09 8.88178419700125e-16 0 0.126682169730246 0.617768869271593 0.255548960998161 0.1 1 5 0.25 0.5 0.25 7 1 -216.901313546015 -6.04921499694209 -143.990743826792 -21.4646813611386 3944206.05943766 3944206.05943766 3944206.05943766
"Aarest_data" 93 0.999999892287991 78.5699406120293 1.04600458267827 0.0256903956924912 2.9306096288359e-152 2.09502333003051 -2.90965118665554e-09 -8.88178419700125e-16 0 0.126682169875838 0.617768869050873 0.255548961073289 0.1 1 5 0.25 0.5 0.25 7 1 -216.901313490495 -6.04921495503072 -143.990743779047 -21.4646813804255 4430621.45758389 4430621.45758389 4430621.45758389
"Aarest_data" 94 0.999999904108755 78.5699404498501 1.04600458280701 0.0256903956897525 2.93061174262272e-152 2.09502326196724 -2.59021959436723e-09 -2.66453525910038e-15 0 0.126682170005406 0.617768868854429 0.255548961140165 0.1 1 5 0.25 0.5 0.25 7 1 -216.901313441088 -6.04921491773214 -143.990743736552 -21.4646813975964 4977023.56433211 4977023.56433211 4977023.56433211
"Aarest_data" 95 0.999999914621796 78.5699403059 1.04600458291139 0.0256903956872588 2.93061361881572e-152 2.09502320141944 -2.30586749694339e-09 0 0 0.126682170121604 0.617768868679211 0.255548961199185 0.1 1 5 0.25 0.5 0.25 6 1 -216.901313397152 -6.04921488466714 -143.990743698711 -21.4646814127583 5590810.18251223 5590810.18251223 5590810.18251223
"Aarest_data" 96 0.999999923995485 78.5699401773227 1.04600458301433 0.025690395685091 2.93061529464951e-152 2.0950231474476 -2.05270112019207e-09 0 0 0.126682170224273 0.617768868523489 0.255548961252238 0.1 1 5 0.25 0.5 0.25 6 1 -216.901313357972 -6.04921485508115 -143.990743665021 -21.4646814263776 6280291.44183426 6280291.44183426 6280291.44183426
"Aarest_data" 97 0.999999932348774 78.5699400628773 1.0460045831063 0.0256903956831581 2.93061678629443e-152 2.09502309935124 -1.82736670240047e-09 -1.77635683940025e-15 0 0.12668217031574 0.617768868384791 0.255548961299469 0.1 1 5 0.25 0.5 0.25 6 1 -216.901313323054 -6.04921482871312 -143.990743635017 -21.4646814385008 7054802.31071865 7054802.31071865 7054802.31071865
"Aarest_data" 98 0.999999939762453 78.5699399609676 1.04600458318799 0.0256903956814486 2.93061811455385e-152 2.09502305666503 -1.62672364467653e-09 8.88178419700125e-16 -9.30353567098377e+136 0.126682170396911 0.617768868261573 0.255548961341517 0.1 1 5 0.25 0.5 0.25 6 1 -216.901313292069 -6.04921480531036 -143.990743608352 -21.4646814492979 7924828.98353918 7924828.98353918 7924828.98353918
"Aarest_data" 99 0.99999994639377 78.5699398702745 1.04600458326096 0.0256903956799112 2.93061929661919e-152 2.09502301848335 -1.4481500443253e-09 -1.77635683940025e-15 1.86070713419675e+137 0.126682170469527 0.617768868151527 0.255548961378946 0.1 1 5 0.25 0.5 0.25 6 1 -216.901313264349 -6.04921478437837 -143.990743584551 -21.4646814589065 8902150.8544504 8902150.8544504 8902150.8544504
"Aarest_data" 100 0.999999952275848 78.5699397895261 1.04600458332578 0.0256903956785532 2.93062034906969e-152 2.09502298461574 -1.28915900177162e-09 4.44089209850063e-15 -9.30353567098377e+136 0.126682170533928 0.617768868053801 0.25554896141227 0.1 1 5 0.25 0.5 0.25 6 1 -216.901313239763 -6.04921476581035 -143.990743563406 -21.4646814674594 1e+07 1e+07 1e+07
