"data_Name" "Iter" "beta1" "beta3" "lambda1" "lambda2" "lambda3" "diffBeta1" "diffBeta3" "diffLambda1" "diffLambda3" "pi1" "pi2" "pi3" "init_beta1" "init_beta2" "init_beta3" "init_pi1" "init_pi2" "init_pi3" "EM_endIter" "tempering" "Qlike" "Q1" "Q2" "Q3" "bpBase" "bp1" "bp3"
"V1" "RearDump" 1 0.846513666439727 19.0707767951436 2.21473362125738 0.49917038656946 1.31394113720255e-21 0.533392221280838 -0.00553379642356511 1.48372029689281e-15 -280576 0.419213835947645 0.543705190369362 0.0370809736829934 0.5 1 2 0.333333333333333 0.333333333333333 0.333333333333333 569 1 -234.32303802415 -6.61907452587354 -117.948901073195 -5.06024319790604 10 10 10
"V11" "RearDump" 2 0.847443243369121 19.0500977576328 2.21939435855203 0.499290104682027 1.38501635202303e-21 0.489742459181546 -0.00504796576921507 -4.3574381773724e-16 -292224 0.418819589952306 0.544097921432928 0.037082488614766 0.5 1 2 0.333333333333333 0.333333333333333 0.333333333333333 331 1 -234.271135468562 -6.51104707124982 -118.01739720627 -5.06051496519582 10.9749876549306 10.9749876549306 10.9749876549306
"V12" "RearDump" 3 0.848304244343615 19.0312424433764 2.22371354542736 0.49940115732434 1.45316779994967e-21 0.449423329021307 -0.00460432813068579 2.62538581979476e-15 -247936 0.418455806025481 0.54446030538792 0.0370838885865991 0.5 1 2 0.333333333333333 0.333333333333333 0.333333333333333 327 1 -234.223268785159 -6.41155618367109 -118.080500984215 -5.0607751234247 12.0450354025878 12.0450354025878 12.0450354025878
"V13" "RearDump" 4 0.849100865395997 19.0140510262625 2.227711759445 0.499504046440377 1.51822253419949e-21 0.412214028642875 -0.00419929601871161 2.58479578920409e-15 -354560 0.418120391908227 0.544794426870974 0.037085181220799 0.5 1 2 0.333333333333333 0.333333333333333 0.333333333333333 323 1 -234.179157291214 -6.31998628903241 -118.138598591405 -5.06102271894524 13.2194114846603 13.2194114846603 13.2194114846603
"V14" "RearDump" 5 0.849837158580496 18.9983775246893 2.23140891758164 0.499599262090467 1.58006696597538e-21 0.377904077447667 -0.00382957413516749 3.39994747511493e-15 -337408 0.417811367886317 0.545102258353267 0.0370863737604153 0.5 1 2 0.333333333333333 0.333333333333333 0.333333333333333 320 1 -234.138535846577 -6.23575944838943 -118.192052902039 -5.06125719097173 14.5082877849594 14.5082877849594 14.5082877849594
"V15" "RearDump" 6 0.850517021941978 18.9840886285571 2.23482421174048 0.499687279224937 1.63863981341106e-21 0.346293353814737 -0.00349213772882706 3.10804319259039e-15 -154880 0.417526865734096 0.545385661201329 0.0370874730645748 0.5 1 2 0.333333333333333 0.333333333333333 0.333333333333333 316 1 -234.101154506389 -6.15833397599241 -118.241204243188 -5.06147828797269 15.9228279334109 15.9228279334109 15.9228279334109
"V16" "RearDump" 7 0.851144193389602 18.9710626196165 2.23797609128251 0.499768557851456 1.69392499993577e-21 0.317192072502333 -0.00318421218626597 -1.0575638333273e-15 68224 0.417265121595421 0.545646392762281 0.0370884856422978 0.5 1 2 0.333333333333333 0.333333333333333 0.333333333333333 312 1 -234.066777794305 -6.08720207316931 -118.286371981925 -5.06168600410627 17.4752840000768 17.4752840000768 17.4752840000768
"V17" "RearDump" 8 0.851722244607257 18.9591883824383 2.24088221892257 0.499843540668811 1.74594474281808e-21 0.290420692951955 -0.00290325385366152 8.85598357342789e-17 -302272 0.417024474638445 0.545886107712847 0.0370894176487084 0.5 1 2 0.333333333333333 0.333333333333333 0.333333333333333 309 1 -234.035184332825 -6.02188857008971 -118.32785521448 -5.06188052188372 19.1791026167249 19.1791026167249 19.1791026167249
"V18" "RearDump" 9 0.852254576960393 18.9483644968136 2.24355943910644 0.499912651305997 1.79475302546318e-21 0.265809770763212 -0.00264693207169131 -7.65430216632295e-16 44672 0.416803365059135 0.546106360055881 0.0370902748849837 0.5 1 2 0.333333333333333 0.333333333333333 0.333333333333333 306 1 -234.006166429054 -5.96194962042682 -118.365933504445 -5.06206216532987 21.0490414451202 21.0490414451202 21.0490414451202
"V19" "RearDump" 10 0.852744420016582 18.9384984045144 2.24602377179502 0.499976294185072 1.84042957959351e-21 0.24319975883628 -0.00241311239295072 -3.09657002544071e-15 -133632 0.416600329320882 0.546308607863244 0.0370910628158743 0.5 1 2 0.333333333333333 0.333333333333333 0.333333333333333 302 1 -233.979529481631 -5.90697096708482 -118.400867982696 -5.06223136407377 23.1012970008316 23.1012970008316 23.1012970008316
"V110" "RearDump" 11 0.853194831895407 18.9295056453142 2.24829041849746 0.500034854968257 1.88307444582507e-21 0.222440761797817 -0.00219984094233538 2.77489009960045e-15 620288 0.416413994665469 0.546494218742712 0.0370917865918185 0.5 1 2 0.333333333333333 0.333333333333333 0.333333333333333 299 1 -233.955091335988 -5.85656613467405 -118.432902516098 -5.0623886250197 25.3536449397011 25.3536449397011 25.3536449397011
"V111" "RearDump" 12 0.853608699099021 18.921309159132 2.25037373911384 0.500088698354682 1.92280313276358e-21 0.203392246208402 -0.00200532987400237 -2.66388547895071e-15 -163968 0.416243079328828 0.546664469637157 0.0370924510340149 0.5 1 2 0.333333333333333 0.333333333333333 0.333333333333333 296 1 -233.9326819951 -5.81037568217551 -118.462264012934 -5.06253450415081 27.8255940220712 27.8255940220712 27.8255940220712
"V112" "RearDump" 13 0.853988739811362 18.9138386446801 2.2522872764884 0.50013816933608 1.95974239696483e-21 0.185922721845007 -0.00182794387503016 -2.40488270895461e-15 -66112 0.416086386157562 0.546820553180211 0.0370930606622268 0.5 1 2 0.333333333333333 0.333333333333333 0.333333333333333 293 1 -233.912142912059 -5.76806533166452 -118.489163660586 -5.06266958952537 30.5385550883342 30.5385550883342 30.5385550883342
"V113" "RearDump" 14 0.854337507213596 18.9070299734731 2.25404376641991 0.500183593026796 1.99402660678298e-21 0.169909393422518 -0.0016661876618862 -4.58315689358526e-15 -10752 0.415942799396319 0.546963580901516 0.0370936197021646 0.5 1 2 0.333333333333333 0.333333333333333 0.333333333333333 290 1 -233.893326481275 -5.7293247013118 -118.513797675132 -5.0627944851217 33.5160265093884 33.5160265093884 33.5160265093884
"V114" "RearDump" 15 0.854657393730515 18.9008246536156 2.25565515273431 0.50022527466195 2.02579466012666e-21 0.155237791638001 -0.00151869441511465 1.30973200035113e-15 -191872 0.415811281414116 0.547094586492457 0.0370941320934269 0.5 1 2 0.333333333333333 0.333333333333333 0.333333333333333 286 1 -233.876095526924 -5.69386606695629 -118.53634803651 -5.06290979801419 36.7837977182863 36.7837977182863 36.7837977182863
"V115" "RearDump" 16 0.854950637166363 18.8951693381382 2.25713262720883 0.500263501349657 2.05518741761649e-21 0.141801390786018 -0.00138421509692499 1.69281853261465e-15 138816 0.4156908661708 0.54721453231031 0.0370946015188897 0.5 1 2 0.333333333333333 0.333333333333333 0.333333333333333 283 1 -233.860322587634 -5.66142258499875 -118.55698367613 -5.06301613146722 40.3701725859656 40.3701725859656 40.3701725859656
"V116" "RearDump" 17 0.855219325206857 18.8900153776497 2.25848663164272 0.500298540703603 2.08234558350856e-21 0.129501213842186 -0.00126160859674584 -7.83928992683855e-18 204288 0.415580659160182 0.54732430944749 0.0370950313923281 0.5 1 2 0.333333333333333 0.333333333333333 0.333333333333333 280 1 -233.845889615689 -5.63174769615103 -118.575860703679 -5.06311407393201 44.3062145758388 44.3062145758388 44.3062145758388
"V117" "RearDump" 18 0.855465402623814 18.885318409137 2.25972690384746 0.500330642799482 2.10740800704759e-21 0.118245436172128 -0.0011498326511763 -1.40897662731943e-15 18752 0.415479830908606 0.547424744203094 0.0370954248883005 0.5 1 2 0.333333333333333 0.333333333333333 0.333333333333333 277 1 -233.832687274303 -5.60461342407767 -118.593123552981 -5.06320419623618 48.6260158006536 48.6260158006536 48.6260158006536
"V118" "RearDump" 19 0.855690677685168 18.8810379812445 2.26086250492849 0.500360040580426 2.13051033558805e-21 0.107948987542276 -0.00104793548608839 3.41337337084538e-16 120704 0.41538761377422 0.547516601274765 0.037095784951015 0.5 1 2 0.333333333333333 0.333333333333333 0.333333333333333 274 1 -233.820614451341 -5.57980929059556 -118.608905631807 -5.06328704708929 53.3669923120631 53.3669923120631 53.3669923120631
"V119" "RearDump" 20 0.855896828995464 18.8771372116643 2.26190185200541 0.500386950634647 2.15178397824502e-21 0.0985331581674096 -0.000955048130611758 -2.43849774086199e-16 -219584 0.415303298180743 0.547600587511918 0.0370961143073389 0.5 1 2 0.333333333333333 0.333333333333333 0.333333333333333 271 1 -233.809577746017 -5.55714116251713 -118.623330039017 -5.06336315043086 58.5702081805667 58.5702081805667 58.5702081805667
"V120" "RearDump" 21 0.856085412437818 18.8735824741571 2.26285275168455 0.500411574004635 2.17135533378098e-21 0.0899252117157161 -0.000870377355061791 -1.75462091518252e-15 144000 0.415226228954713 0.547677355565655 0.037096415479632 0.5 1 2 0.333333333333333 0.333333333333333 0.333333333333333 268 1 -233.799490971962 -5.53643014719361 -118.636510252979 -5.06343300374527 64.2807311728432 64.2807311728432 64.2807311728432
"V121" "RearDump" 22 0.856257868127114 18.8703431127026 2.26372243380231 0.500434097013376 2.18934524154554e-21 0.0820580079672126 -0.000793199187047122 -1.03345346400018e-15 2432 0.41515580178335 0.547747507418338 0.0370966907983122 0.5 1 2 0.333333333333333 0.333333333333333 0.333333333333333 265 1 -233.790274678567 -5.51751153855294 -118.648550789875 -5.06349707714492 70.5480231071864 70.5480231071864 70.5480231071864
"V122" "RearDump" 23 0.85641552729829 18.8673911804802 2.26451758503034 0.500454692095312 2.20586861848207e-21 0.0748696373034754 -0.000722852962676157 7.84394331409253e-16 21120 0.415091459806649 0.547811597779273 0.0370969424140779 0.5 1 2 0.333333333333333 0.333333333333333 0.333333333333333 262 1 -233.781855692086 -5.50023381481696 -118.65954783089 -5.06355581305735 77.4263682681128 77.4263682681128 77.4263682681128
"V123" "RearDump" 24 0.856559619194497 18.8647012015589 2.26524438264314 0.500473518637846 2.22103424950164e-21 0.0683030629102603 -0.000658735872018923 8.2930571233857e-16 -105600 0.415032690302685 0.547870137387458 0.0370971723098569 0.5 1 2 0.333333333333333 0.333333333333333 0.333333333333333 259 1 -233.774166670789 -5.48445767461413 -118.669589826559 -5.06360962640018 84.9753435908645 84.9753435908645 84.9753435908645
"V124" "RearDump" 25 0.856691277138185 18.8622499533943 2.26590852432385 0.500490723728767 2.23494470237093e-21 0.062305806894102 -0.000600297960676954 -1.17329987414129e-15 -208064 0.414979021782014 0.547923595906346 0.03709738231164 0.5 1 2 0.333333333333333 0.333333333333333 0.333333333333333 256 1 -233.767145715619 -5.47005519487532 -118.678758024852 -5.06365890501572 93.260334688322 93.260334688322 93.260334688322
"V125" "RearDump" 26 0.85681154566028 18.8600162682583 2.26651526340293 0.500506443043457 2.24769634285803e-21 0.0568295938930738 -0.00054703755171559 -5.58650521845325e-16 -224832 0.414930020724717 0.547972405175141 0.0370975741001421 0.5 1 2 0.333333333333333 0.333333333333333 0.333333333333333 253 1 -233.760735934912 -5.45690890179447 -118.687127055997 -5.06370401056939 102.353102189903 102.353102189903 102.353102189903
"V126" "RearDump" 27 0.856921386104109 18.8579808520927 2.26706943654224 0.500520801546047 2.25937942823716e-21 0.0518300691587683 -0.000498497054518765 1.88292470147227e-15 326208 0.414885288990385 0.548016961788985 0.0370977492206292 0.5 1 2 0.333333333333333 0.333333333333333 0.333333333333333 250 1 -233.75488509903 -5.44491103172453 -118.694765397222 -5.06374527944558 112.332403297803 112.332403297803 112.332403297803
"V127" "RearDump" 28 0.857021682596831 18.8561261191982 2.26757549335014 0.500533914240931 2.27007826167292e-21 0.0472665040821099 -0.000454259129542223 1.43592836866812e-15 98432 0.414844461130437 0.548057629776692 0.0370979090928709 0.5 1 2 0.333333333333333 0.333333333333333 0.333333333333333 247 1 -233.749545282967 -5.43396277254116 -118.701735850905 -5.06378302387606 123.284673944207 123.284673944207 123.284673944207
"V128" "RearDump" 29 0.857113247608138 18.8544360414208 2.26803752399811 0.500545886875787 2.27987139218091e-21 0.0431015241244772 -0.000413943180078036 1.97640950439924e-16 35776 0.414807201909416 0.548094743070161 0.0370980550204231 0.5 1 2 0.333333333333333 0.333333333333333 0.333333333333333 244 1 -233.744672537262 -5.42397356725846 -118.708095983843 -5.06381753313586 135.304777457981 135.304777457981 135.304777457981
"V129" "RearDump" 30 0.85719682721543 18.8528960105794 2.26845928542464 0.500556816610206 2.28883184759849e-21 0.0393008531769325 -0.000377202144333566 -2.33624815863418e-16 353280 0.414773203980987 0.548128607819642 0.0370981881993711 0.5 1 2 0.333333333333333 0.333333333333333 0.333333333333333 241 1 -233.740226579941 -5.41486046429107 -118.713898537472 -5.06384907478901 148.496826225447 148.496826225447 148.496826225447
"V130" "RearDump" 31 0.857273106072227 18.8514927129788 2.26884422610008 0.500566792648855 2.29702739022229e-21 0.0358330740295685 -0.000343719562955869 -1.82179782767984e-15 -79360 0.414742185714467 0.548159504558991 0.0370983097265412 0.5 1 2 0.333333333333333 0.333333333333333 0.333333333333333 238 1 -233.736170508794 -5.4065475124438 -118.719191810157 -5.06387789595417 162.975083462064 162.975083462064 162.975083462064
"V131" "RearDump" 32 0.857342712080787 18.8502140149625 2.26919550934842 0.500575896838777 2.30452078662713e-21 0.0326694045062794 -0.000313206899248186 2.03405655508612e-15 -403200 0.414713889166808 0.548187690226001 0.0370984206071911 0.5 1 2 0.333333333333333 0.333333333333333 0.333333333333333 235 1 -233.732470533254 -5.39896519858502 -118.724020012786 -5.06390422456672 178.864952905744 178.864952905744 178.864952905744
"V132" "RearDump" 33 0.857406221007089 18.8490488583085 2.26951603943822 0.500584204555511 2.31137008621302e-21 0.029783488782531 -0.000285401090851067 1.97575506556837e-15 -284928 0.414688077546499 0.548213400687076 0.0370985217664246 0.5 1 2 0.333333333333333 0.333333333333333 0.333333333333333 233 1 -233.729095683676 -5.39204981171415 -118.728423692809 -5.06392827125938 196.304065004027 196.304065004027 196.304065004027
"V133" "RearDump" 34 0.857464159643496 18.8479871659684 2.2698084653 0.500591783931943 2.31762889494622e-21 0.0271512029048253 -0.000260062313495624 3.42221004206761e-16 333504 0.414664536047958 0.548236849913065 0.0370986140389771 0.5 1 2 0.333333333333333 0.333333333333333 0.333333333333333 230 1 -233.726017745037 -5.38574341590544 -118.732439665075 -5.06395022801827 215.443469003188 215.443469003188 215.443469003188
"V134" "RearDump" 35 0.857517011030323 18.8470197539062 2.27007522480423 0.500598698294837 2.32334666020147e-21 0.0247504747750398 -0.000236971938884167 9.89299542283949e-16 -228736 0.41464306634271 0.548258235456498 0.0370986982007914 0.5 1 2 0.333333333333333 0.333333333333333 0.333333333333333 227 1 -233.723210794712 -5.3799927191561 -118.736101857544 -5.06397027317245 236.448941264541 236.448941264541 236.448941264541
"V135" "RearDump" 36 0.857565217080916 18.8461382528828 2.27031854584404 0.500605005328511 2.32856893655442e-21 0.022561116645182 -0.000215930670215414 6.07148981427146e-17 362752 0.414623487656004 0.548277737386075 0.0370987749579209 0.5 1 2 0.333333333333333 0.333333333333333 0.333333333333333 224 1 -233.720651168775 -5.37474911574053 -118.739441198602 -5.06398856996195 259.502421139974 259.502421139974 259.502421139974
"V136" "RearDump" 37 0.857609182118543 18.8453350360824 2.27054046708333 0.500610757824708 2.33333765016776e-21 0.0205646703632816 -0.000196756840214363 -3.16677497484534e-15 118400 0.414605634727351 0.548295520316548 0.0370988449561019 0.5 1 2 0.333333333333333 0.333333333333333 0.333333333333333 221 1 -233.71831723731 -5.36996819130159 -118.742485952286 -5.0640052682334 284.80358684358 284.80358684358 284.80358684358
"V137" "RearDump" 38 0.857649275940663 18.8446031533403 2.27074285333588 0.500616004079089 2.33769135191331e-21 0.0187442642626081 -0.000179284857743767 1.27737205951335e-15 371200 0.414589356521941 0.548311734692341 0.0370989087857174 0.5 1 2 0.333333333333333 0.333333333333333 0.333333333333333 218 1 -233.716189234954 -5.36560937134276 -118.745261941287 -5.06402050544423 312.571584968824 312.571584968824 312.571584968824
"V138" "RearDump" 39 0.857685836655679 18.8439362711813 2.27092740980938 0.500620788258578 2.34166545932795e-21 0.0170844810448187 -0.000163363790282034 -9.13812495420237e-16 -299008 0.414574515042246 0.548326517971372 0.0370989669863819 0.5 1 2 0.333333333333333 0.333333333333333 0.333333333333333 215 1 -233.714249104688 -5.36163559760553 -118.747792752328 -5.06403440760817 343.046928631492 343.046928631492 343.046928631492
"V139" "RearDump" 40 0.857719173305342 18.8433286181615 2.27109569528008 0.500625150741318 2.34529248655193e-21 0.0155712359558251 -0.000148856070511627 -2.32359454519339e-15 149440 0.414560984232858 0.548339995715968 0.0370990200511732 0.5 1 2 0.333333333333333 0.333333333333333 0.333333333333333 212 1 -233.712480353956 -5.35801303033561 -118.750099925182 -5.06404709018251 376.493580679247 376.493580679247 376.493580679247
"V140" "RearDump" 41 0.857749568285805 18.842774935043 2.2712491342618 0.500629128430832 2.34860226181366e-21 0.0141916645725253 -0.000135636316301202 -2.90396172125689e-15 -393088 0.414548648972295 0.548352282597171 0.0370990684305346 0.5 1 2 0.333333333333333 0.333333333333333 0.333333333333333 209 1 -233.710867922278 -5.35471077459722 -118.75220312647 -5.06405865889886 413.201240011534 413.201240011534 413.201240011534
"V141" "RearDump" 42 0.857777279580113 18.8422704293776 2.27138902823195 0.500632755045965 2.35162213226347e-21 0.0129340195424206 -0.000123590254311523 -2.21771119162187e-16 120768 0.414537404145685 0.548363483318448 0.037099112535867 0.5 1 2 0.333333333333333 0.333333333333333 0.333333333333333 206 1 -233.709398059535 -5.35170062888753 -118.754120309345 -5.06406921053727 453.487850812858 453.487850812858 453.487850812858
"V142" "RearDump" 43 0.857802542814574 18.8418107341112 2.27151656597595 0.500636061388168 2.35437715619317e-21 0.0117875756460712 -0.00011261373817284 -2.63831546009724e-15 -222720 0.414527153792578 0.548373693464586 0.037099152742836 0.5 1 2 0.333333333333333 0.333333333333333 0.333333333333333 203 1 -233.708058214159 -5.3489568543961 -118.7558678601 -5.06407883364734 497.702356433212 497.702356433212 497.702356433212
"V143" "RearDump" 44 0.857825573151045 18.8413918698523 2.27163283310955 0.500639075587616 2.35689028285719e-21 0.0107425425813901 -0.000102611853025181 1.83175332354627e-15 107264 0.414517810324374 0.548383000281216 0.0370991893944101 0.5 1 2 0.333333333333333 0.333333333333333 0.333333333333333 200 1 -233.706836930495 -5.34645596335041 -118.757460732682 -5.06408760921723 546.227721768435 546.227721768435 546.227721768435
"V144" "RearDump" 45 0.857846567026672 18.8410102104836 2.27173882083633 0.500641823329639 2.35918252022565e-21 0.00978998490072414 -9.34980989057976e-05 1.87157424822083e-15 -54144 0.414509293806185 0.548391483390162 0.037099222803653 0.5 1 2 0.333333333333333 0.333333333333333 0.333333333333333 197 1 -233.705723754643 -5.34417652498308 -118.758912572023 -5.06409561129402 599.484250318941 599.484250318941 599.484250318941
"V145" "RearDump" 46 0.857865703987661 18.8406624515903 2.27183543820804 0.500644328387957 2.36127309246705e-21 0.00892174858099182 -8.5193646091497e-05 -4.11694752419677e-16 -110464 0.414501530649755 0.548399216089721 0.0370992532605246 0.5 1 2 0.333333333333333 0.333333333333333 0.333333333333333 195 1 -233.704709106702 -5.34209887351627 -118.760235921009 -5.06410290819733 657.933224657569 657.933224657569 657.933224657569
"V146" "RearDump" 47 0.857883147215277 18.8403455828085 2.27192350268277 0.500646611517007 2.36317957944484e-21 0.00813039361051793 -7.76266561075545e-05 3.70256015991689e-15 254080 0.414494455600454 0.548406263382249 0.0370992810172974 0.5 1 2 0.333333333333333 0.333333333333333 0.333333333333333 192 1 -233.703784367191 -5.34020540169273 -118.761441948759 -5.06410956049333 722.080901838547 722.080901838547 722.080901838547
"V147" "RearDump" 48 0.857899046280904 18.8400568604249 2.27200377210957 0.500648692572441 2.36491805928149e-21 0.00740913239963348 -7.07316626282761e-05 -5.46879940252043e-16 199040 0.414488007304617 0.548412686379311 0.0370993063160713 0.5 1 2 0.333333333333333 0.333333333333333 0.333333333333333 189 1 -233.702941556724 -5.33847972831845 -118.762541107382 -5.0641156253114 792.482898353917 792.482898353917 792.482898353917
"V148" "RearDump" 49 0.857913537442746 18.8397937845592 2.27207693418385 0.50065058937849 2.36650322724061e-21 0.00675177319138953 -6.44490070502712e-05 1.40408352974138e-15 148480 0.414482130383324 0.548418540242794 0.0370993293738826 0.5 1 2 0.333333333333333 0.333333333333333 0.333333333333333 186 1 -233.702173434542 -5.33690701638522 -118.763542844992 -5.06412115424911 869.749002617784 869.749002617784 869.749002617784
"V149" "RearDump" 50 0.857926745009255 18.8395540773182 2.27214361631068 0.500652318196929 2.36794851194117e-21 0.00615266834887507 -5.87243239493773e-05 -1.99760470395927e-15 -270720 0.414476774327726 0.54842387528357 0.0370993503887039 0.5 1 2 0.333333333333333 0.333333333333333 0.333333333333333 183 1 -233.701473396851 -5.33547373537206 -118.764455777949 -5.06412619441969 954.548456661834 954.548456661834 954.548456661834
"V150" "RearDump" 51 0.857938782374976 18.8393356630902 2.27220439083218 0.500653893862843 2.36926618134135e-21 0.00560666701700896 -5.35080719767933e-05 2.37455956471762e-15 62464 0.414471893073776 0.548428737385116 0.0370993695411071 0.5 1 2 0.333333333333333 0.333333333333333 0.333333333333333 180 1 -233.700835421239 -5.33416754695747 -118.765287763614 -5.06413078883436 1047.61575278967 1047.61575278967 1047.61575278967
"V151" "RearDump" 52 0.857949752968318 18.8391366505884 2.27225977980559 0.500655329908341 2.37046744040607e-21 0.00510907182209408 -4.87551062420266e-05 -1.77728126998306e-15 86912 0.414467444614478 0.548433168389744 0.0370993869957784 0.5 1 2 0.333333333333333 0.333333333333333 0.333333333333333 177 1 -233.70025401591 -5.33297720076111 -118.766045966689 -5.06413497675264 1149.75699539774 1149.75699539774 1149.75699539774
"V152" "RearDump" 53 0.857959751118797 18.8389553164873 2.27231025937596 0.500656638675793 2.37156252100622e-21 0.00465559927809522 -4.44242885464519e-05 -1.29328452633958e-15 -166144 0.414463390645402 0.548437206451695 0.0370994029029027 0.5 1 2 0.333333333333333 0.333333333333333 0.333333333333333 174 1 -233.699724173291 -5.33189243907071 -118.766736919848 -5.06413879400411 1261.85688306602 1261.85688306602 1261.85688306602
"V153" "RearDump" 54 0.857968862850269 18.8387900905115 2.27235626377626 0.500657831421422 2.37256076459794e-21 0.00424234359418207 -4.04781321030612e-05 1.11225283320413e-15 -393152 0.414459696240691 0.548440886359878 0.0370994173994304 0.5 1 2 0.333333333333333 0.333333333333333 0.333333333333333 171 1 -233.699241327633 -5.33090390980123 -118.767366579127 -5.06414227328308 1384.88637139387 1384.88637139387 1384.88637139387
"V154" "RearDump" 55 0.857977166606244 18.838639541846 2.27239818898532 0.500658918410056 2.3734706981904e-21 0.00386574360026515 -3.6882477679967e-05 2.85251071657918e-15 324480 0.414456329557022 0.548444239832743 0.037099430610235 0.5 1 2 0.333333333333333 0.333333333333333 0.333333333333333 168 1 -233.698801316268 -5.33000308699403 -118.767940374529 -5.06414544441915 1519.91108295293 1519.91108295293 1519.91108295293
"V155" "RearDump" 56 0.857984734148482 18.8385023665257 2.27243640028131 0.5006599093264 2.37430010547288e-21 0.00352255253758216 -3.36061984356206e-05 6.14941578662767e-16 133504 0.414453260915707 0.54844729643089 0.0370994426534036 0.5 1 2 0.333333333333333 0.333333333333333 0.333333333333333 166 1 -233.69840030285 -5.32918208418096 -118.768463350004 -5.06414833526394 1668.10053720006 1668.10053720006 1668.10053720006
"V156" "RearDump" 57 0.857991630222502 18.8383773770624 2.27247121849793 0.500660812058512 2.37505608530646e-21 0.00320981042975887 -3.06209309393068e-05 1.15891227837835e-15 -68864 0.414450465139764 0.548450081235927 0.0370994536243095 0.5 1 2 0.333333333333333 0.333333333333333 0.333333333333333 163 1 -233.698034910198 -5.32843404322936 -118.768939831392 -5.06415096936792 1830.73828029537 1830.73828029537 1830.73828029537
"V157" "RearDump" 58 0.857997914517197 18.8382634907996 2.2725029479386 0.500661634707702 2.37574511861484e-21 0.00292481892423524 -2.79008299592931e-05 1.27937052787328e-15 -74432 0.414447917464258 0.548452618913984 0.0370994636217575 0.5 1 2 0.333333333333333 0.333333333333333 0.333333333333333 160 1 -233.697701943825 -5.32775239324603 -118.76937402459 -5.06415337000119 2009.23300256505 2009.23300256505 2009.23300256505
"V158" "RearDump" 59 0.858003641237844 18.8381597214475 2.27253186226626 0.50066238436963 2.37637311669469e-21 0.00266511825079263 -2.542234501135e-05 2.68814471431831e-15 80000 0.414445595893118 0.548454931374846 0.037099472732036 0.5 1 2 0.333333333333333 0.333333333333333 0.333333333333333 157 1 -233.697398528801 -5.32713124672375 -118.769769679547 -5.06415555781474 2205.13073990305 2205.13073990305 2205.13073990305
"V159" "RearDump" 60 0.858008859797661 18.8380651703216 2.27255821094052 0.500663067511493 2.37694547180121e-21 0.00242846622384008 -2.31640167296376e-05 -1.69486570536905e-15 190656 0.414443480379338 0.548457038586879 0.0370994810337835 0.5 1 2 0.333333333333333 0.333333333333333 0.333333333333333 154 1 -233.697122044787 -5.32656523785516 -118.770130213867 -5.06415755163775 2420.12826479438 2420.12826479438 2420.12826479438
"V160" "RearDump" 61 0.858013615240452 18.837979018561 2.27258222136538 0.500663690028765 2.37746710223274e-21 0.00221281907099069 -2.1106291262285e-05 2.40812091591196e-15 243392 0.414441552650224 0.548458958751095 0.0370994885986814 0.5 1 2 0.333333333333333 0.333333333333333 0.333333333333333 151 1 -233.696870103397 -5.3260494759802 -118.770458742551 -5.06415936863973 2656.08778294669 2656.08778294669 2656.08778294669
"V161" "RearDump" 62 0.858017948625341 18.8379005200399 2.27260410083083 0.500664257295513 2.37794249357497e-21 0.00201631393803225 -1.9231351148008e-05 1.63334834938793e-15 -13952 0.414439796050886 0.548460708457046 0.0370994954920678 0.5 1 2 0.333333333333333 0.333333333333333 0.333333333333333 148 1 -233.696640527738 -5.32557950363422 -118.770758104713 -5.06416102447559 2915.05306282518 2915.05306282518 2915.05306282518
"V162" "RearDump" 63 0.858021897377889 18.8378289949083 2.27262403828469 0.500664774210321 2.37837573642423e-21 0.00183725292588477 -1.752296117985e-05 2.94478278008392e-15 171712 0.414438195401451 0.548462302825053 0.037099501773496 0.5 1 2 0.333333333333333 0.333333333333333 0.333333333333333 145 1 -233.696431333732 -5.32515125828183 -118.771030887941 -5.06416253341848 3199.26713779738 3199.26713779738 3199.26713779738
"V163" "RearDump" 64 0.858025495610524 18.8377638237042 2.27264220594975 0.500665245238195 2.37877056089195e-21 0.00167408852702167 -1.59663279379885e-05 1.22013338458616e-15 -175616 0.414436736866808 0.548463755635946 0.0370995074972457 0.5 1 2 0.333333333333333 0.333333333333333 0.333333333333333 142 1 -233.696240713087 -5.32476103741342 -118.771279450529 -5.06416390848119 3511.19173421513 3511.19173421513 3511.19173421513
"V164" "RearDump" 65 0.858028774650628 18.8377044417636 2.27265876500921 0.500665674773441 2.37913036950688e-21 0.00152541034383802 -1.45479717978958e-05 -1.61901348142595e-16 290944 0.414435407190404 0.548465080092575 0.037099512717021 0.5 1 2 0.333333333333333 0.333333333333333 0.333333333333333 140 1 -233.696066976379 -5.32440535269303 -118.771506035501 -5.06416516216512 3853.52859371053 3853.52859371053 3853.52859371053
"V165" "RearDump" 66 0.858031762368307 18.8376503352403 2.27267385018454 0.500666065881551 2.37945826054658e-21 0.00138993295815126 -1.32556102840908e-05 1.39224285617171e-15 218752 0.414434196164414 0.54846628636607 0.037099517469516 0.5 1 2 0.333333333333333 0.333333333333333 0.333333333333333 137 1 -233.695908703711 -5.32408135506415 -118.771712415664 -5.06416630401769 4229.2428743895 4229.2428743895 4229.2428743895
"V166" "RearDump" 67 0.858034484819416 18.8376010352993 2.27268759596076 0.500666422258576 2.37975706253952e-21 0.00126648489913705 -1.20780517836039e-05 1.97542154634539e-15 -88896 0.414433092686946 0.548467385513119 0.0370995217999352 0.5 1 2 0.333333333333333 0.333333333333333 0.333333333333333 134 1 -233.695764486071 -5.32378613127224 -118.771900467164 -5.06416734451718 4641.58883361279 4641.58883361279 4641.58883361279
"V167" "RearDump" 68 0.858036965544604 18.8375561149517 2.27270012122518 0.500666746989271 2.38002935291543e-21 0.00115399855139486 -1.10050986688037e-05 2.22533872331189e-15 135296 0.414432087206357 0.548468387047867 0.037099525745776 0.5 1 2 0.333333333333333 0.333333333333333 0.333333333333333 131 1 -233.695633075564 -5.3235171260972 -118.772071817813 -5.06416829265626 5094.13801481638 5094.13801481638 5094.13801481638
"V168" "RearDump" 69 0.858039225995398 18.8375151851403 2.27271153428387 0.500667042881626 2.38027748126756e-21 0.00105150096763751 -1.00274590391081e-05 8.8670807638281e-16 -57984 0.414431171024748 0.548469299634084 0.0370995293411673 0.5 1 2 0.333333333333333 0.333333333333333 0.333333333333333 128 1 -233.695513335393 -5.3232720121493 -118.77222795007 -5.064169156625 5590.81018251223 5590.81018251223 5590.81018251223
"V169" "RearDump" 70 0.858041285721401 18.8374778913686 2.27272193384027 0.500667312494633 2.38050358941027e-21 0.000958105488532368 -9.1366663177439e-06 -3.42358160016745e-15 -146560 0.414430336215817 0.548470131166972 0.0370995326172107 0.5 1 2 0.333333333333333 0.333333333333333 0.333333333333333 125 1 -233.695404229603 -5.32304866853377 -118.772370214866 -5.06416994388828 6135.90727341317 6135.90727341317 6135.90727341317
"V170" "RearDump" 71 0.858043162538636 18.8374439106307 2.27273140984534 0.500667558160356 2.38070962967859e-21 0.000873004101816122 -8.32500592373719e-06 2.62933998135078e-15 161920 0.414429575556445 0.548470888841305 0.0370995356022491 0.5 1 2 0.333333333333333 0.333333333333333 0.333333333333333 122 1 -233.695304814149 -5.32284516254204 -118.772499843265 -5.06417066124978 6734.15065775082 6734.15065775082 6734.15065775082
"V171" "RearDump" 72 0.858044872683006 18.837412948614 2.27274004427231 0.500667782004009 2.38089738162451e-21 0.00079546047606982 -7.58544851287013e-06 -7.64677416100422e-16 203392 0.414428882464417 0.548471579213472 0.0370995383221106 0.5 1 2 0.333333333333333 0.333333333333333 0.333333333333333 119 1 -233.695214228746 -5.32265973297604 -118.77261795709 -5.06417131491027 7390.72203352578 7390.72203352578 7390.72203352578
"V172" "RearDump" 73 0.858046431186896 18.8373847369215 2.27274791604893 0.500667986288104 2.38106846864169e-21 0.000724803611444003 -6.91158910193224e-06 5.28570846641108e-15 222336 0.414428250291854 0.548472208903566 0.03709954080458 0.5 1 2 0.333333333333333 0.333333333333333 0.333333333333333 117 1 -233.695131647914 -5.32249066050898 -118.772725672701 -5.0641719111623 8111.30830789688 8111.30830789688 8111.30830789688
"V173" "RearDump" 74 0.858047851067729 18.8373590316576 2.27275508493479 0.500668172136379 2.38122436637437e-21 0.000660422043925024 -6.29759164816335e-06 1.55162311662592e-15 6016 0.414427674851476 0.548472782085778 0.0370995430627453 0.5 1 2 0.333333333333333 0.333333333333333 0.333333333333333 114 1 -233.695056439013 -5.32233670786576 -118.77282373647 -5.06417245389462 8902.1508544504 8902.1508544504 8902.1508544504
"V174" "RearDump" 75 0.85804914483577 18.8373356099669 2.27276161695483 0.500668341464756 2.38136642353639e-21 0.000601758577026601 -5.73813850124338e-06 -5.24972015406461e-15 195072 0.41442715054907 0.548473304330768 0.0370995451201626 0.5 1 2 0.333333333333333 0.333333333333333 0.333333333333333 111 1 -233.694987911856 -5.32219643435856 -118.772913086093 -5.06417294840625 9770.09957299226 9770.09957299226 9770.09957299226
"V175" "RearDump" 76 0.858050323692932 18.837314268982 2.27276756873548 0.500668495746212 2.38149586818462e-21 0.000548305464761256 -5.22838434413586e-06 3.08901512682591e-15 -9984 0.414426672831226 0.548473780174036 0.0370995469947381 0.5 1 2 0.333333333333333 0.333333333333333 0.333333333333333 108 1 -233.69492547231 -5.3220686230425 -118.772994497208 -5.06417339898944 10722.6722201032 10722.6722201032 10722.6722201032
"V176" "RearDump" 77 0.858051397842142 18.8372948238625 2.27277299179096 0.500668636316297 2.38161381950541e-21 0.000499600028096125 -4.76391427994827e-06 2.68709439346372e-15 -125952 0.414426237562102 0.548474213735196 0.0370995487027016 0.5 1 2 0.333333333333333 0.333333333333333 0.333333333333333 105 1 -233.694868579836 -5.32195216736241 -118.773068674661 -5.06417380954254 11768.11952435 11768.11952435 11768.11952435
"V177" "RearDump" 78 0.858052376816511 18.83727710596 2.27277793727227 0.500668764716527 2.38172129885501e-21 0.00045522065909509 -4.34070558164024e-06 5.44048732625845e-16 -391552 0.414425840325898 0.548474609411029 0.0370995502630733 0.5 1 2 0.333333333333333 0.333333333333333 0.333333333333333 103 1 -233.694816700513 -5.32184594503681 -118.773136354435 -5.06417418425659 12915.4966501488 12915.4966501488 12915.4966501488
"V178" "RearDump" 79 0.858053268627779 18.8372609622603 2.27278243973462 0.500668881422088 2.38181923308866e-21 0.000414783174061739 -3.95509283457329e-06 1.9200137331337e-15 177280 0.414425478952421 0.548474969366514 0.0370995516810651 0.5 1 2 0.333333333333333 0.333333333333333 0.333333333333333 100 1 -233.694769466316 -5.32174925987307 -118.773197938735 -5.06417452512168 14174.7416292681 14174.7416292681 14174.7416292681
"V179" "RearDump" 80 0.858054081211706 18.837246252729 2.2727865420073 0.500668987740418 2.38190847057982e-21 0.000377937499155934 -3.60373626584476e-06 -2.2715051953108e-16 272704 0.414425149720399 0.548475297306773 0.0370995529728279 0.5 1 2 0.333333333333333 0.333333333333333 0.333333333333333 97 1 -233.694726430421 -5.32166117038931 -118.773254046585 -5.06417483567226 15556.7614393047 15556.7614393047 15556.7614393047
"V180" "RearDump" 81 0.858054821610954 18.8372328499529 2.27279027974987 0.50066908460324 2.3819897833626e-21 0.000344364640270101 -3.28359273460421e-06 3.6222442841e-16 -236800 0.41442484975675 0.548475596093557 0.037099554149693 0.5 1 2 0.333333333333333 0.333333333333333 0.333333333333333 94 1 -233.694687218778 -5.32158090989171 -118.773305167058 -5.06417511861812 17073.5264747069 17073.5264747069 17073.5264747069
"V181" "RearDump" 82 0.858055496235716 18.8372206378456 2.27279368532704 0.500669172849611 2.38206387493906e-21 0.000313773926240657 -2.99188945618312e-06 4.7428519326585e-16 402560 0.414424576463337 0.548475868314807 0.0370995552218562 0.5 1 2 0.333333333333333 0.333333333333333 0.333333333333333 91 1 -233.694651491819 -5.32150778326135 -118.773351742926 -5.06417537640887 18738.1742286039 18738.1742286039 18738.1742286039
"V182" "RearDump" 83 0.858056111163823 18.8372095104039 2.27279679245731 0.500669253570005 2.38213138778795e-21 0.000285900495857305 -2.72609994134143e-06 -9.23071412566674e-16 -184960 0.414424326822802 0.548476116974341 0.0370995562028572 0.5 1 2 0.333333333333333 0.333333333333333 0.333333333333333 89 1 -233.694618898577 -5.32144104264378 -118.773394271765 -5.0641756119184 20565.1230834865 20565.1230834865 20565.1230834865
"V183" "RearDump" 84 0.858056671260838 18.8371993716916 2.2727996198562 0.500669326832179 2.38219290344762e-21 0.000260503004891888 -2.48392214707849e-06 3.23936199265589e-15 117248 0.414424099932116 0.548476342974923 0.037099557092961 0.5 1 2 0.333333333333333 0.333333333333333 0.333333333333333 86 1 -233.694589237291 -5.32138033177628 -118.773432939572 -5.06417582594308 22570.1971963392 22570.1971963392 22570.1971963392
"V184" "RearDump" 85 0.858057181582611 18.8371901336938 2.27280219568838 0.500669393554518 2.38224895549149e-21 0.000237361542147596 -2.26325852636933e-06 1.74667489910433e-15 115200 0.414423893260158 0.548476548836264 0.0370995579035786 0.5 1 2 0.333333333333333 0.333333333333333 0.333333333333333 83 1 -233.694562214908 -5.32132502517851 -118.773468163218 -5.06417602089461 24770.7635599171 24770.7635599171 24770.7635599171
"V185" "RearDump" 86 0.858057646795997 18.8371817161563 2.27280454668797 0.500669454656383 2.38230003049377e-21 0.000216275725261283 -2.06219784715245e-06 -1.45754253189968e-16 0 0.414423704336016 0.5484767370178 0.0370995586461839 0.5 1 2 0.333333333333333 0.333333333333333 0.333333333333333 81 1 -233.694537553878 -5.32127452393603 -118.773500346384 -5.06417619913298 27185.8824273294 27185.8824273294 27185.8824273294
"V186" "RearDump" 87 0.858058070478472 18.8371740466067 2.27280668516433 0.500669510046391 2.38234656789379e-21 0.000197062965728634 -1.87899867931662e-06 -3.9253506832311e-15 85440 0.414423532760996 0.548476907919887 0.0370995593191171 0.5 1 2 0.333333333333333 0.333333333333333 0.333333333333333 78 1 -233.694515119749 -5.32122860862881 -118.773529588584 -5.06417636098017 29836.4724028334 29836.4724028334 29836.4724028334
"V187" "RearDump" 88 0.858058456495826 18.8371670584256 2.27280863315341 0.500669560475464 2.38238897166826e-21 0.00017955689181548 -1.71207429211506e-06 4.53456917790662e-15 335296 0.414423376508309 0.548477063559948 0.0370995599317429 0.5 1 2 0.333333333333333 0.333333333333333 0.333333333333333 75 1 -233.694494683661 -5.3211867863554 -118.773556221398 -5.06417650837127 32745.4916287773 32745.4916287773 32745.4916287773
"V188" "RearDump" 89 0.858058808441851 18.8371606908421 2.27281041200733 0.500669606725989 2.38242761035542e-21 0.000163605907541609 -1.55997888562354e-06 2.37338631820655e-16 -417792 0.414423233535443 0.548477205970682 0.0370995604938742 0.5 1 2 0.333333333333333 0.333333333333333 0.333333333333333 73 1 -233.694476024569 -5.32114857352109 -118.773580575304 -5.06417664326281 35938.1366380463 35938.1366380463 35938.1366380463
"V189" "RearDump" 90 0.858059128919559 18.8371548891336 2.27281202919105 0.50066964858639 2.3824628158446e-21 0.000149071879700813 -1.42139512249173e-06 1.79835364976573e-15 -312448 0.414423103824849 0.548477335172753 0.0370995610023978 0.5 1 2 0.333333333333333 0.333333333333333 0.333333333333333 70 1 -233.694459058916 -5.32111385416227 -118.773602684444 -5.06417676561801 39442.0605943766 39442.0605943766 39442.0605943766
"V190" "RearDump" 91 0.858059420890991 18.8371496028683 2.27281350204405 0.500669686676305 2.38249489401367e-21 0.000135828944436867 -1.29512268465248e-06 2.75363634888795e-16 -356608 0.414422985740438 0.548477452794491 0.0370995614650705 0.5 1 2 0.333333333333333 0.333333333333333 0.333333333333333 67 1 -233.694443606996 -5.32108223729082 -118.773622814551 -5.06417687700242 43287.6128108306 43287.6128108306 43287.6128108306
"V191" "RearDump" 92 0.858059687140926 18.8371447860116 2.27281484789774 0.500669721678449 2.38252412408511e-21 0.000123762416880169 -1.18006786919977e-06 3.36741124554499e-16 138880 0.414422877555909 0.548477560553591 0.0370995618905001 0.5 1 2 0.333333333333333 0.333333333333333 0.333333333333333 65 1 -233.694429490007 -5.3210533251662 -118.773641241861 -5.06417697907483 47508.101621028 47508.101621028 47508.101621028
"V192" "RearDump" 93 0.858059929534984 18.8371403972677 2.27281607054975 0.500669753290147 2.38255075656058e-21 0.000112767797656232 -1.07523415771027e-06 1.88382456809961e-15 7936 0.414422779542394 0.548477658183134 0.0370995622744719 0.5 1 2 0.333333333333333 0.333333333333333 0.333333333333333 62 1 -233.69441666292 -5.32102708015159 -118.773657951015 -5.06417707152704 52140.0828799969 52140.0828799969 52140.0828799969
"V193" "RearDump" 94 0.858060150586276 18.8371363982237 2.27281718797882 0.50066978235495 2.38257502445291e-21 0.000102749870023899 -9.79713540516514e-07 1.53343731924837e-15 -188032 0.414422689714803 0.548477747657456 0.0370995626277407 0.5 1 2 0.333333333333333 0.333333333333333 0.333333333333333 60 1 -233.694404942007 -5.3210030748386 -118.773673251275 -5.06417715628082 57223.6765935023 57223.6765935023 57223.6765935023
"V194" "RearDump" 95 0.858060351795249 18.837132754642 2.27281820247232 0.500669808554824 2.38259713546825e-21 9.36218738658567e-05 -8.92678670538771e-07 8.88347932168694e-16 615424 0.414422608431333 0.548477828622729 0.0370995629459371 0.5 1 2 0.333333333333333 0.333333333333333 0.333333333333333 57 1 -233.694394298392 -5.32098130141978 -118.773687110614 -5.06417723294893 62802.9144183425 62802.9144183425 62802.9144183425
"V195" "RearDump" 96 0.858060535312229 18.8371294345694 2.27281913009647 0.500669832677972 2.38261728344925e-21 8.53047561300002e-05 -8.13375709896036e-07 -1.96476491895687e-16 -97984 0.414422533868696 0.548477902892168 0.0370995632391358 0.5 1 2 0.333333333333333 0.333333333333333 0.333333333333333 55 1 -233.694384568337 -5.32096137419089 -118.773699811163 -5.06417730329989 68926.121043497 68926.121043497 68926.121043497
"V196" "RearDump" 97 0.858060702556922 18.8371264094135 2.27281997585631 0.500669854699812 2.38263564186578e-21 7.77264851699044e-05 -7.41117778702005e-07 -2.36298962405371e-15 -100736 0.414422465846761 0.548477970646408 0.0370995635068313 0.5 1 2 0.333333333333333 0.333333333333333 0.333333333333333 53 1 -233.694375697339 -5.32094320257172 -118.773711395487 -5.06417736748334 75646.3327554629 75646.3327554629 75646.3327554629
"V197" "RearDump" 98 0.858060854715935 18.8371236532244 2.27282074240208 0.500669874450671 2.38265236816063e-21 7.08214276379238e-05 -6.75279018480524e-07 -2.23851961476235e-15 151808 0.414422404495085 0.548478031758272 0.037099563746643 0.5 1 2 0.333333333333333 0.333333333333333 0.333333333333333 50 1 -233.694367654514 -5.32092675575116 -118.773721859835 -5.06417742534604 83021.7568131975 83021.7568131975 83021.7568131975
"V198" "RearDump" 99 0.858060993520986 18.83712114173 2.27282144376248 0.500669892671353 2.38266760959328e-21 6.45297806087797e-05 -6.15289177829936e-07 -1.31146502976121e-15 127872 0.414422348146145 0.548478087885779 0.0370995639680767 0.5 1 2 0.333333333333333 0.333333333333333 0.333333333333333 48 1 -233.69436029757 -5.32091169118774 -118.773731459379 -5.06417747851012 91116.275611549 91116.275611549 91116.275611549
"V199" "RearDump" 100 0.858061120024849 18.8371188533213 2.2728220833449 0.50066990931405 2.38268149727732e-21 5.87970529863924e-05 -5.60628656387507e-07 2.31100170636656e-15 131584 0.414422296721931 0.5484781391077 0.0370995641703693 0.5 1 2 0.333333333333333 0.333333333333333 0.333333333333333 46 1 -233.694353589002 -5.32089795061928 -118.77374021788 -5.06417752703149 1e+05 1e+05 1e+05
