"data_Name" "Iter" "beta1" "beta3" "lambda1" "lambda2" "lambda3" "diffBeta1" "diffBeta3" "diffLambda1" "diffLambda3" "pi1" "pi2" "pi3" "init_beta1" "init_beta2" "init_beta3" "init_pi1" "init_pi2" "init_pi3" "EM_endIter" "tempering" "Qlike" "Q1" "Q2" "Q3" "bpBase" "bp1" "bp3"
"Aarest_data" 1 0.995309896751383 78.6353716298924 1.04594611589656 0.0256914854622315 2.19067840675777e-152 2.12210210493223 -0.000128807266442266 4.44089209850063e-15 -9.30353567098377e+136 0.126630268208311 0.617847732462242 0.255521999329446 0.1 1 5 0.333333333333333 0.333333333333333 0.333333333333333 96 1 -216.921050577467 -6.06410085588623 -144.007815006076 -21.4577638868894 100 100 100
"Aarest_data" 2 0.995816869573626 78.6281883975768 1.04595319725713 0.0256913677142433 2.26179361500004e-152 2.11916786316317 -0.000114676782231982 -1.77635683940025e-15 -9.30353567098377e+136 0.126635921251536 0.617839120015462 0.255524958733002 0.1 1 5 0.333333333333333 0.333333333333333 0.333333333333333 19 1 -216.918904122229 -6.06248276117755 -144.005949201716 -21.4585226977251 112.332403297803 112.332403297803 112.332403297803
"Aarest_data" 3 0.996269795235236 78.6217937188539 1.04595936722661 0.0256912625061608 2.32704206961342e-152 2.1165478979743 -0.000102095411655512 1.77635683940025e-15 0 0.126640962894941 0.617831443728437 0.255527593376622 0.1 1 5 0.333333333333333 0.333333333333333 0.333333333333333 19 1 -216.916989156033 -6.06103901456971 -144.004286516217 -21.4591983362913 126.185688306602 126.185688306602 126.185688306602
"Aarest_data" 4 0.996674283014824 78.6161010351089 1.04596475261691 0.0256911685396444 2.38670970025691e-152 2.11420928988574 -9.08935416248369e-05 0 -9.30353567098377e+136 0.126645458392458 0.617824602723262 0.25552993888428 0.1 1 5 0.333333333333333 0.333333333333333 0.333333333333333 19 1 -216.915281105056 -6.05975114051873 -144.002804999003 -21.4597999056603 141.747416292681 141.747416292681 141.747416292681
"Aarest_data" 5 0.997035390837948 78.611033287192 1.04596946109982 0.0256910846433666 2.44111311134541e-152 2.11212241840426 -8.09200854092751e-05 0 0 0.126649466205464 0.617818506818427 0.255532026976109 0.1 1 5 0.333333333333333 0.333333333333333 0.333333333333333 19 1 -216.913757925438 -6.05860255855452 -144.001485039677 -21.4603355155451 159.228279334109 159.228279334109 159.228279334109
"Aarest_data" 6 0.997357673203633 78.6065218738755 1.04597358426127 0.0256910097619166 2.49058663375146e-152 2.11026066154278 -7.2040468353407e-05 1.77635683940025e-15 0 0.126653038679626 0.617813075425764 0.255533885894609 0.1 1 5 0.333333333333333 0.333333333333333 0.333333333333333 19 1 -216.912399858658 -6.05757840201918 -144.000309124314 -21.4608123899083 178.864952905744 178.864952905744 178.864952905744
"Aarest_data" 7 0.997645226276057 78.6025057242423 1.0459772001562 0.0256909429454143 2.53547192127392e-152 2.1086001163936 -6.41348306800182e-05 -8.88178419700125e-16 -9.30353567098377e+136 0.126656222660087 0.617808236554999 0.255535540784913 0.1 1 5 0.333333333333333 0.333333333333333 0.333333333333333 18 1 -216.911189207228 -6.0566653513335 -143.999261615964 -21.4612369631177 200.923300256505 200.923300256505 200.923300256505
"Aarest_data" 8 0.997901730013982 78.5989304695667 1.04598037561795 0.0256908833406905 2.57610982025254e-152 2.10711934076556 -5.70964242783134e-05 -1.77635683940025e-15 0 0.126659060030419 0.617803925933509 0.255537014036072 0.1 1 5 0.333333333333333 0.333333333333333 0.333333333333333 18 1 -216.910110129781 -6.05585147924024 -143.99832856012 -21.4616149663662 225.701971963392 225.701971963392 225.701971963392
"Aarest_data" 9 0.998130487133375 78.5957477102467 1.0459831678058 0.0256908301812166 2.61283412706723e-152 2.10579911580649 -5.08301830492996e-05 8.88178419700125e-16 0 0.126661588242617 0.617800086177393 0.25553832557999 0.1 1 5 0.333333333333333 0.333333333333333 0.333333333333333 18 1 -216.909148454895 -6.0551261144725 -143.997497503641 -21.4619515035687 253.536449397011 253.536449397011 253.536449397011
"Aarest_data" 10 0.998334459315523 78.5929143590757 1.04598562586027 0.0256907827795849 2.64596702852164e-152 2.10462222737327 -4.52514480571153e-05 -8.88178419700125e-16 0 0.126663840757133 0.617796666080174 0.255539493162694 0.1 1 5 0.333333333333333 0.333333333333333 0.333333333333333 18 1 -216.908291511091 -6.05447971267457 -143.996757338024 -21.4622511202145 284.80358684358 284.80358684358 284.80358684358
"Aarest_data" 11 0.998516300153243 78.5903920585636 1.04598779209783 0.025690740519776 2.67581586936074e-152 2.10357326803457 -4.0284831243298e-05 1.77635683940025e-15 0 0.126665847458164 0.61779361995841 0.255540532583427 0.1 1 5 0.333333333333333 0.333333333333333 0.333333333333333 18 1 -216.907527974161 -6.05390374255152 -143.996098156189 -21.462517864195 319.926713779738 319.926713779738 319.926713779738
"Aarest_data" 12 0.998678385693457 78.5881466618265 1.04598970304758 0.0256907028500759 2.7026710216506e-152 2.10263845458982 -3.58632023491623e-05 -8.88178419700125e-16 -9.30353567098377e+136 0.126667635028187 0.61779090706375 0.255541457908063 0.1 1 5 0.333333333333333 0.333333333333333 0.333333333333333 18 1 -216.906847727444 -6.05339058118212 -143.995511123972 -21.4627553401327 359.381366380463 359.381366380463 359.381366380463
"Aarest_data" 13 0.998822842048037 78.5861477704172 1.04599139031482 0.0256906692767317 2.72680462908145e-152 2.10180546379384 -3.19267862494144e-05 -1.77635683940025e-15 -9.30353567098377e+136 0.126669227282482 0.617788491058346 0.255542281659172 0.1 1 5 0.333333333333333 0.333333333333333 0.333333333333333 18 1 -216.906241736837 -6.05293342025179 -143.994988365487 -21.4629667578024 403.701725859656 403.701725859656 403.701725859656
"Aarest_data" 14 0.998951570660464 78.5843683233004 1.0459928812713 0.0256906393579257 2.74847002995543e-152 2.10106328260805 -2.842235862488e-05 -3.5527136788005e-15 1.86070713419675e+137 0.126670645475514 0.617786339539748 0.255543014984738 0.1 1 5 0.333333333333333 0.333333333333333 0.333333333333333 17 1 -216.905701937459 -6.05252618141372 -143.994522859644 -21.4631549751901 453.487850812858 453.487850812858 453.487850812858
"Aarest_data" 15 0.99906627115026 78.5827842288612 1.04599419980616 0.0256906126992254 2.76790172958975e-152 2.10040207341344 -2.53025290390951e-05 8.88178419700125e-16 0 0.126671908555916 0.617784423633087 0.255543667810997 0.1 1 5 0.333333333333333 0.333333333333333 0.333333333333333 17 1 -216.90522113209 -6.05216343834416 -143.994108350571 -21.4633225374382 509.413801481638 509.413801481638 509.413801481638
"Aarest_data" 16 0.999168462138266 78.5813740414248 1.04599536661812 0.025690588947628 2.78531571097051e-152 2.09981305120039 -2.25251024517092e-05 1.77635683940025e-15 9.30353567098377e+136 0.126673033435656 0.617782717591035 0.25554424897331 0.1 1 5 0.333333333333333 0.333333333333333 0.333333333333333 17 1 -216.904792899134 -6.05184035016353 -143.993739261535 -21.4634717103554 572.236765935022 572.236765935022 572.236765935022
"Aarest_data" 17 0.999259499870831 78.5801186692034 1.04599639979807 0.0256905677880423 2.80091008125734e-152 2.09928837431904 -2.0052510478763e-05 -1.77635683940025e-15 9.30353567098377e+136 0.126674035190438 0.617781198471611 0.255544766337951 0.1 1 5 0.333333333333333 0.333333333333333 0.333333333333333 17 1 -216.904411510927 -6.05155259825742 -143.993410624082 -21.4636045114648 642.807311728433 642.807311728433 642.807311728433
"Aarest_data" 18 0.999340595249648 78.5790011162435 1.04599731515702 0.0256905489391137 2.81486588828618e-152 2.09882104467164 -1.78513045057116e-05 1.77635683940025e-15 -9.30353567098377e+136 0.126674927261186 0.617779845830961 0.255545226907853 0.1 1 5 0.333333333333333 0.333333333333333 0.333333333333333 17 1 -216.904071859416 -6.05129633084422 -143.99311801145 -21.4637227370831 722.080901838547 722.080901838547 722.080901838547
"Aarest_data" 19 0.999412829014697 78.5780062524136 1.04599812653581 0.0256905321497212 2.82734806823886e-152 2.09840481892485 -1.58917043364681e-05 4.44089209850063e-15 -1.86070713419675e+137 0.12667572162883 0.617778641453789 0.255545636917381 0.1 1 5 0.333333333333333 0.333333333333333 0.333333333333333 17 1 -216.903769390225 -6.05106811336515 -143.992857479953 -21.4638279865296 811.130830789687 811.130830789687 811.130830789687
"Aarest_data" 20 0.999477165507655 78.5771206085838 1.04599884606982 0.0256905171957703 2.83850646781773e-152 2.0980341281735 -1.41471964596462e-05 -4.44089209850063e-15 9.30353567098377e+136 0.126676428971845 0.61777756911154 0.255546001916615 0.1 1 5 0.333333333333333 0.333333333333333 0.333333333333333 17 1 -216.90350004314 -6.05086488370207 -143.992625516476 -21.463921683727 911.16275611549 911.16275611549 911.16275611549
"Aarest_data" 21 0.999534464859219 78.5763321942472 1.04599948441285 0.0256905038774015 2.84847689967521e-152 2.09770400690216 -1.25941756934367e-05 1.77635683940025e-15 9.30353567098377e+136 0.126677058805168 0.617776614348347 0.255546326846485 0.1 1 5 0.333333333333333 0.333333333333333 0.333333333333333 17 1 -216.90326019962 -6.05068391264763 -143.992418991941 -21.4640050964115 1023.53102189903 1023.53102189903 1023.53102189903
"Aarest_data" 22 0.999585494335364 78.5756303356471 1.04600005090456 0.0256904920161391 2.85738219351872e-152 2.09741002693924 -1.12116266066664e-05 -1.77635683940025e-15 0 0.126677619612006 0.61777576428291 0.255546616105084 0.1 1 5 0.333333333333333 0.333333333333333 0.333333333333333 16 1 -216.903046634071 -6.05052276757422 -143.992235118554 -21.4640793531311 1149.75699539774 1149.75699539774 1149.75699539774
"Aarest_data" 23 0.9996309379515 78.5750055296191 1.04600055385007 0.02569048145334 2.86533325327649e-152 2.09714824165974 -9.98083954328877e-06 -8.88178419700125e-16 -1.86070713419675e+137 0.126678118939562 0.617775007451222 0.255546873609216 0.1 1 5 0.333333333333333 0.333333333333333 0.333333333333333 16 1 -216.902856472745 -6.05037928008684 -143.992071415023 -21.4641454589644 1291.54966501488 1291.54966501488 1291.54966501488
"Aarest_data" 24 0.999671405562811 78.5744493174698 1.04600100048313 0.0256904720471043 2.87243002452033e-152 2.09691513304369 -8.88515764074782e-06 1.77635683940025e-15 9.30353567098377e+136 0.126678563521521 0.617774333634186 0.255547102844293 0.1 1 5 0.333333333333333 0.333333333333333 0.333333333333333 16 1 -216.902687154888 -6.05025151886251 -143.991925670082 -21.4642043083836 1450.82877849594 1450.82877849594 1450.82877849594
"Aarest_data" 25 0.999707440763617 78.5739541686869 1.04600139721282 0.025690463671096 2.8787624687111e-152 2.09670756595973 -7.90975183662113e-06 -5.32907051820075e-15 0 0.126678959352978 0.617773733733406 0.255547306913616 0.1 1 5 0.333333333333333 0.333333333333333 0.333333333333333 16 1 -216.902536399112 -6.05013776288498 -143.991795914968 -21.4642566978201 1629.75083462065 1629.75083462065 1629.75083462065
"Aarest_data" 26 0.99973952802064 78.5735133795207 1.04600174969769 0.0256904562127202 2.88441145372316e-152 2.09652274678851 -7.04142041740852e-06 -8.88178419700125e-16 0 0.12667931177392 0.617773199646234 0.255547488579846 0.1 1 5 0.333333333333333 0.333333333333333 0.333333333333333 16 1 -216.902402173098 -6.05003647896476 -143.991680396486 -21.4643033363197 1830.73828029537 1830.73828029537 1830.73828029537
"Aarest_data" 27 0.99976809908493 78.5731209821527 1.04600206293817 0.0256904495716243 2.88944959364141e-152 2.09635818628509 -6.26841040940462e-06 8.88178419700125e-16 -9.30353567098377e+136 0.126679625540891 0.617772724156743 0.255547650302366 0.1 1 5 0.333333333333333 0.333333333333333 0.333333333333333 16 1 -216.90228266638 -6.04994630124046 -143.991577553396 -21.4643448551163 2056.51230834865 2056.51230834865 2056.51230834865
"Aarest_data" 28 0.999793538638444 78.5727716639236 1.04600234135597 0.0256904436584001 2.89394202740233e-152 2.0962116668932 -5.58025862318345e-06 1.77635683940025e-15 -9.30353567098377e+136 0.12667990488999 0.617772300839415 0.255547794270595 0.1 1 5 0.333333333333333 0.333333333333333 0.333333333333333 16 1 -216.902176266444 -6.04986601315103 -143.991485995529 -21.4643818161743 2310.12970008316 2310.12970008316 2310.12970008316
"Aarest_data" 29 0.999816189367067 78.5724606958515 1.04600258883706 0.0256904383932709 2.89794713225319e-152 2.09608121337359 -4.96765031954283e-06 -3.5527136788005e-15 1.86070713419675e+137 0.126680153596287 0.617771923970621 0.255547922433092 0.1 1 5 0.333333333333333 0.333333333333333 0.333333333333333 15 1 -216.902081537257 -6.04979453156182 -143.991404484734 -21.464414719657 2595.02421139974 2595.02421139974 2595.02421139974
"Aarest_data" 30 0.99983635663239 78.5721838668677 1.04600280890232 0.0256904337055441 2.90151720692845e-152 2.0959650658934 -4.42229304553621e-06 0 -1.86070713419675e+137 0.12668037501369 0.617771588460272 0.255548036526038 0.1 1 5 0.333333333333333 0.333333333333333 0.333333333333333 15 1 -216.901997199583 -6.04973089065818 -143.991331919602 -21.4644440112063 2915.05306282518 2915.05306282518 2915.05306282518
"Aarest_data" 31 0.999854312400343 78.5719374294605 1.04600300459155 0.0256904295318547 2.90469904231056e-152 2.09586165716684 -3.93680448951272e-06 1.77635683940025e-15 1.86070713419675e+137 0.126680572137167 0.617771289769333 0.2555481380935 0.1 1 5 0.333333333333333 0.333333333333333 0.333333333333333 15 1 -216.90192211434 -6.04967423134859 -143.991267318354 -21.46447008718 3274.54916287773 3274.54916287773 3274.54916287773
"Aarest_data" 32 0.999870298925918 78.5717180470884 1.04600317862564 0.0256904258158955 2.90753449666846e-152 2.09576959127421 -3.50461264275737e-06 2.66453525910038e-15 0 0.126680747630818 0.617771023858639 0.255548228510543 0.1 1 5 0.333333333333333 0.333333333333333 0.333333333333333 15 1 -216.901855267127 -6.049623788249 -143.991209807236 -21.464493300563 3678.37977182863 3678.37977182863 3678.37977182863
"Aarest_data" 33 0.999884531984985 78.5715227495408 1.04600333341756 0.0256904225075121 2.91006099021109e-152 2.09568762497182 -3.11986691059474e-06 -2.66453525910038e-15 9.30353567098377e+136 0.126680903866955 0.617770787131762 0.255548309001283 0.1 1 5 0.333333333333333 0.333333333333333 0.333333333333333 15 1 -216.901795754599 -6.04957887975764 -143.991158608289 -21.4645139655925 4132.01240011534 4132.01240011534 4132.01240011534
"Aarest_data" 34 0.99989720377681 78.5713488926845 1.04600347110829 0.0256904195620236 2.91231196032937e-152 2.09561465093607 -2.77735880871433e-06 -8.88178419700125e-16 0 0.126681042958213 0.617770576386334 0.255548380655453 0.1 1 5 0.333333333333333 0.333333333333333 0.333333333333333 15 1 -216.90174277224 -6.04953889884576 -143.991113028823 -21.4645323620097 4641.58883361278 4641.58883361278 4641.58883361278
"Aarest_data" 35 0.999908485360943 78.571194122649 1.04600359359676 0.0256904169396901 2.91431727326856e-152 2.09554968369759 -2.47245164786136e-06 -4.44089209850063e-15 9.30353567098377e+136 0.126681166784485 0.617770388772358 0.255548444443156 0.1 1 5 0.333333333333333 0.333333333333333 0.333333333333333 15 1 -216.901695604159 -6.04950330532823 -143.991072452336 -21.4645487388552 5214.00828799969 5214.00828799969 5214.00828799969
"Aarest_data" 36 0.999918529220745 78.5710563444367 1.04600370254595 0.0256904146049201 2.91610358949034e-152 2.0954918448311 -2.20101765080472e-06 0 0 0.126681277023938 0.617770221748592 0.25554850122747 0.1 1 5 0.333333333333333 0.333333333333333 0.333333333333333 14 1 -216.901653612266 -6.04947161802081 -143.991036329303 -21.4645633177084 5857.02081805666 5857.02081805666 5857.02081805666
"Aarest_data" 37 0.999927471052198 78.5709336917308 1.04600379950496 0.0256904125264529 2.91769472233065e-152 2.09544035272489 -1.95938221025926e-06 0 0 0.126681375161609 0.617770073060094 0.255548551778297 0.1 1 5 0.333333333333333 0.333333333333333 0.333333333333333 14 1 -216.901616228831 -6.04944340793057 -143.991004171726 -21.4645762961988 6579.33224657568 6579.33224657568 6579.33224657568
"Aarest_data" 38 0.999935431708765 78.5708245044499 1.04600388577681 0.0256904106760515 2.91911190310612e-152 2.09539451122481 -1.7442740727347e-06 -3.5527136788005e-15 9.30353567098377e+136 0.126681462528059 0.617769940692501 0.25554859677944 0.1 1 5 0.333333333333333 0.333333333333333 0.333333333333333 14 1 -216.901582948242 -6.04941829385964 -143.990975544043 -21.464587849882 7390.72203352578 7390.72203352578 7390.72203352578
"Aarest_data" 39 0.999942518802679 78.5707273042573 1.04600396254359 0.0256904090287032 2.92037407830784e-152 2.09535370049683 -1.55278105040679e-06 1.77635683940025e-15 0 0.126681540305202 0.61776982285463 0.255548636840167 0.1 1 5 0.333333333333333 0.333333333333333 0.333333333333333 14 1 -216.901553320349 -6.04939593612898 -143.990950058837 -21.4645981351782 8302.17568131974 8302.17568131974 8302.17568131974
"Aarest_data" 40 0.999948828146477 78.570640775173 1.0460040308557 0.0256904075621396 2.92149814494908e-152 2.09531736869114 -1.38231063573357e-06 -3.5527136788005e-15 -9.30353567098377e+136 0.126681609545244 0.617769717951897 0.255548672502859 0.1 1 5 0.333333333333333 0.333333333333333 0.333333333333333 14 1 -216.901526944387 -6.04937603232971 -143.990927371212 -21.464607291329 9326.0334688322 9326.0334688322 9326.0334688322
"Aarest_data" 41 0.999954445101284 78.57056374568 1.04600409164734 0.0256904062565087 2.92249916999946e-152 2.09528502417009 -1.23055500012015e-06 8.88178419700125e-16 9.30353567098377e+136 0.126681671185516 0.61776962456414 0.255548704250344 0.1 1 5 0.333333333333333 0.333333333333333 0.333333333333333 14 1 -216.901503463329 -6.04935831305962 -143.990907174024 -21.4646154422891 10476.1575278967 10476.1575278967 10476.1575278967
"Aarest_data" 42 0.999959445580679 78.5704951728487 1.046004145748 0.0256904050941777 2.92339058636281e-152 2.09525622972118 -1.09545960214064e-06 -2.66453525910038e-15 0 0.126681726059539 0.617769541428014 0.255548732512447 0.1 1 5 0.333333333333333 0.333333333333333 0.333333333333333 14 1 -216.901482559704 -6.04934253874841 -143.990889194011 -21.4646226984129 11768.11952435 11768.11952435 11768.11952435
"Aarest_data" 43 0.999963897242688 78.5704341282659 1.04600419389595 0.0256904040594151 2.92418436759565e-152 2.09523059568819 -9.75195433738918e-07 2.66453525910038e-15 0 0.126681774910128 0.61776946741806 0.255548757671813 0.1 1 5 0.333333333333333 0.333333333333333 0.333333333333333 14 1 -216.901463950568 -6.04932849589108 -143.990873187762 -21.464629157937 13219.4114846603 13219.4114846603 13219.4114846603
"Aarest_data" 44 0.999967860303033 78.5703797858495 1.04600423672731 0.0256904031381156 2.92489117985585e-152 2.09520777526599 -8.68134300446854e-07 4.44089209850063e-15 -9.30353567098377e+136 0.126681818400578 0.617769401530839 0.255548780068583 0.1 1 5 0.333333333333333 0.333333333333333 0.333333333333333 13 1 -216.901447384112 -6.04931599470598 -143.990858938355 -21.4646349081977 14849.6826225447 14849.6826225447 14849.6826225447
"Aarest_data" 45 0.999971388375253 78.570331409018 1.04600427486816 0.0256904023180482 2.92552054364352e-152 2.09518745973466 -7.72826723505204e-07 1.77635683940025e-15 -9.30353567098377e+136 0.126681857114722 0.617769342878261 0.255548800007017 0.1 1 5 0.333333333333333 0.333333333333333 0.333333333333333 13 1 -216.90143263617 -6.04930486554172 -143.990846253497 -21.4646400272868 16681.0053720006 16681.0053720006 16681.0053720006
"Aarest_data" 46 0.999974529190823 78.5702883432268 1.04600430881505 0.0256904015879965 2.92608092679729e-152 2.09516937419469 -6.87982392832964e-07 0 -9.30353567098377e+136 0.12668189157901 0.617769290664467 0.255548817756523 0.1 1 5 0.333333333333333 0.333333333333333 0.333333333333333 13 1 -216.901419507155 -6.04929495805112 -143.990834961174 -21.4646445843867 18738.1742286039 18738.1742286039 18738.1742286039
"Aarest_data" 47 0.999977325284832 78.5702500054188 1.04600433903016 0.0256904009380641 2.9265798785282e-152 2.09515327369621 -6.1245260241094e-07 8.88178419700125e-16 9.30353567098377e+136 0.126681922260321 0.617769244182279 0.255548833557401 0.1 1 5 0.333333333333333 0.333333333333333 0.333333333333333 13 1 -216.901407819219 -6.04928613803108 -143.990824908454 -21.4646486411882 21049.0414451202 21049.0414451202 21049.0414451202
"Aarest_data" 48 0.999979814428857 78.5702158765166 1.04600436592361 0.0256904003594873 2.92702412455999e-152 2.0951389407242 -5.45214810188099e-07 2.66453525910038e-15 9.30353567098377e+136 0.126681949573229 0.617769202803187 0.255548847623583 0.1 1 5 0.333333333333333 0.333333333333333 0.333333333333333 13 1 -216.901397414442 -6.04927828631162 -143.99081595938 -21.4646522526158 23644.8941264541 23644.8941264541 23644.8941264541
"Aarest_data" 49 0.999982030351256 78.5701854944516 1.04600438986138 0.0256903998444158 2.92741965583436e-152 2.09512618104979 -4.85358640389677e-07 1.77635683940025e-15 0 0.126681973887919 0.617769165966561 0.25554886014552 0.1 1 5 0.333333333333333 0.333333333333333 0.333333333333333 13 1 -216.901388151813 -6.04927129648221 -143.990807992718 -21.4646554675693 26560.8778294668 26560.8778294668 26560.8778294668
"Aarest_data" 50 0.999984003029221 78.5701584478838 1.04600441116853 0.0256903993858841 2.92777180864744e-152 2.09511482204751 -4.32073733236393e-07 1.77635683940025e-15 9.30353567098377e+136 0.126681995533389 0.617769133173879 0.255548871292732 0.1 1 5 0.333333333333333 0.333333333333333 0.333333333333333 13 1 -216.901379906004 -6.04926507396936 -143.990800900646 -21.4646583295685 29836.4724028334 29836.4724028334 29836.4724028334
"Aarest_data" 51 0.999985759158816 78.570134371016 1.04600443011576 0.0256903989775844 2.92808533088981e-152 2.09510470997104 -3.84638674688631e-07 0 1.86070713419675e+137 0.126682014804687 0.617769103979662 0.255548881215651 0.1 1 5 0.333333333333333 0.333333333333333 0.333333333333333 12 1 -216.901372565401 -6.04925953476425 -143.990794586915 -21.4646608772498 33516.0265093885 33516.0265093885 33516.0265093885
"Aarest_data" 52 0.999987322508023 78.5701129370271 1.04600444699981 0.0256903986142103 2.92836446655355e-152 2.09509570798921 -3.42411240694673e-07 8.88178419700125e-16 9.30353567098377e+136 0.126682031958296 0.617769077992018 0.255548890049686 0.1 1 5 0.333333333333333 0.333333333333333 0.333333333333333 12 1 -216.901366030658 -6.04925460343987 -143.990788966563 -21.4646631453534 37649.3580679247 37649.3580679247 37649.3580679247
"Aarest_data" 53 0.999988714234782 78.57009385615 1.04600446202888 0.0256903982907284 2.9286129799396e-152 2.09508769424696 -3.04819700147618e-07 -8.88178419700125e-16 -9.30353567098377e+136 0.12668204722872 0.617769054857398 0.255548897913882 0.1 1 5 0.333333333333333 0.333333333333333 0.333333333333333 12 1 -216.901360213315 -6.04925021348709 -143.990783963235 -21.4646651644559 42292.428743895 42292.428743895 42292.428743895
"Aarest_data" 54 0.99998995321188 78.5700768700871 1.04600447540727 0.0256903980027432 2.92883422776423e-152 2.09508056006783 -2.71355176550969e-07 -3.5527136788005e-15 1.86070713419675e+137 0.126682060823066 0.617769034262227 0.255548904914706 0.1 1 5 0.333333333333333 0.333333333333333 0.333333333333333 12 1 -216.901355034475 -6.04924630536943 -143.990779509128 -21.4646669618898 47508.101621028 47508.101621028 47508.101621028
"Aarest_data" 55 0.999991056179187 78.5700617488243 1.04600448731612 0.0256903977463714 2.92903120015346e-152 2.09507420905803 -2.41564528380422e-07 8.88178419700125e-16 9.30353567098377e+136 0.126682072925028 0.617769015928027 0.255548911146945 0.1 1 5 0.333333333333333 0.333333333333333 0.333333333333333 12 1 -216.901350424162 -6.04924282627963 -143.990775544003 -21.4646685619956 53366.9923120631 53366.9923120631 53366.9923120631
"Aarest_data" 56 0.999992038050557 78.5700482876595 1.04600449791675 0.0256903975181504 2.92920655894141e-152 2.09506855533906 -2.15044430262878e-07 2.66453525910038e-15 9.30353567098377e+136 0.126682083698262 0.61776899960676 0.255548916694978 0.1 1 5 0.333333333333333 0.333333333333333 0.333333333333333 12 1 -216.901346320033 -6.04923972917133 -143.990772014209 -21.464669986431 59948.4250318941 59948.4250318941 59948.4250318941
"Aarest_data" 57 0.999992912108997 78.5700363043219 1.04600450735281 0.0256903973149951 2.92936267488647e-152 2.09506352242372 -1.91435830743103e-07 -8.88178419700125e-16 9.30353567098377e+136 0.126682093288524 0.617768985077549 0.255548921633926 0.1 1 5 0.333333333333333 0.333333333333333 0.333333333333333 12 1 -216.901342666566 -6.04923697214325 -143.990768871973 -21.464671254489 67341.5065775083 67341.5065775083 67341.5065775083
"Aarest_data" 58 0.999993690230229 78.5700256365553 1.04600451575271 0.0256903971341342 2.92950165889918e-152 2.09505904192864 -1.70419063749705e-07 -1.77635683940025e-15 -9.30353567098377e+136 0.126682101826128 0.617768972143219 0.255548926030654 0.1 1 5 0.333333333333333 0.333333333333333 0.333333333333333 12 1 -216.901339414109 -6.0492345177337 -143.99076607467 -21.4646723833345 75646.3327554629 75646.3327554629 75646.3327554629
"Aarest_data" 59 0.999994382929026 78.5700161403451 1.04600452321476 0.0256903969730404 2.92962538494173e-152 2.09505505329334 -1.51709627971286e-07 -5.32907051820075e-15 0 0.126682109428149 0.61776896062764 0.255548929944211 0.1 1 5 0.333333333333333 0.333333333333333 0.333333333333333 11 1 -216.901336518715 -6.04923233294847 -143.990763584286 -21.464673388137 84975.3435908645 84975.3435908645 84975.3435908645
"Aarest_data" 60 0.9999949995953 78.5700076863006 1.0460045298728 0.0256903968297134 2.9297355370168e-152 2.09505150247829 -1.35054243344257e-07 0 9.30353567098377e+136 0.126682116194036 0.617768950377373 0.25554893342859 0.1 1 5 0.333333333333333 0.333333333333333 0.333333333333333 11 1 -216.901333941129 -6.04923038780071 -143.990761367461 -21.4646742827385 95454.8456661836 95454.8456661836 95454.8456661836
"Aarest_data" 61 0.999995548541371 78.5700001603665 1.04600453579945 0.0256903967021316 2.9298335997497e-152 2.09504834160388 -1.20227312550014e-07 -3.5527136788005e-15 -9.30353567098377e+136 0.126682122216903 0.617768941252657 0.25554893653044 0.1 1 5 0.333333333333333 0.333333333333333 0.333333333333333 11 1 -216.901331646613 -6.04922865626506 -143.990759394051 -21.4646750791249 107226.722201032 107226.722201032 107226.722201032
"Aarest_data" 62 0.999996037256076 78.5699934606773 1.04600454107565 0.0256903965885404 2.92992089929473e-152 2.09504552754807 -1.07028192530834e-07 3.5527136788005e-15 -9.30353567098377e+136 0.126682127578919 0.617768933129324 0.255548939291756 0.1 1 5 0.333333333333333 0.333333333333333 0.333333333333333 11 1 -216.901329603857 -6.04922711471881 -143.990757637224 -21.464675788085 120450.354025878 120450.354025878 120450.354025878
"Aarest_data" 63 0.999996472292335 78.5699874965037 1.04600454577218 0.0256903964874319 2.92999861697532e-152 2.0950430225781 -9.52781107343981e-08 -1.77635683940025e-15 -9.30353567098377e+136 0.126682132351985 0.617768925898097 0.255548941749918 0.1 1 5 0.333333333333333 0.333333333333333 0.333333333333333 11 1 -216.901327785474 -6.04922574249142 -143.990756073322 -21.4646764192087 135304.777457981 135304.777457981 135304.777457981
"Aarest_data" 64 0.999996859574391 78.5699821871198 1.04600454995306 0.0256903963974208 2.93006780398545e-152 2.09504079258132 -8.48180050638803e-08 1.77635683940025e-15 0 0.126682136601103 0.617768919460687 0.25554894393821 0.1 1 5 0.333333333333333 0.333333333333333 0.333333333333333 11 1 -216.901326166696 -6.04922452089565 -143.990754681101 -21.4646769810451 151991.108295293 151991.108295293 151991.108295293
"Aarest_data" 65 0.999997204341138 78.5699774606253 1.04600455367488 0.0256903963172907 2.93012939669196e-152 2.09503880739146 -7.55062785628979e-08 -3.5527136788005e-15 -9.30353567098377e+136 0.126682140383753 0.617768913729988 0.25554894588626 0.1 1 5 0.333333333333333 0.333333333333333 0.333333333333333 11 1 -216.901324725627 -6.0492234334061 -143.990753441722 -21.4646774811991 170735.264747069 170735.264747069 170735.264747069
"Aarest_data" 66 0.999997511263371 78.5699732534187 1.04600455697386 0.0256903962458717 2.93018422345051e-152 2.09503704010034 -6.72168383175631e-08 -2.66453525910038e-15 1.86070713419675e+137 0.126682143752753 0.617768908627293 0.255548947619954 0.1 1 5 0.333333333333333 0.333333333333333 0.333333333333333 10 1 -216.90132344274 -6.04922246545052 -143.990752338246 -21.4646779263285 191791.026167249 191791.026167249 191791.026167249
"Aarest_data" 67 0.999997784480853 78.5699695077013 1.04600455992472 0.0256903961823815 2.93023303711974e-152 2.09503546689845 -5.9837425681053e-08 0 -9.30353567098377e+136 0.126682146750214 0.61776890408598 0.255548949163806 0.1 1 5 0.333333333333333 0.333333333333333 0.333333333333333 10 1 -216.901322300738 -6.04922160363104 -143.990751356085 -21.4646783227073 215443.469003189 215443.469003189 215443.469003189
"Aarest_data" 68 0.999998027717029 78.5699661732114 1.04600456255173 0.0256903961258551 2.93027649241381e-152 2.09503406633107 -5.32681951881386e-08 -8.88178419700125e-16 0 0.126682149418747 0.617768900043087 0.255548950538166 0.1 1 5 0.333333333333333 0.333333333333333 0.333333333333333 10 1 -216.901321284052 -6.04922083638299 -143.990750481723 -21.4646786755669 242012.826479438 242012.826479438 242012.826479438
"Aarest_data" 69 0.999998244239548 78.5699632047926 1.0460045648902 0.0256903960755393 2.9303151775866e-152 2.09503281958274 -4.74201584665934e-08 2.66453525910038e-15 0 0.126682151794203 0.617768896444153 0.255548951761644 0.1 1 5 0.333333333333333 0.333333333333333 0.333333333333333 10 1 -216.901320379029 -6.04922015339911 -143.990749703373 -21.4646789896922 271858.824273294 271858.824273294 271858.824273294
"Aarest_data" 70 0.999998436992862 78.5699605622637 1.04600456697193 0.0256903960307466 2.93034961611075e-152 2.09503170969904 -4.2214146844799e-08 -2.66453525910038e-15 0 0.126682153908887 0.617768893240312 0.2555489528508 0.1 1 5 0.333333333333333 0.333333333333333 0.333333333333333 10 1 -216.901319573354 -6.04921954539154 -143.990749010472 -21.4646792693291 305385.550883342 305385.550883342 305385.550883342
"Aarest_data" 71 0.999998608586756 78.569958209849 1.04600456882511 0.0256903959908707 2.93038027408779e-152 2.0950307216526 -3.75796531670858e-08 1.77635683940025e-15 9.30353567098377e+136 0.126682155791432 0.617768890388184 0.255548953820384 0.1 1 5 0.333333333333333 0.333333333333333 0.333333333333333 10 1 -216.901318856122 -6.04921900412803 -143.990748393636 -21.4646795182645 343046.928631492 343046.928631492 343046.928631492
"Aarest_data" 72 0.999998761365234 78.5699561156996 1.04600457047508 0.0256903959553614 2.93040756647703e-152 2.09502984194646 -3.34540004587325e-08 4.44089209850063e-15 1.86070713419675e+137 0.126682157467553 0.617768887848928 0.255548954683519 0.1 1 5 0.333333333333333 0.333333333333333 0.333333333333333 10 1 -216.901318217535 -6.04921852221474 -143.990747844476 -21.4646797398696 385352.859371053 385352.859371053 385352.859371053
"Aarest_data" 73 0.999998897326695 78.5699542518531 1.04600457193019 0.0256903959236926 2.93043185761189e-152 2.09502905906107 -2.97812476901527e-08 -3.5527136788005e-15 0 0.126682158960622 0.617768885587986 0.255548955451393 0.1 1 5 0.333333333333333 0.333333333333333 0.333333333333333 9 1 -216.901317649243 -6.0492180934971 -143.990747355567 -21.4646799370292 432876.128108306 432876.128108306 432876.128108306
"Aarest_data" 74 0.999999018386039 78.5699525922266 1.04600457323899 0.0256903958955679 2.9304534873617e-152 2.09502836199685 -2.6511713713262e-08 -1.77635683940025e-15 9.30353567098377e+136 0.126682160288599 0.617768883575932 0.25554895613547 0.1 1 5 0.333333333333333 0.333333333333333 0.333333333333333 9 1 -216.901317143236 -6.04921771162069 -143.990746920409 -21.4646801126622 486260.158006536 486260.158006536 486260.158006536
"Aarest_data" 75 0.999999126150741 78.5699511147977 1.04600457440408 0.025690395870533 2.93047274268345e-152 2.0950277414838 -2.36011317156226e-08 8.88178419700125e-16 -9.30353567098377e+136 0.126682161470733 0.617768881784823 0.255548956744444 0.1 1 5 0.333333333333333 0.333333333333333 0.333333333333333 9 1 -216.901316692799 -6.04921737168128 -143.990746533035 -21.4646802690123 546227.721768435 546227.721768435 546227.721768435
"Aarest_data" 76 0.999999222086027 78.5699497995713 1.04600457544128 0.025690395848246 2.93048988412656e-152 2.09502718908502 -2.10100736808272e-08 1.77635683940025e-15 0 0.126682162523104 0.617768880190332 0.255548957286564 0.1 1 5 0.333333333333333 0.333333333333333 0.333333333333333 9 1 -216.901316291809 -6.04921706905737 -143.990746188184 -21.464680408199 613590.727341317 613590.727341317 613590.727341317
"Aarest_data" 77 0.999999307488577 78.5699486287324 1.04600457636459 0.025690395828406 2.93050514384066e-152 2.09502669733415 -1.87035027465754e-08 -2.66453525910038e-15 -9.30353567098377e+136 0.126682163459934 0.617768878770898 0.255548957769168 0.1 1 5 0.333333333333333 0.333333333333333 0.333333333333333 9 1 -216.901315934843 -6.04921679965861 -143.990745881194 -21.4646805321071 689261.21043497 689261.21043497 689261.21043497
"Aarest_data" 78 0.999999383502993 78.569947586434 1.04600457718641 0.02569039581075 2.93051872833499e-152 2.09502625964053 -1.66501123999296e-08 -1.77635683940025e-15 -9.30353567098377e+136 0.126682164293779 0.617768877507429 0.255548958198792 0.1 1 5 0.333333333333333 0.333333333333333 0.333333333333333 9 1 -216.901315617118 -6.04921655987436 -143.990745607931 -21.4646806424086 774263.682681128 774263.682681128 774263.682681128
"Aarest_data" 79 0.999999451195936 78.5699466585688 1.04600457791825 0.025690395795021 2.93053082144971e-152 2.09502586986228 -1.482220568505e-08 -1.77635683940025e-15 0 0.126682165036343 0.61776887638241 0.255548958581247 0.1 1 5 0.333333333333333 0.333333333333333 0.333333333333333 9 1 -216.901315334175 -6.04921634633994 -143.990745364621 -21.4646807406011 869749.002617784 869749.002617784 869749.002617784
"Aarest_data" 80 0.999999511447377 78.5699458325692 1.04600457856964 0.0256903957810234 2.93054158696539e-152 2.09502552293246 -1.31949278170396e-08 -8.88178419700125e-16 -9.30353567098377e+136 0.126682165697275 0.617768875381014 0.255548958921711 0.1 1 5 0.333333333333333 0.333333333333333 0.333333333333333 9 1 -216.901315082336 -6.04921615627939 -143.990745148043 -21.4646808280155 977009.957299226 977009.957299226 977009.957299226
"Aarest_data" 81 0.999999565082275 78.5699450976309 1.04600457913849 0.0256903957684961 2.93055116568081e-152 2.09502521408978 -1.17463372362181e-08 0 0 0.126682166286811 0.617768874488861 0.255548959224328 0.1 1 5 0.333333333333333 0.333333333333333 0.333333333333333 8 1 -216.901314858152 -6.04921598721367 -143.99074495516 -21.4646809057187 1097498.76549306 1097498.76549306 1097498.76549306
"Aarest_data" 82 0.999999612820559 78.5699444429978 1.04600457965574 0.0256903957574153 2.93055969777827e-152 2.09502493921235 -1.04567590142324e-08 2.66453525910038e-15 9.30353567098377e+136 0.126682166810356 0.617768873695447 0.255548959494196 0.1 1 5 0.333333333333333 0.333333333333333 0.333333333333333 8 1 -216.901314658615 -6.04921583661255 -143.990744783553 -21.4646809750051 1232846.73944207 1232846.73944207 1232846.73944207
"Aarest_data" 83 0.999999655327537 78.569943860241 1.04600458011636 0.0256903957475466 2.9305672931034e-152 2.09502469445688 -9.30878485405628e-09 0 0 0.126682167276523 0.617768872989042 0.255548959734435 0.1 1 5 0.333333333333333 0.333333333333333 0.333333333333333 8 1 -216.901314480945 -6.04921570251412 -143.990744630768 -21.4646810366827 1384886.37139387 1384886.37139387 1384886.37139387
"Aarest_data" 84 0.999999693168003 78.5699433414535 1.04600458052642 0.0256903957387611 2.93057405470594e-152 2.09502447657125 -8.28681123721253e-09 -3.5527136788005e-15 0 0.126682167691513 0.617768872360191 0.255548959948296 0.1 1 5 0.333333333333333 0.333333333333333 0.333333333333333 8 1 -216.901314322777 -6.04921558313731 -143.990744494757 -21.4646810915899 1555676.14393047 1555676.14393047 1555676.14393047
"Aarest_data" 85 0.999999726848869 78.5699428796194 1.0460045808914 0.0256903957309429 2.93058007402118e-152 2.09502428263661 -7.37707495090945e-09 1.77635683940025e-15 -9.30353567098377e+136 0.126682168060885 0.617768871800431 0.255548960138684 0.1 1 5 0.333333333333333 0.333333333333333 0.333333333333333 8 1 -216.901314182 -6.04921547688293 -143.990744373687 -21.4646811404704 1747528.40000769 1747528.40000769 1747528.40000769
"Aarest_data" 86 0.999999756845944 78.5699424684888 1.04600458121646 0.0256903957239762 2.93058543250279e-152 2.09502410991328 -6.5671628135533e-09 -2.66453525910038e-15 9.30353567098377e+136 0.126682168389858 0.617768871301976 0.255548960308166 0.1 1 5 0.333333333333333 0.333333333333333 0.333333333333333 8 1 -216.901314056616 -6.04921538225004 -143.990744265883 -21.4646811839837 1963040.65004027 1963040.65004027 1963040.65004027
"Aarest_data" 87 0.999999783523713 78.5699421024951 1.04600458150556 0.0256903957177871 2.93059020269937e-152 2.09502395630253 -5.84617509957752e-09 3.5527136788005e-15 0 0.126682168682427 0.617768870858526 0.255548960459046 0.1 1 5 0.333333333333333 0.333333333333333 0.333333333333333 8 1 -216.901313945112 -6.04921529808852 -143.990744169964 -21.4646812227207 2205130.73990305 2205130.73990305 2205130.73990305
"Aarest_data" 88 0.999999807328154 78.5699417770837 1.04600458175305 0.0256903957121866 2.93059444396798e-152 2.09502381922446 -5.20437026807485e-09 -2.66453525910038e-15 0 0.12668216894457 0.617768870462564 0.255548960592866 0.1 1 5 0.333333333333333 0.333333333333333 0.333333333333333 7 1 -216.901313845611 -6.04921522310685 -143.990744084406 -21.4646812570858 2477076.35599171 2477076.35599171 2477076.35599171
"Aarest_data" 89 0.999999828455469 78.5699414870078 1.04600458198308 0.0256903957072949 2.93059822469703e-152 2.09502369757451 -4.63300153796808e-09 -8.88178419700125e-16 -9.30353567098377e+136 0.126682169176158 0.617768870111361 0.25554896071248 0.1 1 5 0.333333333333333 0.333333333333333 0.333333333333333 7 1 -216.901313757306 -6.04921515644386 -143.990744008429 -21.4646812877956 2782559.40220712 2782559.40220712 2782559.40220712
"Aarest_data" 90 0.999999847289086 78.5699412287621 1.04600458218817 0.0256903957029287 2.93060159056971e-152 2.0950235891316 -4.12437373142893e-09 -1.77635683940025e-15 9.30353567098377e+136 0.126682169382599 0.617768869798427 0.255548960818974 0.1 1 5 0.333333333333333 0.333333333333333 0.333333333333333 7 1 -216.901313678584 -6.04921509701765 -143.990743940739 -21.4646813151355 3125715.84968824 3125715.84968824 3125715.84968824
"Aarest_data" 91 0.999999864074844 78.5699409988734 1.04600458237097 0.0256903956990321 2.93060458685014e-152 2.09502349248016 -3.67155905678374e-09 0 9.30353567098377e+136 0.126682169566592 0.617768869519638 0.25554896091377 0.1 1 5 0.333333333333333 0.333333333333333 0.333333333333333 7 1 -216.901313608422 -6.04921504405304 -143.990743880443 -21.4646813394722 3511191.73421514 3511191.73421514 3511191.73421514
"Aarest_data" 92 0.999999879005346 78.5699407942224 1.04600458253359 0.0256903956955696 2.93060725419637e-152 2.09502340651121 -3.26847526821439e-09 8.88178419700125e-16 9.30353567098377e+136 0.126682169730246 0.617768869271591 0.255548960998163 0.1 1 5 0.333333333333333 0.333333333333333 0.333333333333333 7 1 -216.901313546014 -6.04921499694209 -143.990743826791 -21.4646813611387 3944206.05943766 3944206.05943766 3944206.05943766
"Aarest_data" 93 0.999999892287991 78.569940612037 1.04600458267827 0.0256903956924911 2.93060962873589e-152 2.09502333003051 -2.90967250293761e-09 8.88178419700125e-16 9.30353567098377e+136 0.126682169875838 0.617768869050875 0.255548961073287 0.1 1 5 0.333333333333333 0.333333333333333 0.333333333333333 7 1 -216.901313490496 -6.04921495503072 -143.990743779048 -21.4646813804263 4430621.45758389 4430621.45758389 4430621.45758389
"Aarest_data" 94 0.999999904108755 78.5699404498477 1.04600458280701 0.0256903956897526 2.9306117426533e-152 2.09502326196723 -2.59021248893987e-09 -3.5527136788005e-15 -1.86070713419675e+137 0.126682170005406 0.617768868854426 0.255548961140168 0.1 1 5 0.333333333333333 0.333333333333333 0.333333333333333 7 1 -216.901313441088 -6.04921491773213 -143.990743736552 -21.4646813975974 4977023.56433211 4977023.56433211 4977023.56433211
"Aarest_data" 95 0.999999914621796 78.5699403058865 1.04600458291139 0.0256903956872591 2.93061361899131e-152 2.09502320141944 -2.30585328608868e-09 0 9.30353567098377e+136 0.126682170121604 0.617768868679206 0.255548961199191 0.1 1 5 0.333333333333333 0.333333333333333 0.333333333333333 6 1 -216.901313397153 -6.04921488466714 -143.990743698709 -21.4646814127585 5590810.18251223 5590810.18251223 5590810.18251223
"Aarest_data" 96 0.999999923995485 78.5699401773281 1.04600458301433 0.025690395685091 2.93061529457897e-152 2.0950231474476 -2.05271533104678e-09 -3.5527136788005e-15 -9.30353567098377e+136 0.126682170224273 0.617768868523489 0.255548961252238 0.1 1 5 0.333333333333333 0.333333333333333 0.333333333333333 6 1 -216.901313357973 -6.04921485508115 -143.990743665021 -21.4646814263785 6280291.44183426 6280291.44183426 6280291.44183426
"Aarest_data" 97 0.999999932348774 78.5699400628698 1.0460045831063 0.0256903956831582 2.93061678639276e-152 2.09502309935124 -1.82735959697311e-09 -2.66453525910038e-15 1.86070713419675e+137 0.12668217031574 0.617768868384791 0.25554896129947 0.1 1 5 0.333333333333333 0.333333333333333 0.333333333333333 6 1 -216.901313323055 -6.04921482871312 -143.990743635017 -21.4646814385017 7054802.31071865 7054802.31071865 7054802.31071865
"Aarest_data" 98 0.999999939762453 78.5699399609793 1.04600458318799 0.0256903956814486 2.93061811440053e-152 2.09502305666503 -1.62673075010389e-09 1.77635683940025e-15 -9.30353567098377e+136 0.126682170396911 0.617768868261574 0.255548961341516 0.1 1 5 0.333333333333333 0.333333333333333 0.333333333333333 6 1 -216.901313292068 -6.04921480531036 -143.990743608353 -21.464681449297 7924828.98353918 7924828.98353918 7924828.98353918
"Aarest_data" 99 0.99999994639377 78.5699398702698 1.04600458326096 0.0256903956799112 2.93061929668011e-152 2.09502301848335 -1.44814293889794e-09 -8.88178419700125e-16 0 0.126682170469527 0.617768868151526 0.255548961378947 0.1 1 5 0.333333333333333 0.333333333333333 0.333333333333333 6 1 -216.901313264348 -6.04921478437837 -143.990743584551 -21.4646814589056 8902150.8544504 8902150.8544504 8902150.8544504
"Aarest_data" 100 0.999999952275848 78.569939789514 1.04600458332578 0.0256903956785532 2.93062034922669e-152 2.09502298461574 -1.28914479091691e-09 3.5527136788005e-15 9.30353567098377e+136 0.126682170533928 0.617768868053802 0.255548961412269 0.1 1 5 0.333333333333333 0.333333333333333 0.333333333333333 6 1 -216.901313239763 -6.04921476581035 -143.990743563406 -21.4646814674593 1e+07 1e+07 1e+07
