"data_Name" "Iter" "beta1" "beta3" "lambda1" "lambda2" "lambda3" "diffBeta1" "diffBeta3" "diffLambda1" "diffLambda3" "pi1" "pi2" "pi3" "init_beta1" "init_beta2" "init_beta3" "init_pi1" "init_pi2" "init_pi3" "EM_endIter" "tempering" "Qlike" "Q1" "Q2" "Q3" "bpBase" "bp1" "bp3"
"V1" "SerumReversal" 1 0.521622559687735 1.00038424063693 0.0508446492881508 0.00332644047179874 0.00331896009752613 0.00173304581394973 -26.0253576507683 1.13686837721616e-13 0 0.330708101106148 0.334650391557476 0.334641507336376 0.5 1 2 0.333333333333333 0.333333333333333 0.333333333333333 15 0.2 -710.405197640246 -180.169141969629 -183.823197561654 -183.820537409241 100 100 100
"V11" "SerumReversal" 2 0.520376305051111 1.00034417715697 0.0514309808258207 0.00331714250153419 0.00331044089583384 0.00145355756376375 -25.8650252547845 0 0 0.33073847875239 0.334634997353111 0.334626523894499 0.5 1 2 0.333333333333333 0.333333333333333 0.333333333333333 12 0.208080808070707 -710.252106157151 -180.328144005524 -183.667308256674 -183.664280285135 112.332403297803 112.332403297803 112.332403297803
"V12" "SerumReversal" 3 0.519139747716765 1.00030833115155 0.0520241892372196 0.00330774862141415 0.00330174420563868 0.00121521449736406 -25.7023299027272 0 0 0.330784609117797 0.334611730409542 0.334603660472661 0.5 1 2 0.333333333333333 0.333333333333333 0.333333333333333 12 0.216161616141414 -710.095708137908 -180.496678031607 -183.504939644379 -183.501637685146 126.185688306602 126.185688306602 126.185688306602
"V13" "SerumReversal" 4 0.517913509951394 1.00027625573751 0.0526241591043929 0.0032982581556005 0.00329287792447119 0.00101231111375455 -25.5372156233634 0 0 0.330847225731357 0.334580224806395 0.334572549462248 0.5 1 2 0.333333333333333 0.333333333333333 0.333333333333333 12 0.224242424212121 -709.935924872808 -180.675131374386 -183.335866185537 -183.332369352743 141.747416292681 141.747416292681 141.747416292681
"V14" "SerumReversal" 5 0.516698217456744 1.00024755157188 0.0532307619872745 0.00328867040375761 0.00328384902455047 0.000839897500895859 -25.3696283226265 0 0 0.330927088364977 0.334540101325055 0.334532810309967 0.5 1 2 0.333333333333333 0.333333333333333 0.333333333333333 12 0.232323232282828 -709.772678562484 -180.86390568915 -183.159854939747 -183.156229623845 159.228279334109 159.228279334109 159.228279334109
"V15" "SerumReversal" 6 0.515494499797757 1.00022186181187 0.0538438556057733 0.00327898464086162 0.00327466364627811 0.000693678125657016 -25.1995155741337 0 0 0.331024983714789 0.334490967140942 0.334484049144269 0.5 1 2 0.333333333333333 0.333333333333333 0.333333333333333 12 0.240404040353535 -709.6058921559 -181.063417417064 -182.976665430996 -182.972967032037 178.864952905744 178.864952905744 178.864952905744
"V16" "SerumReversal" 7 0.514302990499373 1.00019886754855 0.0544632830743572 0.00326920011648845 0.00326532718276308 0.000569955364881025 -25.0268264242301 0 0 0.33114172641871 0.334432415333795 0.334425858247495 0.5 1 2 0.333333333333333 0.333333333333333 0.333333333333333 13 0.248484848424242 -709.435489195434 -181.27409842661 -182.786049407623 -182.782323850336 200.923300256505 200.923300256505 200.923300256505
"V17" "SerumReversal" 8 0.513124327465365 1.00017828378358 0.0550888720316241 0.00325931605467901 0.00325584435499517 0.000465511158637355 -24.8515112833522 0 0 0.331278158924529 0.334364024970933 0.334357816104538 0.5 1 2 0.333333333333333 0.333333333333333 0.333333333333333 13 0.25656565649495 -709.261393708168 -181.496396035963 -182.587750927441 -182.584035984197 225.701971963392 225.701971963392 225.701971963392
"V18" "SerumReversal" 9 0.511959152954045 1.00015985582027 0.0557204338247408 0.00324933165239059 0.00324621927805871 0.000377570322683596 -24.6735217399983 0 0 0.331435153557102 0.334285360089463 0.334279486353435 0.5 1 2 0.333333333333333 0.333333333333333 0.333333333333333 13 0.264646464565657 -709.083530057713 -181.730774225269 -182.38150582035 -182.377832264446 253.536449397011 253.536449397011 253.536449397011
"V19" "SerumReversal" 10 0.510808113543313 1.00014335601755 0.0563577627042444 0.00323924607883543 0.00323645552161088 0.000303736463337145 -24.4928104921926 -1.13686837721616e-13 1.81898940354586e-12 0.331613612557025 0.334195969689856 0.334190417753119 0.5 1 2 0.333333333333333 0.333333333333333 0.333333333333333 13 0.272727272636364 -708.901822853806 -181.977713758261 -182.167041721167 -182.163434332379 284.80358684358 284.80358684358 284.80358684358
"V110" "SerumReversal" 11 0.509671860069472 1.0001285809066 0.05700063497523 0.00322905847409814 0.00322655616293511 0.000241942243320636 -24.3093312441565 -1.13686837721616e-13 0 0.331814469381374 0.33409538709754 0.334090143521086 0.5 1 2 0.333333333333333 0.333333333333333 0.333333333333333 14 0.280808080707071 -708.716196843954 -182.23771298721 -181.944077748078 -181.940556187821 319.926713779738 319.926713779738 319.926713779738
"V111" "SerumReversal" 12 0.508551047337576 1.00011534862011 0.0576488082242996 0.0032187679484247 0.00321652383488056 0.000190405980021069 -24.1230386895868 0 0 0.332038688539376 0.333983130055403 0.333978181405221 0.5 1 2 0.333333333333333 0.333333333333333 0.333333333333333 14 0.288888888777778 -708.526576845815 -182.511287871679 -181.712324593518 -181.708904165816 359.381366380463 359.381366380463 359.381366380463
"V112" "SerumReversal" 13 0.507446333996968 1.00010349661177 0.0583020204196609 0.00320837358020707 0.00320636076708925 0.000147593798544676 -23.9338884047739 0 0 0.332287267860871 0.33385869959946 0.333854032539669 0.5 1 2 0.333333333333333 0.333333333333333 0.333333333333333 14 0.296969696848485 -708.332887633085 -182.798973311915 -181.47148393339 -181.468176244589 403.701725859656 403.701725859656 403.701725859656
"V113" "SerumReversal" 14 0.506358382124089 1.00009287953384 0.0589599891281625 0.00319787441503898 0.00319606882542269 0.000112186637579725 -23.7418368591699 0 0 0.332561238529346 0.333721580048718 0.333717181421936 0.5 1 2 0.333333333333333 0.333333333333333 0.333333333333333 14 0.305050504919192 -708.135053874823 -183.10132328037 -181.221248464498 -181.218061997407 453.487850812858 453.487850812858 453.487850812858
"V114" "SerumReversal" 15 0.505287856873381 1.00008336747246 0.0596224106629779 0.00318726946410121 0.00318564954392371 8.30515075165295e-05 -23.5468413815581 0 0 0.332861666522184 0.333571238293661 0.333567095184155 0.5 1 2 0.333333333333333 0.333333333333333 0.333333333333333 15 0.313131312989899 -707.93300005054 -183.418911715816 -180.961301552342 -180.958242161266 509.413801481638 509.413801481638 509.413801481638
"V115" "SerumReversal" 16 0.50423542588481 1.00007484427195 0.0602889593369818 0.00317655770347441 0.00317510415611283 5.92164637964743e-05 -23.3488602164954 -5.6843418860808e-14 0 0.333189652368311 0.333407123922639 0.333403223709049 0.5 1 2 0.333333333333333 0.333333333333333 0.333333333333333 15 0.321212121060606 -707.726650404357 -183.752332512023 -180.691317353222 -180.688388692939 572.236765935022 572.236765935022 572.236765935022
"V116" "SerumReversal" 17 0.503201758932447 1.00006720606795 0.0609592865525232 0.00316573807189058 0.00316443362077008 3.9848833665701e-05 -23.1478524702995 0 0 0.333546333726228 0.333228667938247 0.333224998335525 0.5 1 2 0.333333333333333 0.333333333333333 0.333333333333333 15 0.329292929131313 -707.515928839179 -184.102201031451 -180.410960148409 -180.408164044259 642.807311728433 642.807311728433 642.807311728433
"V117" "SerumReversal" 18 0.502187527288896 1.00006035999845 0.0616330200325966 0.00315480946989069 0.00315363864576031 2.42326051989039e-05 -22.9437781759338 0 0 0.333932885661362 0.333035282623656 0.333031831714982 0.5 1 2 0.333333333333333 0.333333333333333 0.333333333333333 16 0.33737373720202 -707.300758864133 -184.469154380183 -180.119884330883 -180.117221096852 722.080901838547 722.080901838547 722.080901838547
"V118" "SerumReversal" 19 0.501193402864252 1.00005422300801 0.0623097631305422 0.00314377075908722 0.00314271971022596 1.17707193680872e-05 -22.7365983736656 -5.6843418860808e-14 0 0.334350520848853 0.332826361444408 0.332823117706739 0.5 1 2 0.333333333333333 0.333333333333333 0.333333333333333 16 0.345454545272727 -707.081063542139 -184.853851644544 -179.817734416575 -179.815203129734 811.130830789687 811.130830789687 811.130830789687
"V119" "SerumReversal" 20 0.500220057935524 1.00004872083054 0.0629890938726836 0.00313262076035632 0.00313167708229999 1.9321073239098e-06 -22.5262751087343 5.6843418860808e-14 0 0.334800492065438 0.33260127780675 0.332598230127812 0.5 1 2 0.333333333333333 0.333333333333333 0.333333333333333 16 0.353535353343434 -706.856765390715 -185.256975364041 -179.50414442344 -179.501743158019 911.16275611549 911.16275611549 911.16275611549
"V120" "SerumReversal" 21 0.499268164025354 1.00004378702824 0.0636705643548896 0.00312135825329171 0.00312051083703906 -5.72033107459902e-06 -22.3127715404766 5.6843418860808e-14 0 0.335284092370229 0.332359384969252 0.332356522660519 0.5 1 2 0.333333333333333 0.333333333333333 0.333333333333333 16 0.361616161414141 -706.627786326581 -185.679231760142 -179.178737901733 -179.176463930582 1023.53102189903 1023.53102189903 1023.53102189903
"V121" "SerumReversal" 22 0.498338391332394 1.00003936219021 0.0643536999153524 0.00310998197513451 0.00310922087077483 -1.15642594664678e-05 -22.0960520027865 -5.6843418860808e-14 0 0.335802656816387 0.332100015190469 0.332097327993143 0.5 1 2 0.333333333333333 0.333333333333333 0.333333333333333 17 0.369696969484848 -706.394047579402 -186.121351790513 -178.841127547905 -178.83897751279 1149.75699539774 1149.75699539774 1149.75699539774
"V122" "SerumReversal" 23 0.497431407612815 1.00003539316057 0.0650379985726574 0.00309849062101122 0.00309780691622888 -1.59105623254163e-05 -21.8760821599555 0 0 0.336357562265564 0.33182247982291 0.331819957911526 0.5 1 2 0.333333333333333 0.333333333333333 0.333333333333333 17 0.377777777555556 -706.155469642405 -186.584091177945 -178.490915357718 -178.488885415355 1291.54966501488 1291.54966501488 1291.54966501488
"V123" "SerumReversal" 24 0.496547877671933 1.0000318323611 0.0657229301535467 0.00308688284232749 0.00308626855397336 -1.90362195269245e-05 -21.6528290352167 5.6843418860808e-14 0 0.336950230468895 0.331526067773867 0.331523701757238 0.5 1 2 0.333333333333333 0.333333333333333 0.333333333333333 17 0.385858585626263 -705.911972147126 -187.068232204172 -178.12769187372 -178.125777820271 1450.82877849594 1450.82877849594 1450.82877849594
"V124" "SerumReversal" 25 0.495688462158363 1.00002863732119 0.0664079357766086 0.0030751572470775 0.00307460522182266 -2.11657309705515e-05 -21.4262611666302 -5.6843418860808e-14 0 0.337582128548692 0.331210045270631 0.331207826180677 0.5 1 2 0.333333333333333 0.333333333333333 0.333333333333333 18 0.39393939369697 -705.663473790456 -187.574584098804 -177.751036177008 -177.749233545858 1629.75083462065 1629.75083462065 1629.75083462065
"V125" "SerumReversal" 26 0.494853816542699 1.00002576989423 0.0670924273120793 0.00306331240054312 0.00306281623067315 -2.24902870797905e-05 -21.1963487874757 5.6843418860808e-14 0 0.338254769280877 0.330873655711069 0.330871575008055 0.5 1 2 0.333333333333333 0.333333333333333 0.333333333333333 18 0.402020201767677 -705.409892260708 -188.103983311809 -177.360515938462 -177.358820096523 1830.73828029537 1830.73828029537 1830.73828029537
"V126" "SerumReversal" 27 0.494044590286781 1.00002319606131 0.0677757866957535 0.0030513468244359 0.00305090076746164 -2.31703149324858e-05 -20.9630638926412 -5.6843418860808e-14 1.81898940354586e-12 0.338969714336398 0.330516118054446 0.330514167609156 0.5 1 2 0.333333333333333 0.333333333333333 0.333333333333333 18 0.410101009838384 -705.15114409065 -188.65729538969 -176.95568666727 -176.954092879853 2056.51230834865 2056.51230834865 2056.51230834865
"V127" "SerumReversal" 28 0.493261425691934 1.00002088525828 0.0684573654861499 0.00303925899781552 0.00303885790909406 -2.33399832154646e-05 -20.7263804296602 0 0 0.339728575013398 0.33013662644626 0.330134798540342 0.5 1 2 0.333333333333333 0.333333333333333 0.333333333333333 19 0.418181817909091 -704.887144556041 -189.235415483266 -176.536091663824 -176.534595163148 2310.12970008316 2310.12970008316 2310.12970008316
"V128" "SerumReversal" 29 0.49250495663659 1.00001881029514 0.0691364845414223 0.00302704735901649 0.00302668662598307 -2.31110846868887e-05 -20.4862745175581 0 0 0.340533012732395 0.329734349983769 0.329732637283836 0.5 1 2 0.333333333333333 0.333333333333333 0.333333333333333 19 0.426262625979798 -704.61780757701 -189.839268722673 -176.101262075122 -176.099858097743 2595.02421139974 2595.02421139974 2595.02421139974
"V129" "SerumReversal" 30 0.491775807683345 1.00001694667773 0.0698124334639116 0.00301471030509811 0.00301438579459733 -2.25763799619472e-05 -20.2427245452549 5.6843418860808e-14 -1.81898940354586e-12 0.341384742606944 0.329308430916679 0.329306826476377 0.5 1 2 0.333333333333333 0.333333333333333 0.333333333333333 19 0.434343434050505 -704.343045526337 -190.469812247877 -175.650716079684 -175.649399918457 2915.05306282518 2915.05306282518 2915.05306282518
"V130" "SerumReversal" 31 0.491074592793811 1.00001527255369 0.0704844703716061 0.00300224619403274 0.0030019542007532 -2.18124746993453e-05 -19.9957113984155 5.6843418860808e-14 0 0.342285534512946 0.328857984123558 0.328856481363497 0.5 1 2 0.333333333333333 0.333333333333333 0.333333333333333 20 0.442424242121212 -704.06276909077 -191.128035876595 -175.18395881758 -175.182725848245 3274.54916287773 3274.54916287773 3274.54916287773
"V131" "SerumReversal" 32 0.490401913962271 1.00001376832384 0.0711518217925484 0.00298965334738791 0.00298939054982119 -2.08822914373741e-05 -19.7452187159775 5.6843418860808e-14 0 0.343237213830139 0.328382096736046 0.328380689433815 0.5 1 2 0.333333333333333 0.333333333333333 0.333333333333333 20 0.450505050191919 -703.776887123313 -191.814962577703 -174.700482420463 -174.699328130218 3678.37977182863 3678.37977182863 3678.37977182863
"V132" "SerumReversal" 33 0.489758360240135 1.00001241649665 0.0718136823228059 0.00297693005079504 0.00297669347005948 -1.98371902797589e-05 -19.49123301503 -1.13686837721616e-13 0 0.344241665623618 0.327879826053079 0.327878508323303 0.5 1 2 0.333333333333333 0.333333333333333 0.333333333333333 20 0.458585858262626 -703.485306391914 -192.531650800679 -174.199765104493 -174.198685106986 4132.01240011534 4132.01240011534 4132.01240011534
"V133" "SerumReversal" 34 0.489144506375092 1.00001120130315 0.0724692146432666 0.00296407455683889 0.00296386152293456 -1.8718787458738e-05 -19.2337439511265 5.6843418860808e-14 0 0.345300836130213 0.327350198789052 0.327348965080735 0.5 1 2 0.333333333333333 0.333333333333333 0.333333333333333 21 0.466666666333333 -703.187931372982 -193.279195322246 -173.681271035692 -173.680261095511 4641.58883361278 4641.58883361278 4641.58883361278
"V134" "SerumReversal" 35 0.48856091133843 1.00001010876549 0.0731175497209139 0.00295108508911507 0.00295089320595578 -1.75605108267973e-05 -18.9727446100008 0 0 0.346416733905907 0.32679221051396 0.326791055580133 0.5 1 2 0.333333333333333 0.333333333333333 0.333333333333333 21 0.47474747440404 -702.884664034135 -194.058727890807 -173.144450335014 -173.143506365418 5214.00828799969 5214.00828799969 5214.00828799969
"V135" "SerumReversal" 36 0.488008117402836 1.0000091262109 0.0737577866493495 0.00293795984262253 0.00293778696239824 -1.63889290547559e-05 -18.7082316334668 5.6843418860808e-14 0 0.347591435290391 0.326204822904153 0.326203741805456 0.5 1 2 0.333333333333333 0.333333333333333 0.333333333333333 22 0.482828282474747 -702.575403471162 -194.871420192198 -172.588737872679 -172.587855957664 5857.02081805666 5857.02081805666 5857.02081805666
"V136" "SerumReversal" 37 0.487486648453827 1.00000824239874 0.0743889932212032 0.00292469698966694 0.00292454118486745 -1.52248858569237e-05 -18.4402055903341 5.6843418860808e-14 0 0.348827084569327 0.325586963676663 0.325585951754011 0.5 1 2 0.333333333333333 0.333333333333333 0.333333333333333 22 0.490909090545455 -702.260045655926 -195.718483909041 -172.01355361042 -172.012729998483 6579.33224657568 6579.33224657568 6579.33224657568
"V137" "SerumReversal" 38 0.486997009012438 1.0000074471665 0.0750102060233198 0.00291129468110078 0.00291115422333215 -1.40844654481498e-05 -18.1686711325119 -5.6843418860808e-14 0 0.350125899643522 0.324937523742088 0.32493657661439 0.5 1 2 0.333333333333333 0.333333333333333 0.333333333333333 22 0.498989898616162 -701.938482996379 -196.60117374325 -171.418301405379 -171.41753252117 7390.72203352578 7390.72203352578 7390.72203352578
"V138" "SerumReversal" 39 0.486539682849839 1.00000673146303 0.075620430995881 0.00289775105069059 0.00289762438893392 -1.29798129364644e-05 -17.8936372856699 0 0 0.351490174991161 0.324255355732581 0.324254469276258 0.5 1 2 0.333333333333333 0.333333333333333 0.333333333333333 23 0.507070706686869 -701.610603925586 -197.520788934652 -170.80236862749 -170.801651066417 8302.17568131974 8302.17568131974 8302.17568131974
"V139" "SerumReversal" 40 0.486115131533538 1.0000060871991 0.0762186442030832 0.00288406422019383 0.00288394996196841 -1.19198310244428e-05 -17.6151177725829 5.6843418860808e-14 0 0.352922284301136 0.323539272682998 0.323538443015866 0.5 1 2 0.333333333333333 0.333333333333333 0.333333333333333 23 0.515151514757576 -701.276292449942 -198.478674558756 -170.165125897299 -170.164456421835 9326.0334688322 9326.0334688322 9326.0334688322
"V140" "SerumReversal" 41 0.485723793594194 1.00000550708664 0.076803792199943 0.0028702323005096 0.00287012919613234 -1.09107679975295e-05 -17.3331311559459 -5.6843418860808e-14 0 0.354424687935596 0.322788044295359 0.322787267769045 0.5 1 2 0.333333333333333 0.333333333333333 0.333333333333333 24 0.523232322828283 -700.935427500593 -199.476225413711 -169.505925506066 -169.505301047374 10476.1575278967 10476.1575278967 10476.1575278967
"V141" "SerumReversal" 42 0.485366082933648 1.00000498456316 0.0773747932493512 0.00285625339840752 0.0028561603267351 -9.95671558712274e-06 -17.0477012308309 0 0 0.355999934887451 0.322000395960297 0.321999669152251 0.5 1 2 0.333333333333333 0.333333333333333 0.333333333333333 24 0.53131313089899 -700.587882372405 -200.514886857116 -168.824101428473 -168.823519086263 11768.11952435 11768.11952435 11768.11952435
"V142" "SerumReversal" 43 0.485042388124045 1.00000451381219 0.0779305379079286 0.00284212561755289 0.00284204157140941 -9.06002637179881e-06 -16.7588571573917 -1.13686837721616e-13 0 0.357650671525057 0.321175004391684 0.321174324083259 0.5 1 2 0.333333333333333 0.333333333333333 0.333333333333333 25 0.539393938969697 -700.233523886257 -201.59615929047 -168.118967481246 -168.118424511291 13219.4114846603 13219.4114846603 13219.4114846603
"V143" "SerumReversal" 44 0.484753070996399 1.00000408958222 0.0784698904701649 0.00282784706478228 0.00282777113984024 -8.22166595071394e-06 -16.4666338357494 5.6843418860808e-14 -1.81898940354586e-12 0.35937964501176 0.320310495908865 0.320309859079375 0.5 1 2 0.333333333333333 0.333333333333333 0.333333333333333 25 0.547474747040404 -699.872211613886 -202.721599674022 -167.389817014574 -167.389310828097 14849.6826225447 14849.6826225447 14849.6826225447
"V144" "SerumReversal" 45 0.48449846605606 1.00000370712891 0.0789916898463009 0.00281341585111057 0.00281334723589921 -7.44150540299415e-06 -16.171072050505 0 0 0.361189712927398 0.319405441625664 0.319404845446938 0.5 1 2 0.333333333333333 0.333333333333333 0.333333333333333 25 0.555555555111111 -699.503796810409 -203.892826358175 -166.63592092377 -166.63544908632 16681.0053720006 16681.0053720006 16681.0053720006
"V145" "SerumReversal" 46 0.484278879591599 1.00000336230209 0.0794947509600711 0.00279883009547107 0.0027987680598349 -6.71856653866598e-06 -15.872218735122 -5.6843418860808e-14 0 0.363083850544528 0.318458353823491 0.318457795631981 0.5 1 2 0.333333333333333 0.333333333333333 0.333333333333333 26 0.563636363181818 -699.128121289667 -205.11152255853 -165.856526385458 -165.8560865973 18738.1742286039 18738.1742286039 18738.1742286039
"V146" "SerumReversal" 47 0.484094588810512 1.00000305123415 0.0799778663865538 0.0027840879286777 0.0027840318180601 -6.05122437491445e-06 -15.5701272658764 0 0 0.36506515802728 0.317467682330744 0.317467159641976 0.5 1 2 0.333333333333333 0.333333333333333 0.333333333333333 26 0.571717171252525 -698.745016162103 -206.379439695865 -165.050855653524 -165.050445762975 21049.0414451202 21049.0414451202 21049.0414451202
"V147" "SerumReversal" 48 0.483945841843426 1.00000277058092 0.0804398073837831 0.0027691874920277 0.00276913671735117 -5.43737476732531e-06 -15.2648575263323 0 0 0.367136874053925 0.316431807734595 0.316431318211481 0.5 1 2 0.333333333333333 0.333333333333333 0.333333333333333 27 0.579797979323232 -698.354300199398 -207.69840415429 -164.218103159075 -164.217721138907 23644.8941264541 23644.8941264541 23644.8941264541
"V148" "SerumReversal" 49 0.483832856992181 1.00000251726125 0.0808793259918712 0.00275412694188277 0.00275408097428301 -4.87457174358497e-06 -14.9564762488027 5.6843418860808e-14 0 0.369302383260945 0.315349037640464 0.315348579098591 0.5 1 2 0.333333333333333 0.333333333333333 0.333333333333333 27 0.587878787393939 -697.955778205882 -209.070320547218 -163.357434382839 -163.3570783354 26560.8778294668 26560.8778294668 26560.8778294668
"V149" "SerumReversal" 50 0.483755823258739 1.00000228855508 0.0812951561180945 0.00273890444584294 0.00273886280964261 -4.36013937132884e-06 -14.645057023312 -5.6843418860808e-14 0 0.371565233016503 0.314217598296541 0.314217168686956 0.5 1 2 0.333333333333333 0.333333333333333 0.333333333333333 28 0.595959595464646 -697.549238861134 -210.497179964196 -162.467982224995 -162.467650369371 29836.4724028334 29836.4724028334 29836.4724028334
"V150" "SerumReversal" 51 0.48371490017558 1.00000208200739 0.0816860157044223 0.00272351818495059 0.0027234804524401 -3.89126276445495e-06 -14.3306805741242 0 0 0.37392914427554 0.313035629160507 0.313035226563952 0.5 1 2 0.333333333333333 0.333333333333333 0.333333333333333 29 0.604040403535353 -697.134452502246 -211.981064840725 -161.548845106 -161.548535773851 33516.0265093885 33516.0265093885 33516.0265093885
"V151" "SerumReversal" 52 0.483710218662655 1.00000189536188 0.0820506081701628 0.00270796634932756 0.00270793213678314 -3.4650604163744e-06 -14.0134348042456 -5.6843418860808e-14 0 0.376398029568039 0.311801173901297 0.311800796530664 0.5 1 2 0.333333333333333 0.333333333333333 0.333333333333333 29 0.612121211606061 -696.711168370459 -213.524157573778 -160.599083179123 -160.598794816569 37649.3580679247 37649.3580679247 37649.3580679247
"V152" "SerumReversal" 53 0.483741882151387 1.00000172673366 0.0823876239474932 0.00269224713310811 0.00269221609373065 -3.07864212345521e-06 -13.6934148396159 0 0 0.378976012302474 0.310512170766764 0.310511816930763 0.5 1 2 0.333333333333333 0.333333333333333 0.333333333333333 30 0.620202019676768 -696.279111461643 -215.128749684763 -159.617714307665 -159.617445447306 42292.428743895 42292.428743895 42292.428743895
"V153" "SerumReversal" 54 0.483809967638423 1.00000157427612 0.0826957425405133 0.00267635873109086 0.00267633055400265 -2.72915366394955e-06 -13.3707231917862 -5.6843418860808e-14 0 0.381667444439367 0.309166443716167 0.309166111844465 0.5 1 2 0.333333333333333 0.333333333333333 0.333333333333333 30 0.628282827747475 -695.837979046032 -216.797249886513 -158.60371058552 -158.603459865387 47508.101621028 47508.101621028 47508.101621028
"V154" "SerumReversal" 55 0.483914528042564 1.0000014363758 0.0829736335770696 0.00266029932728078 0.00266027373302576 -2.41381181353972e-06 -13.0454696449532 0 0 0.384476933284441 0.307761689044407 0.307761377671152 0.5 1 2 0.333333333333333 0.333333333333333 0.333333333333333 31 0.636363635818182 -695.387436394795 -218.532196922978 -157.55599250166 -157.555758652132 53366.9923120631 53366.9923120631 53366.9923120631
"V155" "SerumReversal" 56 0.484055594241788 1.00000131163185 0.08321995874769 0.00264406708771227 0.00264404382417668 -2.12992964065961e-06 -12.7177713575007 0 0 0.38740936447744 0.306295463887957 0.306295171634603 0.5 1 2 0.333333333333333 0.333333333333333 0.333333333333333 32 0.644444443888889 -694.927112118333 -220.336270070153 -156.473424306991 -156.47320613732 59948.4250318941 59948.4250318941 59948.4250318941
"V156" "SerumReversal" 57 0.484233178334577 1.00000119872529 0.0834333728779648 0.00262766014582446 0.00262763898651951 -1.87493603220901e-06 -12.3877527579756 0 0 0.390469933130013 0.304765170643475 0.304764896226511 0.5 1 2 0.333333333333333 0.333333333333333 0.333333333333333 32 0.652525251959596 -694.456592587112 -222.212303807178 -155.354807295499 -155.354603699024 67341.5065775083 67341.5065775083 67341.5065775083
"V157" "SerumReversal" 58 0.48444727753827 1.00000109655465 0.0836125248481521 0.00261107658544611 0.00261105732541239 -1.64638811384066e-06 -12.0555454189958 0 1.81898940354586e-12 0.393664178510282 0.303168039642091 0.303167781847627 0.5 1 2 0.333333333333333 0.333333333333333 0.333333333333333 33 0.660606060030303 -693.975415492041 -224.163304101836 -154.19887233553 -154.198682270117 75646.3327554629 75646.3327554629 75646.3327554629
"V158" "SerumReversal" 59 0.484697878380235 1.00000100399657 0.0837560588509892 0.00259431442422138 0.00259429688018534 -1.44197977647309e-06 -11.7212880361852 5.6843418860808e-14 0 0.396998019196067 0.301501111546687 0.301500869257246 0.5 1 2 0.333333333333333 0.333333333333333 0.333333333333333 34 0.66868686810101 -693.483062565305 -226.192464570316 -153.004272481551 -153.004094988725 84975.3435908645 84975.3435908645 84975.3435908645
"V159" "SerumReversal" 60 0.484984962267099 1.00000092016034 0.0838626147303368 0.00257737158970416 0.00257735559577425 -1.25954571217335e-06 -11.3851262267291 0 0 0.400477797386751 0.299761215226655 0.299760987386594 0.5 1 2 0.333333333333333 0.333333333333333 0.333333333333333 34 0.676767676171717 -692.978950960188 -228.303187221582 -151.769573371469 -151.769407550123 95454.8456661836 95454.8456661836 95454.8456661836
"V160" "SerumReversal" 61 0.485308512011486 1.00000084419138 0.0839308279463472 0.00256024589131457 0.00256023129815869 -1.09706331841153e-06 -11.0472123150855 0 -1.81898940354586e-12 0.404110328827503 0.297944942774063 0.297944728398435 0.5 1 2 0.333333333333333 0.333333333333333 0.333333333333333 35 0.684848484242424 -692.462423261336 -230.499105766098 -150.493242368854 -150.493087381098 107226.722201032 107226.722201032 107226.722201032
"V161" "SerumReversal" 62 0.485668518946896 1.00000077536037 0.0839593297729053 0.00254293499236469 0.00254292166485296 -9.52651134866755e-07 -10.7077052253666 5.6843418860808e-14 0 0.40790295518384 0.296048623328143 0.296048421488017 0.5 1 2 0.333333333333333 0.333333333333333 0.333333333333333 36 0.692929292313131 -691.932736067955 -232.784109688277 -149.173637422741 -149.173492482515 120450.354025878 120450.354025878 120450.354025878
"V162" "SerumReversal" 63 0.486064991856097 1.00000071292553 0.0839467462423599 0.00252543637238347 0.00252542418962619 -8.24566342316757e-07 -10.3667702043502 0 0 0.411863608757919 0.294068290700469 0.294068100541612 0.5 1 2 0.333333333333333 0.333333333333333 0.333333333333333 37 0.701010100383838 -691.389046478735 -235.162374392628 -147.808992956332 -147.808857342114 135304.777457981 135304.777457981 135304.777457981
"V163" "SerumReversal" 64 0.486497966934131 1.00000065632121 0.0838916969819825 0.00250774728735205 0.00250773613951033 -7.11200158320935e-07 -10.0245786236576 0 0 0.416000883081707 0.291999648103627 0.291999468814666 0.5 1 2 0.333333333333333 0.333333333333333 0.333333333333333 37 0.709090908454545 -690.830396463093 -237.638393778039 -146.397404681813 -146.397277713003 151991.108295293 151991.108295293 151991.108295293
"V164" "SerumReversal" 65 0.486967519683178 1.00000060500043 0.083792792903117 0.00248986472088423 0.00248985450871408 -6.11072834999504e-07 -9.68130769474777 -5.6843418860808e-14 0 0.420324116696099 0.289838026242232 0.289837857061668 0.5 1 2 0.333333333333333 0.333333333333333 0.333333333333333 38 0.717171716525252 -690.255694433168 -240.217019088778 -144.936811382963 -144.936692424331 170735.264747069 170735.264747069 170735.264747069
"V165" "SerumReversal" 66 0.487473777999575 1.00000055842467 0.0836486339493519 0.00247178533413766 0.0024717759687007 -5.22827463100839e-07 -9.33714034391939 -1.13686837721616e-13 0 0.424843483739232 0.287578338017387 0.287578178243382 0.5 1 2 0.333333333333333 0.333333333333333 0.333333333333333 39 0.72525252459596 -689.66369389508 -242.903500396177 -143.424975552765 -143.424864020593 191791.026167249 191791.026167249 191791.026167249
"V166" "SerumReversal" 67 0.48801693791757 1.00000051617723 0.0834578051714052 0.00245350540341493 0.0024534968038916 -4.45223207634626e-07 -8.99226495201158 1.13686837721616e-13 0 0.429570103664643 0.285215023684142 0.285214872651215 0.5 1 2 0.333333333333333 0.333333333333333 0.333333333333333 40 0.733333332666667 -689.052968044483 -245.703537236449 -141.859459667621 -141.859355012631 215443.469003189 215443.469003189 215443.469003189
"V167" "SerumReversal" 68 0.488597281393489 1.00000047785236 0.0832188722435068 0.00243502075216524 0.00243501284555878 -3.77128600348442e-07 -8.64687521570322 -1.13686837721616e-13 0 0.43451616470976 0.282741989102481 0.282741846187759 0.5 1 2 0.333333333333333 0.333333333333333 0.333333333333333 41 0.741414140737374 -688.421879918855 -248.623335208515 -140.237599699481 -140.237501410642 242012.826479438 242012.826479438 242012.826479438
"V168" "SerumReversal" 69 0.489215196872418 1.0000004431159 0.0829303757978408 0.00241632667340466 0.00241631939324422 -3.17514889047743e-07 -8.30117004638129 1.13686837721616e-13 9.09494701772928e-13 0.439695067336633 0.280152534026253 0.280152398637114 0.5 1 2 0.333333333333333 0.333333333333333 0.333333333333333 42 0.749494948808081 -687.768546978551 -251.669671625338 -138.556474409144 -138.556382004582 271858.824273294 271858.824273294 271858.824273294
"V169" "SerumReversal" 70 0.489871203014386 1.00000041159653 0.0825908245085995 0.00239741784164607 0.00239741112849598 -2.65448647951416e-07 -7.95535355132121 0 -9.09494701772928e-13 0.445121590731824 0.277439268837303 0.277439140430873 0.5 1 2 0.333333333333333 0.333333333333333 0.333333333333333 43 0.757575756878788 -687.090798942219 -254.849971514726 -136.812869802362 -136.812782842144 305385.550883342 305385.550883342 305385.550883342
"V170" "SerumReversal" 71 0.490565976129972 1.00000038308711 0.0821986867581174 0.00237828821305554 0.00237828201173346 -2.20085098590062e-07 -7.60963511521305 0 0 0.450812086972572 0.274594017493739 0.274593895533688 0.5 1 2 0.333333333333333 0.333333333333333 0.333333333333333 44 0.765656564949495 -686.386127342774 -258.172396011722 -135.003237849389 -135.003155905629 343046.928631492 343046.928631492 343046.928631492
"V171" "SerumReversal" 72 0.491300382048999 1.00000035723467 0.0817523805807841 0.00235893091097837 0.00235892517284733 -1.80661373860858e-07 -7.26422961460651 0 9.09494701772928e-13 0.456784708934721 0.271607703528164 0.271607587537115 0.5 1 2 0.333333333333333 0.333333333333333 0.333333333333333 46 0.773737373020202 -685.651624854139 -261.64594584394 -133.123648132375 -133.123570824207 385352.859371053 385352.859371053 385352.859371053
"V172" "SerumReversal" 73 0.492075512875906 1.0000003338654 0.0812502622083518 0.00233933809856172 0.00233933277854365 -1.46490123142939e-07 -6.9193578706453 0 -9.09494701772928e-13 0.463059675530101 0.268470217480356 0.268470106989543 0.5 1 2 0.333333333333333 0.333333333333333 0.333333333333333 47 0.781818181090909 -684.883912129084 -265.280581138619 -131.169732013687 -131.169658972867 432876.128108306 432876.128108306 432876.128108306
"V173" "SerumReversal" 74 0.492892730627058 1.00000031277409 0.0806906115518122 0.00231950082656298 0.00231949588358825 -1.1695345847329e-07 -6.57524719541661 0 -9.09494701772928e-13 0.46965959167983 0.26517025687789 0.26517015144228 0.5 1 2 0.333333333333333 0.333333333333333 0.333333333333333 48 0.789898989161616 -684.07904842314 -269.0873660385 -129.13661515073 -129.136546031526 486260.158006536 486260.158006536 486260.158006536
"V174" "SerumReversal" 75 0.493753717871885 1.0000002937664 0.0800716159629601 0.00229940886371968 0.00229940426048914 -9.14969859877601e-08 -6.23213234557254 0 0 0.476609823336226 0.261695138731847 0.261695037931927 0.5 1 2 0.333333333333333 0.333333333333333 0.333333333333333 50 0.797979797232323 -683.232422559682 -273.078637109373 -127.01883906507 -127.018773545047 546227.721768435 546227.721768435 546227.721768435
"V175" "SerumReversal" 76 0.494660537631765 1.00000027668961 0.0793913510082481 0.00227905049997056 0.00227904620224174 -6.96239794706344e-08 -5.8902568268262 0 -9.09494701772928e-13 0.483938946888441 0.258030574839428 0.258030478272131 0.5 1 2 0.333333333333333 0.333333333333333 0.333333333333333 52 0.80606060530303 -682.33861852569 -277.268204486888 -124.81026750537 -124.810205279114 613590.727341317 613590.727341317 613590.727341317
"V176" "SerumReversal" 77 0.495615704960847 1.00000026141759 0.0786477573255321 0.00225841231447572 0.0022584082906044 -5.08908328811231e-08 -5.54987459444361 0 0 0.491679293725354 0.25416039950038 0.254160306774267 0.5 1 2 0.333333333333333 0.333333333333333 0.333333333333333 53 0.814141413373737 -681.391248330267 -281.671595004308 -122.503973277553 -122.503914053364 689261.21043497 689261.21043497 689261.21043497
"V177" "SerumReversal" 78 0.496622272699931 1.00000024781943 0.0778386132917679 0.00223747890386071 0.00223747512483628 -3.49016318068607e-08 -5.21125233950568 0 0 0.499867610872943 0.250066239192954 0.250066149934103 0.5 1 2 0.333333333333333 0.333333333333333 0.333333333333333 55 0.822222221444444 -680.382742716812 -286.306346001346 -120.092101536695 -120.092045040199 774263.682681128 774263.682681128 774263.682681128
"V178" "SerumReversal" 79 0.497683934451807 1.00000023586103 0.0769615033953402 0.00221623256642535 0.00221622900436566 -1.71949920968473e-08 -4.87467262040951 1.13686837721616e-13 9.09494701772928e-13 0.508545863168023 0.245727111505317 0.24572702532666 0.5 1 2 0.333333333333333 0.333333333333333 0.333333333333333 57 0.830303029515151 -679.304087264926 -291.192360167822 -117.565704789492 -117.565650744145 869749.002617784 869749.002617784 869749.002617784
"V179" "SerumReversal" 80 0.498805150851207 1.0000002254256 0.0760137795473627 0.00219465292024463 0.00219464954964391 -1.12004272523336e-08 -4.54043784105131 -1.13686837721616e-13 0 0.517762228545057 0.241118927459986 0.241118843994957 0.5 1 2 0.333333333333333 0.333333333333333 0.333333333333333 59 0.838383837585859 -678.144485324405 -296.352344642439 -114.914538630673 -114.914486779126 977009.957299226 977009.957299226 977009.957299226
"V180" "SerumReversal" 81 0.499991304256018 1.00000021648595 0.0749925152800364 0.00217271644769883 0.00217271324406381 3.07636582874693e-10 -4.20887552704417 0 -9.09494701772928e-13 0.52757233233624 0.236213874394773 0.236213793268987 0.5 1 2 0.333333333333333 0.333333333333333 0.333333333333333 62 0.846464645656566 -676.890923925758 -301.812352967297 -112.126809694916 -112.126759781281 1097498.76549306 1097498.76549306 1097498.76549306
"V181" "SerumReversal" 82 0.501248891155719 1.00000020903225 0.0738944505728273 0.00215039594574408 0.00215039288535501 8.83238726601121e-09 -3.8803452899342 1.13686837721616e-13 9.09494701772928e-13 0.53804079435949 0.23097964240566 0.23097956323485 0.5 1 2 0.333333333333333 0.333333333333333 0.333333333333333 65 0.854545453727273 -675.527608291943 -307.602461224312 -109.188861139003 -109.18881290795 1232846.73944207 1232846.73944207 1232846.73944207
"V182" "SerumReversal" 83 0.502585763900351 1.00000020308305 0.0727159243712857 0.00212765985006846 0.00212765690959642 1.35956952362903e-08 -3.55524792064503 0 -9.09494701772928e-13 0.549243194525494 0.225378441544979 0.225378363929528 0.5 1 2 0.333333333333333 0.333333333333333 0.333333333333333 68 0.86262626179798 -674.035215277449 -313.757623580679 -106.084774515823 -106.084727709731 1384886.37139387 1384886.37139387 1384886.37139387
"V183" "SerumReversal" 84 0.504011437662129 1.00000019876396 0.07145279228001 0.00210447140386003 0.0021044685588846 2.06283630177495e-08 -3.2340375101444 0 0 0.5612685888995 0.219365743804937 0.219365667295563 0.5 1 2 0.333333333333333 0.333333333333333 0.333333333333333 71 0.870707069868687 -672.389895125055 -320.318761893857 -102.795862557529 -102.795816896622 1555676.14393047 1555676.14393047 1555676.14393047
"V184" "SerumReversal" 85 0.505537485611744 1.00000019615896 0.0701003245657415 0.00208078761970705 0.00208078484543258 2.53420466833632e-08 -2.917237638789 1.13686837721616e-13 0 0.574222774893892 0.212888650491848 0.21288857461426 0.5 1 2 0.333333333333333 0.333333333333333 0.333333333333333 75 0.878787877939394 -670.561915828198 -327.334172837356 -99.300013764707 -99.2999689631631 1747528.40000769 1747528.40000769 1747528.40000769
"V185" "SerumReversal" 86 0.507178053746256 1.00000019551982 0.0686530793054057 0.00205655797388281 0.00205655524290401 2.92073423224792e-08 -2.60546330718024 1.13686837721616e-13 0 0.588232578493946 0.205883748651227 0.205883672854827 0.5 1 2 0.333333333333333 0.333333333333333 0.333333333333333 79 0.886868686010101 -668.513791694571 -334.861365461808 -95.5708360263094 -95.5707917632714 1963040.65004027 1963040.65004027 1963040.65004027
"V186" "SerumReversal" 87 0.508950542516938 1.0000001972171 0.0671047419633609 0.00203172273912492 0.00203172002003194 3.22931441587571e-08 -2.29945092777071 0 -9.09494701772928e-13 0.603451571755011 0.19827425230665 0.198274175938338 0.5 1 2 0.333333333333333 0.333333333333333 0.333333333333333 84 0.894949494080808 -666.197650040017 -342.969498489208 -91.5765198352261 -91.5764757421379 2205130.73990305 2205130.73990305 2205130.73990305
"V187" "SerumReversal" 88 0.510876521546514 1.00000020186393 0.0654479223484268 0.0020062108446862 0.00200620809912 3.45509079124895e-08 -2.00010015871158 0 0 0.620067800345747 0.189966138705479 0.189966060948774 0.5 1 2 0.333333333333333 0.333333333333333 0.333333333333333 90 0.903030302151515 -663.551449004812 -351.742653836502 -87.2783102580701 -87.2782658872383 2477076.35599171 2477076.35599171 2477076.35599171
"V188" "SerumReversal" 89 0.512982978030181 1.00000021034282 0.0636738948054954 0.00197993709781058 0.00197993427743069 3.56881173502188e-08 -1.70853317987743 0 0 0.638314406590025 0.180842836791021 0.180842756618954 0.5 1 2 0.333333333333333 0.333333333333333 0.333333333333333 97 0.911111110222222 -660.493413713877 -361.284306680718 -82.6284183924521 -82.6283731957383 2782559.40220712 2782559.40220712 2782559.40220712
"V189" "SerumReversal" 90 0.515304047727856 1.00000022430514 0.0617722660530564 0.00195279856301162 0.00195279560019942 3.48932758242881e-08 -1.42618052803757 1.13686837721616e-13 -9.09494701772928e-13 0.65848447016935 0.170757806923128 0.170757722907523 0.5 1 2 0.333333333333333 0.333333333333333 0.333333333333333 106 0.919191918292929 -656.913629259476 -371.723522176689 -77.567123111765 -77.5670763414305 3125715.84968824 3125715.84968824 3125715.84968824
"V190" "SerumReversal" 91 0.517883451419088 1.00000024658631 0.0597305556444729 0.00192466986459387 0.00192466665865985 4.60737510366016e-08 -1.15490840156524 0 9.09494701772928e-13 0.680952069011172 0.159524010459398 0.15952392052943 0.5 1 2 0.333333333333333 0.333333333333333 0.333333333333333 116 0.927272726363636 -652.660943185673 -383.223668287469 -72.0186912046415 -72.0186417937491 3511191.73421514 3511191.73421514 3511191.73421514
"V191" "SerumReversal" 92 0.520777964910757 1.00000028258764 0.057533686782001 0.00189539723703324 0.00189539362424202 4.22166408498015e-08 -0.897212416739187 0 -9.09494701772928e-13 0.70620255554825 0.146898771762381 0.146898672689369 0.5 1 2 0.333333333333333 0.333333333333333 0.333333333333333 129 0.935353534434343 -647.521832844952 -395.994794322674 -65.8855732565681 -65.8855195613697 3944206.05943766 3944206.05943766 3944206.05943766
"V192" "SerumReversal" 93 0.524062356555086 1.00000034378551 0.0551634494659334 0.00186479162336064 0.00186478730618373 4.35481979366159e-08 -0.65652116856419 0 -9.09494701772928e-13 0.734876149498509 0.132561982127615 0.132561868373876 0.5 1 2 0.333333333333333 0.333333333333333 0.333333333333333 147 0.94343434250505 -641.184936778756 -410.311152908243 -59.0401745454627 -59.0401137699023 4430621.45758389 4430621.45758389 4430621.45758389
"V193" "SerumReversal" 94 0.527836169664953 1.00000045905857 0.0525982268863653 0.0018326230526341 0.0018326173975197 4.48825971943734e-08 -0.437685023242054 0 0 0.767828841905094 0.116085648753062 0.116085509341844 0.5 1 2 0.333333333333333 0.333333333333333 0.333333333333333 171 0.951515150575758 -633.178890852001 -426.534961451016 -51.3136706404063 -51.3135972693092 4977023.56433211 4977023.56433211 4977023.56433211
"V194" "SerumReversal" 95 0.532231564588575 1.00000072187938 0.0498141542401237 0.00179862631289822 0.00179861760240974 4.63129481431679e-08 -0.247777013157609 0 0 0.806205400729207 0.0968973957786582 0.0968972034921344 0.5 1 2 0.333333333333333 0.333333333333333 0.333333333333333 206 0.959595958646465 -622.758751679165 -445.142686090598 -42.4835788145409 -42.4834792139583 5590810.18251223 5590810.18251223 5590810.18251223
"V195" "SerumReversal" 96 0.537414208754624 1.00000163536593 0.046792531359658 0.00176256136326246 0.00176254206818655 4.79261643704376e-08 -0.0973655910769473 0 4.54747350886464e-13 0.85145817187933 0.0742710901954404 0.0742707379252297 0.5 1 2 0.333333333333333 0.333333333333333 0.333333333333333 264 0.967676766717172 -608.69538826269 -466.721426007052 -32.2752487980567 -32.2750694142155 6280291.44183426 6280291.44183426 6280291.44183426
"V196" "SerumReversal" 97 0.54352649503395 1.00007397803115 0.0435560367667094 0.00172453989501693 0.00172368810333492 4.97302039548231e-08 -0.00191607446920017 0 0 0.904875104705136 0.0475678803825174 0.0475570149123469 0.5 1 2 0.333333333333333 0.333333333333333 0.333333333333333 375 0.975757574787879 -588.942578983868 -491.736255751785 -20.4730867974362 -20.467657128573 7054802.31071865 7054802.31071865 7054802.31071865
"V197" "SerumReversal" 98 0.563946182516145 41.0317434630398 0.0439472189564998 0.00209091586023284 5.67893394235697e-106 6.55562644169549e-08 -3.15214165880207e-09 0 1.01851798816724e+90 0.878555238255019 0.0117177298947806 0.109727031850201 0.5 1 2 0.333333333333333 0.333333333333333 0.333333333333333 795 0.983838382858586 -574.097259002316 -490.077795296462 -5.33038740726419 -18.2566393513401 7924828.98353918 7924828.98353918 7924828.98353918
"V198" "SerumReversal" 99 0.565364290416493 41.1052874507365 0.0432847856818259 0.00207369309294317 3.68556506187072e-106 5.96793370277737e-08 -2.8009452535116e-09 2.27373675443232e-13 -2.03703597633449e+90 0.889680937631928 0.000154427873454205 0.110164634494618 0.5 1 2 0.333333333333333 0.333333333333333 0.333333333333333 1300 0.991919190929293 -565.443882799655 -495.494296335842 -0.0699955268186943 -18.3236396725439 8902150.8544504 8902150.8544504 8902150.8544504
"V199" "SerumReversal" 100 0.565379997239307 41.2568999482078 0.0432695371785158 0.00206183083958268 1.5075302414353e-106 5.31314299223595e-08 -2.48404319336260e-09 2.27373675443232e-13 0 0.889937417081461 1.91660971920083e-09 0.110062581001929 0.5 1 2 0.333333333333333 0.333333333333333 0.333333333333333 158 0.999999999 -565.202300374848 -495.607367312812 -8.66625871235498e-07 -18.2912949273255 1e+07 1e+07 1e+07
