"data_Name" "Iter" "beta1" "beta3" "lambda1" "lambda2" "lambda3" "diffBeta1" "diffBeta3" "diffLambda1" "diffLambda3" "pi1" "pi2" "pi3" "init_beta1" "init_beta2" "init_beta3" "init_pi1" "init_pi2" "init_pi3" "EM_endIter" "tempering" "Qlike" "Q1" "Q2" "Q3" "bpBase" "bp1" "bp3"
"V1" "Aarest_data" 1 0.922757906117475 1.00973593772378 0.0304380676275367 0.0217957522822003 0.020894669782887 0.118626009374495 -1.02712242629221 0 0 0.333457480972593 0.333294904368529 0.333247614658877 0.5 1 2 0.333333333333333 0.333333333333333 0.333333333333333 16 0.2 -295.967038286583 -80.1589245788283 -80.4247299738114 -80.4527711182295 100 100 100
"V11" "Aarest_data" 2 0.922435264528575 1.00889345360035 0.0304923452149489 0.0217899057147232 0.0209639916535321 0.105119889903762 -1.00097793890319 0 1.13686837721616e-13 0.33346262531651 0.333290928354191 0.333246446329299 0.5 1 2 0.333333333333333 0.333333333333333 0.333333333333333 14 0.208080808070707 -295.964343022694 -80.150871419956 -80.4282413084027 -80.4546178156187 112.332403297803 112.332403297803 112.332403297803
"V12" "Aarest_data" 3 0.92201700503145 1.00812178967609 0.0305594062747868 0.0217838432813662 0.021027129957966 0.0930274259410595 -0.975749102056639 0 0 0.333467861991039 0.333286951183531 0.333245186825431 0.5 1 2 0.333333333333333 0.333333333333333 0.333333333333333 14 0.216161616141414 -295.961652598107 -80.1424028123676 -80.4319185906719 -80.4567188629684 126.185688306602 126.185688306602 126.185688306602
"V13" "Aarest_data" 4 0.921505593908156 1.00741605169178 0.0306390709654186 0.0217775543352957 0.0210844334319901 0.0822207630398566 -0.951288179197661 0 0 0.333473190242416 0.333282977908076 0.333243831849508 0.5 1 2 0.333333333333333 0.333333333333333 0.333333333333333 15 0.224242424212121 -295.958945811369 -80.1334800331223 -80.4357713192584 -80.4590822834013 141.747416292681 141.747416292681 141.747416292681
"V14" "Aarest_data" 5 0.920903279991456 1.00677154093217 0.030731199103901 0.0217710274858578 0.021136244344749 0.0725804420894463 -0.927453810677164 0 1.13686837721616e-13 0.33347860658836 0.333279013721517 0.333242379690123 0.5 1 2 0.333333333333333 0.333333333333333 0.333333333333333 15 0.232323232282828 -295.95620243657 -80.1240642551845 -80.4398096111644 -80.4617165612167 159.228279334109 159.228279334109 159.228279334109
"V15" "Aarest_data" 6 0.920212069588966 1.00618376638267 0.030835693337454 0.0217642505526348 0.0211828960221627 0.063995308884671 -0.904110835898024 -1.13686837721616e-13 1.13686837721616e-13 0.333484104565706 0.333275064234834 0.33324083119946 0.5 1 2 0.333333333333333 0.333333333333333 0.333333333333333 16 0.240404040353535 -295.95340297045 -80.114116110231 -80.4440443051291 -80.4646307227938 178.864952905744 178.864952905744 178.864952905744
"V16" "Aarest_data" 7 0.919433708065846 1.00564845480105 0.0309525016816791 0.0217572105399293 0.0212247106670397 0.0563623671340991 -0.881130103740148 0 0 0.333489674492602 0.333271135740303 0.333239189767095 0.5 1 2 0.333333333333333 0.333333333333333 0.333333333333333 16 0.248484848424242 -295.950528403157 -80.103595297619 -80.4484870469172 -80.467834413068 200.923300256505 200.923300256505 200.923300256505
"V17" "Aarest_data" 8 0.918569658913675 1.00516155942604 0.0310816207642214 0.0217498935803928 0.0212619973516149 0.0495865662411035 -0.858388152082895 0 0 0.333495303149544 0.333267235509965 0.33323746134049 0.5 1 2 0.333333333333333 0.333333333333333 0.333333333333333 17 0.25656565649495 -295.947559989043 -80.0924601055919 -80.4531504068043 -80.4713380276044 225.701971963392 225.701971963392 225.701971963392
"V18" "Aarest_data" 9 0.917621090744165 1.00471926577122 0.0312230982726492 0.0217422849031729 0.0212950503944853 0.0435805382520726 -0.835766886318325 0 1.13686837721616e-13 0.333500973453003 0.333263372078922 0.333235654468075 0.5 1 2 0.333333333333333 0.333333333333333 0.333333333333333 17 0.264646464565657 -295.944479036771 -80.0806669851645 -80.4580479749237 -80.4751528334409 253.536449397011 253.536449397011 253.536449397011
"V19" "Aarest_data" 10 0.916588861886437 1.00431799569126 0.0313770361103377 0.0217343687706515 0.0213241479475528 0.038264282297007 -0.813153135331262 1.13686837721616e-13 1.13686837721616e-13 0.333506664021749 0.333259555576013 0.333233780402237 0.5 1 2 0.333333333333333 0.333333333333333 0.333333333333333 18 0.272727272636364 -295.941266693238 -80.0681700314132 -80.463194492439 -80.4792911405043 284.80358684358 284.80358684358 284.80358684358
"V110" "Aarest_data" 11 0.915473513032858 1.00395440877011 0.0315435927414441 0.0217261284419365 0.0213495509483489 0.033564812765249 -0.790438225131496 0 0 0.333512348718078 0.333255798050478 0.333231853231445 0.5 1 2 0.333333333333333 0.333333333333333 0.333333333333333 18 0.280808080707071 -295.937903742196 -80.0549205170696 -80.4686059616249 -80.4837664565121 319.926713779738 319.926713779738 319.926713779738
"V111" "Aarest_data" 12 0.914275256851635 1.00362540217839 0.031722986349018 0.021717546103125 0.0213715022600624 0.0294157736963854 -0.7675174408798 0 -1.13686837721616e-13 0.333517996048997 0.333252113862201 0.333229890088802 0.5 1 2 0.333333333333333 0.333333333333333 0.333333333333333 19 0.288888888777778 -295.93437039008 -80.0408663217104 -80.4742997971894 -80.4885936922329 359.381366380463 359.381366380463 359.381366380463
"V112" "Aarest_data" 13 0.912993975600687 1.00332810855142 0.0319154971873584 0.0217086028281732 0.0213902261102809 0.0257570350794651 -0.744289531878593 1.13686837721616e-13 0 0.333523568524596 0.333248520078596 0.333227911396808 0.5 1 2 0.333333333333333 0.333333333333333 0.333333333333333 19 0.296969696848485 -295.930646062707 -80.0259514132003 -80.480294956209 -80.4937893467471 403.701725859656 403.701725859656 403.701725859656
"V113" "Aarest_data" 14 0.91162921446065 1.00305989319626 0.0321214709497142 0.0216992785039568 0.0214059276262267 0.0225342744592751 -0.720656116190398 1.13686837721616e-13 1.13686837721616e-13 0.3335290218358 0.333245036956104 0.333225941208095 0.5 1 2 0.333333333333333 0.333333333333333 0.333333333333333 20 0.305050504919192 -295.926709181825 -80.0101152041592 -80.486612116498 -80.4993717490929 453.487850812858 453.487850812858 453.487850812858
"V114" "Aarest_data" 15 0.910180182853235 1.00281835035913 0.0323413213387678 0.0216895517918986 0.0214187925667917 0.0196985576443893 -0.696521156087016 0 1.13686837721616e-13 0.333534303971209 0.333241688438875 0.333224007589916 0.5 1 2 0.333333333333333 0.333333333333333 0.333333333333333 20 0.313131312989899 -295.922536949183 -79.9932919606331 -80.4932738316725 -80.5053612785262 509.413801481638 509.413801481638 509.413801481638
"V115" "Aarest_data" 16 0.908645749816293 1.0026013002781 0.0325755339399561 0.0216794000508053 0.0214289869980695 0.0172059187420075 -0.671790340670597 -5.6843418860808e-14 0 0.333539354102129 0.333238502769221 0.33322214312865 0.5 1 2 0.333333333333333 0.333333333333333 0.333333333333333 21 0.321212121060606 -295.918105101603 -79.9754100546442 -80.5003047436637 -80.5117806544496 572.236765935022 572.236765935022 572.236765935022
"V116" "Aarest_data" 17 0.907024446707825 1.00240678682483 0.0328246694224877 0.021668799301721 0.0214366570124844 0.0150169563393661 -0.646370560706913 -5.6843418860808e-14 0 0.333544101380609 0.333235513129782 0.333220385489609 0.5 1 2 0.333333333333333 0.333333333333333 0.333333333333333 22 0.329292929131313 -295.913387668439 -79.9563912586862 -80.5077317713851 -80.5186552106273 642.807311728433 642.807311728433 642.807311728433
"V117" "Aarest_data" 18 0.905314465007341 1.00223307781013 0.0330893679537507 0.0216577241688674 0.0214419282133868 0.0130964365576318 -0.620169330920163 -5.6843418860808e-14 0 0.333548463484167 0.333232758408254 0.333218778107579 0.5 1 2 0.333333333333333 0.333333333333333 0.333333333333333 22 0.33737373720202 -295.908356696774 -79.9361498882795 -80.5155843482157 -80.5260132402558 722.080901838547 722.080901838547 722.080901838547
"V118" "Aarest_data" 19 0.903513653296943 1.00207866925096 0.0333703542634168 0.0216461478301531 0.0214449048683601 0.0114129190815078 -0.593094235514812 0 -1.13686837721616e-13 0.3335523449445 0.333230284063772 0.333217370991728 0.5 1 2 0.333333333333333 0.333333333333333 0.333333333333333 23 0.345454545272727 -295.902981951723 -79.9145918532319 -80.5238946776432 -80.533886389292 811.130830789687 811.130830789687 811.130830789687
"V119" "Aarest_data" 20 0.901619516131643 1.00194229539253 0.0336684429961056 0.0216340420017102 0.0214456685749227 0.00993840261953949 -0.565052447591611 -5.6843418860808e-14 -1.13686837721616e-13 0.33355563529439 0.333228143076597 0.333216221629013 0.5 1 2 0.333333333333333 0.333333333333333 0.333333333333333 24 0.353535353343434 -295.897230594848 -79.8916136533655 -80.5326979839023 -80.5423100884314 911.16275611549 911.16275611549 911.16275611549
"V120" "Aarest_data" 21 0.899629204194904 1.00182294905617 0.0339845460897824 0.0216213769146587 0.0214442759414807 0.00864799223404589 -0.535950225333735 -5.6843418860808e-14 0 0.333558206889799 0.333226397058404 0.333215396051798 0.5 1 2 0.333333333333333 0.333333333333333 0.333333333333333 24 0.361616161414141 -295.891066806059 -79.8671011484652 -80.5420328085244 -80.5513241084779 1023.53102189903 1023.53102189903 1023.53102189903
"V121" "Aarest_data" 22 0.897539497147786 1.0017199169507 0.0343196821244681 0.0216081213162751 0.0214407548551869 0.00751959009053849 -0.505692441813295 0 1.13686837721616e-13 0.333559912436839 0.333225117504623 0.333214970058538 0.5 1 2 0.333333333333333 0.333333333333333 0.333333333333333 25 0.369696969484848 -295.884451342899 -79.8409281161554 -80.5519413236837 -80.5609732483985 1149.75699539774 1149.75699539774 1149.75699539774
"V122" "Aarest_data" 23 0.895346777212866 1.00163283999142 0.0346749881491346 0.0215942425329295 0.0214350983851968 0.00653360997691266 -0.474182214199473 -5.6843418860808e-14 -1.13686837721616e-13 0.333560582292585 0.333224387156317 0.333215030551098 0.5 1 2 0.333333333333333 0.333333333333333 0.333333333333333 26 0.377777777555556 -295.877341020156 -79.8129545772317 -80.5624696257312 -80.571308196147 1291.54966501488 1291.54966501488 1291.54966501488
"V123" "Aarest_data" 24 0.893046974309484 1.00156181547581 0.0350517374018535 0.0215797065615405 0.0214272546246639 0.0056727143191182 -0.441320517908025 -5.6843418860808e-14 0 0.333560021384874 0.333224301551149 0.333215677063977 0.5 1 2 0.333333333333333 0.333333333333333 0.333333333333333 26 0.385858585626263 -295.869688031334 -79.7830245841703 -80.5736680537663 -80.5823867432182 1450.82877849594 1450.82877849594 1450.82877849594
"V124" "Aarest_data" 25 0.8906354668606 1.00150757228574 0.0354513661312588 0.0215644782463455 0.0214171094639122 0.00492157339495236 -0.407005842883791 0 0 0.333558005841542 0.333224970718078 0.33321702344038 0.5 1 2 0.333333333333333 0.333333333333333 0.333333333333333 27 0.39393939369697 -295.861439025437 -79.7509632485002 -80.5855914784553 -80.5942755455527 1629.75083462065 1629.75083462065 1629.75083462065
"V125" "Aarest_data" 26 0.888106903653599 1.00147178048599 0.0358755162711007 0.0215485216326833 0.0214044563590511 0.00426664552573186 -0.371133961598048 -5.6843418860808e-14 0 0.333554279555161 0.333226520903648 0.333219199541191 0.5 1 2 0.333333333333333 0.333333333333333 0.333333333333333 28 0.402020201767677 -295.852533763988 -79.7165725414605 -80.5982994628806 -80.6070528195846 1830.73828029537 1830.73828029537 1830.73828029537
"V126" "Aarest_data" 27 0.885454851230327 1.00145762470489 0.0363261119452583 0.0215318005509258 0.0213889404443756 0.00369597543542 -0.333597637793829 0 0 0.333548550710227 0.333229096321525 0.333222352968248 0.5 1 2 0.333333333333333 0.333333333333333 0.333333333333333 29 0.410101009838384 -295.842902913068 -79.6796244790295 -80.6118562516237 -80.6208129609883 2056.51230834865 2056.51230834865 2056.51230834865
"V127" "Aarest_data" 28 0.882671082307385 1.00147093519009 0.036805505348527 0.0215142797486683 0.0213699484878341 0.00319900790638883 -0.294286336585785 -1.13686837721616e-13 0 0.333540489106734 0.333232860514213 0.333226650379054 0.5 1 2 0.333333333333333 0.333333333333333 0.333333333333333 30 0.418181817909091 -295.832464061823 -79.6398491433304 -80.6263302411902 -80.6356750726138 2310.12970008316 2310.12970008316 2310.12970008316
"V128" "Aarest_data" 29 0.879744013792723 1.00152261797421 0.0373167860366877 0.0214959272095482 0.0213463726904057 0.00276640966470154 -0.25308571586865 5.6843418860808e-14 0 0.333529725919036 0.333237996528647 0.333232277552316 0.5 1 2 0.333333333333333 0.333333333333333 0.333333333333333 31 0.426262625979798 -295.821113581733 -79.5969106508553 -80.641792240852 -80.6518005965519 2595.02421139974 2595.02421139974 2595.02421139974
"V129" "Aarest_data" 30 0.876654890345779 1.00163451898687 0.0378645229294791 0.0214767195521991 0.0213160413628582 0.002389882483115 -0.209876381258155 5.6843418860808e-14 0 0.333515860920313 0.333244703458292 0.333239435621395 0.5 1 2 0.333333333333333 0.333333333333333 0.333333333333333 33 0.434343434050505 -295.808707460246 -79.5503514171138 -80.6583104555304 -80.669434902981 2915.05306282518 2915.05306282518 2915.05306282518
"V130" "Aarest_data" 31 0.873366867094234 1.00185610734585 0.0384568700441292 0.0214566570830993 0.0212741019027296 0.00206191231376351 -0.1645301127474 -5.6843418860808e-14 0 0.333498494881448 0.333253180774594 0.333248324343958 0.5 1 2 0.333333333333333 0.333333333333333 0.333333333333333 35 0.442424242121212 -295.795007258253 -79.4994368510992 -80.6759349902389 -80.6890240529539 3274.54916287773 3274.54916287773 3274.54916287773
"V131" "Aarest_data" 32 0.869784932500749 1.00232566658141 0.0391132825617536 0.0214358185233635 0.0212071062809055 0.00177520911917384 -0.116895012568065 5.6843418860808e-14 0 0.333477368336638 0.333263561443063 0.3332590702203 0.5 1 2 0.333333333333333 0.333333333333333 0.333333333333333 39 0.450505050191919 -295.77948164724 -79.4425909700341 -80.6946390339513 -80.7116395443717 3678.37977182863 3678.37977182863 3678.37977182863
"V132" "Aarest_data" 33 0.865522685380178 1.00362806893081 0.0399095425084827 0.0214146828889901 0.0210586302825307 0.00152004075057732 -0.0667056858882518 0 1.13686837721616e-13 0.333453229242918 0.333275499288584 0.333271271468499 0.5 1 2 0.333333333333333 0.333333333333333 0.333333333333333 54 0.458585858262626 -295.760134671598 -79.3741159680724 -80.713968122723 -80.7414377651617 4132.01240011534 4132.01240011534 4132.01240011534
"V133" "Aarest_data" 34 0.84845804460804 1.02533801109148 0.0432656514001627 0.0214124085741558 0.0190426679817742 0.00116775179702699 -0.00850277743693084 0 -1.13686837721616e-13 0.333482287169981 0.333265668250577 0.333252044579442 0.5 1 2 0.333333333333333 0.333333333333333 0.333333333333333 5312 0.466666666333333 -295.666891394793 -79.1196235201278 -80.7133569968002 -80.9032989473005 4641.58883361278 4641.58883361278 4641.58883361278
"V134" "Aarest_data" 35 0.691093456971678 8.24715025439125 0.109241980311603 0.0272826118860214 2.10985184646823e-16 0.00034335249458195 -2.6464336926324e-05 0 0 0.356355238047296 0.34513107524328 0.298513686709424 0.5 1 2 0.333333333333333 0.333333333333333 0.333333333333333 162 0.47474747440404 -268.450589092516 -76.5338209160908 -79.4061306191895 -57.7234801948732 5214.00828799969 5214.00828799969 5214.00828799969
"V135" "Aarest_data" 36 0.68992625590059 8.52010918004597 0.110448840475628 0.0273922288323424 6.25217786311806e-17 0.000303159071819437 -2.27038279234648e-05 0 0 0.355732614318112 0.344396040505313 0.299871345176575 0.5 1 2 0.333333333333333 0.333333333333333 0.333333333333333 83 0.482828282474747 -267.760701714522 -76.2208470309063 -79.1679696417267 -57.5741014839366 5857.02081805666 5857.02081805666 5857.02081805666
"V136" "Aarest_data" 37 0.688728518126013 8.78759124493935 0.111679114737481 0.0274987152322112 1.89836557053368e-17 0.000267607516704516 -1.95170893420027e-05 0 0 0.355084263816364 0.343645033131151 0.301270703052485 0.5 1 2 0.333333333333333 0.333333333333333 0.333333333333333 84 0.490909090545455 -267.089159005132 -75.902629276009 -78.9286660264416 -57.449577500018 6579.33224657568 6579.33224657568 6579.33224657568
"V137" "Aarest_data" 38 0.6875140546551 9.05158717123506 0.112927242229945 0.0276024348143813 5.8540562181272e-18 0.000236191835981003 -1.68047332351762e-05 2.8421709430404e-14 512 0.35441825804562 0.342888294996349 0.302693446958031 0.5 1 2 0.333333333333333 0.333333333333333 0.333333333333333 85 0.498989898616162 -266.432190448185 -75.5811012952949 -78.6903141941076 -57.3422772991637 7390.72203352578 7390.72203352578 7390.72203352578
"V138" "Aarest_data" 39 0.686294061293837 9.31378759402924 0.114188157804879 0.0277035454817864 1.81970137378328e-18 0.000208451059052095 -1.44880239787426e-05 0 -1024 0.353741561443539 0.342134978997521 0.30412345955894 0.5 1 2 0.333333333333333 0.333333333333333 0.333333333333333 88 0.507070706686869 -265.787054720858 -75.2580098544955 -78.4548844173829 -57.2458711304698 8302.17568131974 8302.17568131974 8302.17568131974
"V139" "Aarest_data" 40 0.68507759708603 9.57564695654123 0.115457217040445 0.0278020438798871 5.66503323083754e-19 0.000183968537555756 -1.250363067129e-05 0 -4096 0.353060284022106 0.341393416088482 0.305546299889411 0.5 1 2 0.333333333333333 0.333333333333333 0.333333333333333 90 0.515151514757576 -265.151802892604 -74.9349522185404 -78.2242541972955 -57.1550314303915 9326.0334688322 9326.0334688322 9326.0334688322
"V140" "Aarest_data" 41 0.683871929097324 9.83843032069413 0.116730147330686 0.0278977971937931 1.75639363008051e-19 0.00016236991719154 -1.07999771898903e-05 0 0 0.35237985207316 0.340671298296777 0.306948849630063 0.5 1 2 0.333333333333333 0.333333333333333 0.333333333333333 94 0.523232322828283 -264.525109015246 -74.6134006005311 -78.0002290086294 -57.0652233101652 10476.1575278967 10476.1575278967 10476.1575278967
"V141" "Aarest_data" 42 0.682682795559652 10.1032497324789 0.118003013212596 0.0279905669283602 5.39648768438694e-20 0.000143320394911939 -9.33461632257604e-06 -2.8421709430404e-14 -32768 0.351705128165504 0.339975811015824 0.308319060818672 0.5 1 2 0.333333333333333 0.333333333333333 0.333333333333333 98 0.53131313089899 -263.906144262856 -74.2947189355383 -77.7845569529553 -56.9725514718481 11768.11952435 11768.11952435 11768.11952435
"V142" "Aarest_data" 43 0.68151462819748 10.3710960348944 0.119272182635222 0.0280800274286412 1.63590073707573e-20 0.000126521645924527 -8.07230371435708e-06 2.8421709430404e-14 0 0.351040504895928 0.339313742270737 0.309645752833335 0.5 1 2 0.333333333333333 0.333333333333333 0.333333333333333 102 0.539393938969697 -263.294478745574 -73.9801767906851 -77.5789418678788 -56.8736387164455 13219.4114846603 13219.4114846603 13219.4114846603
"V143" "Aarest_data" 44 0.680370768247755 10.6428721725068 0.120534278546547 0.0281657804635876 4.8732072960147e-21 0.000111708659915166 -6.98355277961582e-06 0 0 0.350389994476894 0.338691595645063 0.310918409878043 0.5 1 2 0.333333333333333 0.333333333333333 0.333333333333333 108 0.547474747040404 -262.690000081114 -73.6709654757132 -77.3850601081712 -56.7655151359427 14849.6826225447 14849.6826225447 14849.6826225447
"V144" "Aarest_data" 45 0.679253709318839 10.9194352793717 0.121786095631102 0.0282473659679969 1.42111333710988e-21 9.86466322956403e-05 -6.04353203925712e-06 0 -2097152 0.349757338017636 0.33811573740101 0.312126924581353 0.5 1 2 0.333333333333333 0.333333333333333 0.333333333333333 114 0.555555555111111 -262.092840899274 -73.3682225692769 -77.2045878302688 -56.6454973460058 16681.0053720006 16681.0053720006 16681.0053720006
"V145" "Aarest_data" 46 0.678165403362324 11.2016574538825 0.123024454413161 0.0283242677372198 4.04122092204528e-22 8.71279989524965e-05 -5.2312080356387e-06 0 0 0.349146164418979 0.337592617614747 0.313261217966274 0.5 1 2 0.333333333333333 0.333333333333333 0.333333333333333 121 0.563636363181818 -261.503309443813 -73.0730733252332 -77.0392484850953 -56.5110339697752 18738.1742286039 18738.1742286039 18738.1742286039
"V146" "Aarest_data" 47 0.677107676201889 11.4905200925269 0.124245951430849 0.0283959111889636 1.11575454883793e-22 7.69696655140706e-05 -4.52867000433343e-06 0 0 0.348560241551179 0.337129123393378 0.314310635055443 0.5 1 2 0.333333333333333 0.333333333333333 0.333333333333333 130 0.571717171252525 -260.92181856016 -72.7867015819522 -76.8908953445905 -56.3594854837773 21049.0414451202 21049.0414451202 21049.0414451202
"V147" "Aarest_data" 48 0.676082825316517 11.7872667777523 0.125446536812608 0.0284616476550817 2.97434491814386e-23 6.8010464438828e-05 -3.92058525733319e-06 0 0 0.348003889433167 0.336733159970919 0.315262950595914 0.5 1 2 0.333333333333333 0.333333333333333 0.333333333333333 140 0.579797979323232 -260.348808236572 -72.5104712224806 -76.7616540100656 -56.1877880643712 23644.8941264541 23644.8941264541 23644.8941264541
"V148" "Aarest_data" 49 0.675094536288899 12.0936619060422 0.126620790356857 0.0285207146270949 7.59568418459495e-24 6.0108869227804e-05 -3.39377190528012e-06 0 -268435456 0.347482685187461 0.336414638427024 0.316102676385515 0.5 1 2 0.333333333333333 0.333333333333333 0.333333333333333 152 0.587878787393939 -259.784654284039 -72.2461376382678 -76.6541716778907 -55.9919087643148 26560.8778294668 26560.8778294668 26560.8778294668
"V149" "Aarest_data" 50 0.674149416388487 12.4124560438425 0.127760620577574 0.0285721500142651 1.83558004920584e-24 5.31410190234283e-05 -2.93679347862508e-06 0 0 0.34700473574711 0.336187249625795 0.316808014627095 0.5 1 2 0.333333333333333 0.333333333333333 0.333333333333333 168 0.595959595464646 -259.22954697339 -71.9962332048336 -76.5720723545796 -55.7658949129393 29836.4724028334 29836.4724028334 29836.4724028334
"V150" "Aarest_data" 51 0.673259894002901 12.7483058566244 0.128852711127891 0.028614608402183 4.11150167314178e-25 4.69991847680262e-05 -2.53964043395172e-06 0 0 0.346583193154025 0.336071949986639 0.317344856859336 0.5 1 2 0.333333333333333 0.333333333333333 0.333333333333333 189 0.604040403535353 -258.68329688382 -71.7648321200811 -76.5208592877452 -55.5000343063623 33516.0265093885 33516.0265093885 33516.0265093885
"V151" "Aarest_data" 52 0.672450684218174 13.1098675966777 0.129872760895167 0.028645932260866 8.21296312698996e-26 4.159108071633e-05 -2.19332520146054e-06 2.8421709430404e-14 -34359738368 0.34624196333937 0.336104826429997 0.317653210230634 0.5 1 2 0.333333333333333 0.333333333333333 0.333333333333333 219 0.612121211606061 -258.144936969729 -71.559287912297 -76.5099586763616 -55.1767257376459 37649.3580679247 37649.3580679247 37649.3580679247
"V152" "Aarest_data" 53 0.671777017460702 13.515725116249 0.13076932578518 0.0286619442409466 1.34684001490012e-26 3.68415843112757e-05 -1.88921487165317e-06 0 -137438953472 0.346031799654987 0.336359140393829 0.317609059951185 0.5 1 2 0.333333333333333 0.333333333333333 0.333333333333333 270 0.620202019676768 -257.611618841774 -71.3951293848027 -76.5584520246248 -54.7588933360207 42292.428743895 42292.428743895 42292.428743895
"V153" "Aarest_data" 54 0.671402047211521 14.0194803686966 0.131396134931826 0.0286514421124031 1.4280539908817e-27 3.2706254287973e-05 -1.61673436593901e-06 0 0 0.346098001505585 0.337037524249063 0.316864474245352 0.5 1 2 0.333333333333333 0.333333333333333 0.333333333333333 388 0.628282827747475 -257.073827915045 -71.3166355827478 -76.7190343553888 -54.1413213025004 47508.101621028 47508.101621028 47508.101621028
"V154" "Aarest_data" 55 0.715282462645554 78.4009700113802 0.0989679063662332 0.0259735501703738 6.20337087811841e-152 3.961631946936e-05 -2.42092234259417e-07 2.8421709430404e-14 -2.32588391774594e+136 0.385185131071711 0.386796040145398 0.22801882878289 0.5 1 2 0.333333333333333 0.333333333333333 0.333333333333333 398 0.636363635818182 -245.958682110649 -83.1387992618182 -89.9431638683584 -19.2784060912005 53366.9923120631 53366.9923120631 53366.9923120631
"V155" "Aarest_data" 56 0.712758255321506 78.4445012694424 0.100409287583966 0.025956514083246 5.11132164432171e-152 3.4669599600079e-05 -2.15393022529042e-07 0 0 0.384259459559653 0.386596653328192 0.229143887112155 0.5 1 2 0.333333333333333 0.333333333333333 0.333333333333333 38 0.644444443888889 -245.682893501496 -82.7830175901043 -89.9094823119499 -19.3627427103295 59948.4250318941 59948.4250318941 59948.4250318941
"V156" "Aarest_data" 57 0.710234663236434 78.4811392406931 0.101873699870871 0.0259378635586314 4.34268683787837e-152 3.03391350229276e-05 -1.91655445291872e-07 0 0 0.383310717328541 0.386447845364808 0.230241437306651 0.5 1 2 0.333333333333333 0.333333333333333 0.333333333333333 39 0.652525251959596 -245.411797135638 -82.421256037386 -89.8887632466213 -19.4459031938205 67341.5065775083 67341.5065775083 67341.5065775083
"V157" "Aarest_data" 58 0.707710148329112 78.5114230803448 0.103362507668738 0.0259176343135256 3.79543855323266e-152 2.65479305454619e-05 -1.70547899358553e-07 0 0 0.382335650910069 0.386352615474666 0.231311733615266 0.5 1 2 0.333333333333333 0.333333333333333 0.333333333333333 40 0.660606060030303 -245.145252062607 -82.052729706239 -89.8816844549069 -19.5278338381663 75646.3327554629 75646.3327554629 75646.3327554629
"V158" "Aarest_data" 59 0.705182927854026 78.5358516175726 0.104877291122417 0.0258958656343707 3.4047072893611e-152 2.32286446788521e-05 -1.51776482937294e-07 0 0 0.381330681930211 0.386314252066281 0.232355066003508 0.5 1 2 0.333333333333333 0.333333333333333 0.333333333333333 41 0.66868686810101 -244.883106231788 -81.6765715009344 -89.8889899562984 -19.608488901384 84975.3435908645 84975.3435908645 84975.3435908645
"V159" "Aarest_data" 60 0.702650949446539 78.5548869472421 0.106419876185746 0.0258726002956346 3.12837735800981e-152 2.03223751782389e-05 -1.3508056184719e-07 0 0 0.380291870600202 0.386336373343653 0.233371756056145 0.5 1 2 0.333333333333333 0.333333333333333 0.333333333333333 42 0.676767676171717 -244.625195407246 -81.2918229454581 -89.9114996129001 -19.6878298078407 95454.8456661836 95454.8456661836 95454.8456661836
"V160" "Aarest_data" 61 0.700111861517746 78.568957644184 0.107992370205691 0.0258478845025867 2.93867766747894e-152 1.77775976624162e-05 -1.20228932587452e-07 0 0 0.379214872443531 0.386422974435959 0.234362153120509 0.5 1 2 0.333333333333333 0.333333333333333 0.333333333333333 43 0.684848484242424 -244.371341841491 -80.8974232893069 -89.9501202480222 -19.765824426272 107226.722201032 107226.722201032 107226.722201032
"V161" "Aarest_data" 62 0.697562978524188 78.5784616600369 0.10959720393516 0.0258217678676064 2.81714578458496e-152 1.55492377444943e-05 -1.0701650410283e-07 -2.8421709430404e-14 4.65176783549188e+136 0.378094887530356 0.386578481801673 0.235326630667971 0.5 1 2 0.333333333333333 0.333333333333333 0.333333333333333 45 0.692929292313131 -244.121352648538 -80.4921967155331 -90.0058584488065 -19.8424464093397 120450.354025878 120450.354025878 120450.354025878
"V162" "Aarest_data" 63 0.695001241041755 78.5837689554759 0.111237180855077 0.0257943034333104 2.75154361600433e-152 1.35978606863318e-05 -9.5261199817287e-08 0 0 0.376926602034841 0.386807815118066 0.236265582847093 0.5 1 2 0.333333333333333 0.333333333333333 0.333333333333333 46 0.701010100383838 -243.875017815254 -80.0748375989218 -90.0798350955001 -19.9176745839983 135304.777457981 135304.777457981 135304.777457981
"V163" "Aarest_data" 64 0.692423167656753 78.5852239005004 0.112915536555883 0.0257655477390182 2.73393250172226e-152 1.18889626747887e-05 -8.48013712584361e-08 -2.8421709430404e-14 0 0.375704117807631 0.38711646095998 0.237179421232388 0.5 1 2 0.333333333333333 0.333333333333333 0.333333333333333 47 0.709090908454545 -243.632107723631 -79.6438927382151 -90.1733026258454 -19.991492387872 151991.108295293 151991.108295293 151991.108295293
"V164" "Aarest_data" 65 0.689824799713962 78.5831474913043 0.114636008962894 0.0257355609584286 2.75945447817758e-152 1.03923517684734e-05 -7.54934745827995e-08 2.8421709430404e-14 0 0.37442087130714 0.387510556970693 0.238068571722167 0.5 1 2 0.333333333333333 0.333333333333333 0.333333333333333 49 0.717171716525252 -243.392370112585 -79.1977408856704 -90.2876647162386 -20.0638873398774 170735.264747069 170735.264747069 170735.264747069
"V165" "Aarest_data" 66 0.687201636467984 78.5778394114349 0.116402922499782 0.0257044071158022 2.8255543510499e-152 9.08160683366077e-06 -6.72100100018724e-08 -2.8421709430404e-14 0 0.373069538295849 0.387996990127854 0.238933471576297 0.5 1 2 0.333333333333333 0.333333333333333 0.333333333333333 51 0.72525252459596 -243.15552632278 -78.7345686703933 -90.4244992176686 -20.1348505399485 191791.026167249 191791.026167249 191791.026167249
"V166" "Aarest_data" 67 0.68454855773492 78.5695799644392 0.118221290128729 0.0256721543936213 2.93148346845133e-152 7.93360440809465e-06 -5.98377454252841e-08 -2.8421709430404e-14 -4.65176783549188e+136 0.371641920013543 0.38858351340805 0.239774566578408 0.5 1 2 0.333333333333333 0.333333333333333 0.333333333333333 53 0.733333332666667 -242.921266625268 -78.2523418367121 -90.5855853445503 -20.2043761923046 215443.469003189 215443.469003189 215443.469003189
"V167" "Aarest_data" 68 0.681859733398835 78.5586319139681 0.120096936523512 0.0256388755643581 3.07798740254352e-152 6.92810526459198e-06 -5.32759898419499e-08 0 9.30353567098377e+136 0.370128809689259 0.389278882032481 0.24059230827826 0.5 1 2 0.333333333333333 0.333333333333333 0.333333333333333 55 0.741414140737374 -242.689244439071 -77.7487714957496 -90.7729353730886 -20.2724611426081 242012.826479438 242012.826479438 242012.826479438
"V168" "Aarest_data" 69 0.679128516237731 78.5452422575481 0.12203664822058 0.0256046485706555 3.26711591551212e-152 6.04739311427238e-06 -4.74352788160104e-08 2.8421709430404e-14 4.65176783549188e+136 0.368519834087906 0.390093014622697 0.241387151289397 0.5 1 2 0.333333333333333 0.333333333333333 0.333333333333333 57 0.749494948808081 -242.459069132995 -77.2212740504272 -90.9888320782539 -20.3391044226936 271858.824273294 271858.824273294 271858.824273294
"V169" "Aarest_data" 70 0.676347315014975 78.5296439657097 0.124048357526152 0.0255695572927278 3.5021147841988e-152 5.27595858557106e-06 -4.22361026153339e-08 0 -4.65176783549188e+136 0.36680326535568 0.391037184044359 0.242159550599961 0.5 1 2 0.333333333333333 0.333333333333333 0.333333333333333 59 0.757575756878788 -242.23029704384 -76.666923588554 -91.2358729993859 -20.4043067940041 305385.550883342 305385.550883342 305385.550883342
"V170" "Aarest_data" 71 0.673507444015492 78.5120577206218 0.126141369049357 0.02553369255165 3.78737134017779e-152 4.60022302206653e-06 -3.7607733816003e-08 0 0 0.364965797178961 0.392124243973566 0.242909958847473 0.5 1 2 0.333333333333333 0.333333333333333 0.333333333333333 61 0.765656564949495 -242.002420231735 -76.0823952206822 -91.5170229093215 -20.4680702797626 343046.928631492 343046.928631492 343046.928631492
"V171" "Aarest_data" 72 0.670598944288391 78.4926936926128 0.128326640545428 0.0254971534107607 4.12839210775994e-152 4.00829702584815e-06 -3.34873462293217e-08 2.8421709430404e-14 4.65176783549188e+136 0.362992277723054 0.393368898778753 0.243638823498193 0.5 1 2 0.333333333333333 0.333333333333333 0.333333333333333 64 0.773737373020202 -241.774852344288 -75.4638974450368 -91.8356762136972 -20.5303976741601 385352.859371053 385352.859371053 385352.859371053
"V172" "Aarest_data" 73 0.667610372733528 78.4717534040951 0.130617132185296 0.0254600488612155 4.5317933117636e-152 3.48976927000422e-06 -2.98190130365583e-08 0 0 0.360865392701975 0.394788023450749 0.244346583847276 0.5 1 2 0.333333333333333 0.333333333333333 0.333333333333333 67 0.781818181090909 -241.546910811641 -74.8070918288841 -92.1957307846634 -20.5912920127131 432876.128108306 432876.128108306 432876.128108306
"V173" "Aarest_data" 74 0.664528550921841 78.4494317309445 0.133028245484138 0.0254224999903059 5.00528439292771e-152 3.03552191383005e-06 -2.65529678245002e-08 2.8421709430404e-14 -4.65176783549188e+136 0.35856528530543 0.396401046935822 0.245033667758748 0.5 1 2 0.333333333333333 0.333333333333333 0.333333333333333 70 0.789898989161616 -241.317794259691 -74.1069966351944 -92.6016762634083 -20.6507559878294 486260.158006536 486260.158006536 486260.158006536
"V174" "Aarest_data" 75 0.661338270133825 78.4259191180472 0.135578375966876 0.0253846427801017 5.55762059682751e-152 2.637569309627e-06 -2.36450432566926e-08 0 0 0.35606910538143 0.3982304066105 0.24570048800807 0.5 1 2 0.333333333333333 0.333333333333333 0.333333333333333 73 0.797979797232323 -241.086553824656 -73.3578724115662 -93.0586985074204 -20.7087912839839 546227.721768435 546227.721768435 546227.721768435
"V175" "Aarest_data" 76 0.658021945689557 78.4014040936283 0.138289614333376 0.0253466317125852 6.19849374560851e-152 2.28891676812282e-06 -2.10558255275828e-08 0 2.32588391774594e+136 0.353350474013203 0.400302087905503 0.246347438081293 0.5 1 2 0.333333333333333 0.333333333333333 0.333333333333333 77 0.80606060530303 -240.852056546447 -72.5530859801982 -93.572803282202 -20.7653978044268 613590.727341317 613590.727341317 613590.727341317
"V176" "Aarest_data" 77 0.654559218758647 78.3760761977308 0.141188639149706 0.0253086444183902 6.93831921825125e-152 1.98343754220787e-06 -1.87503559345714e-08 1.4210854715202e-14 0 0.350378854703232 0.402646258070299 0.246974887226469 0.5 1 2 0.333333333333333 0.333333333333333 0.333333333333333 81 0.814141413373737 -240.612938582415 -71.6849504992161 -94.1509610502681 -20.820572750576 689261.21043497 689261.21043497 689261.21043497
"V177" "Aarest_data" 78 0.650926503767873 78.3501294607354 0.144307861210732 0.0252708876611658 7.78786195682181e-152 1.71576495944237e-06 -1.66974558624133e-08 1.4210854715202e-14 0 0.347118818674362 0.405298006801736 0.247583174523901 0.5 1 2 0.333333333333333 0.333333333333333 0.333333333333333 85 0.822222221444444 -240.367545215416 -70.7445383103154 -94.8012754944808 -20.8743095087386 774263.682681128 774263.682681128 774263.682681128
"V178" "Aarest_data" 79 0.647096494218985 78.3237666116449 0.14768689317842 0.0252336050329666 8.75762362145618e-152 1.48119885778897e-06 -1.48693928281318e-08 0 -2.32588391774594e+136 0.343529206922747 0.408298191415274 0.248172601661978 0.5 1 2 0.333333333333333 0.333333333333333 0.333333333333333 90 0.830303029515151 -240.113854039971 -69.7214670075961 -95.5331747603054 -20.9265962835874 869749.002617784 869749.002617784 869749.002617784
"V179" "Aarest_data" 80 0.643037655299571 78.2972042249402 0.151374440812233 0.025197086798775 9.85688785822756e-152 1.27562375951129e-06 -1.32415038933686e-08 0 0 0.339562204267427 0.411694371665553 0.248743424067019 0.5 1 2 0.333333333333333 0.333333333333333 0.333333333333333 95 0.838383837585859 -239.849376900897 -68.6036622548322 -96.3576213013719 -20.9774144088908 977009.957299226 977009.957299226 977009.957299226
"V180" "Aarest_data" 81 0.638713760006628 78.2706790360911 0.155430739792223 0.0251616823706933 1.10922931532866e-151 1.09543806559032e-06 -1.17918261821615e-08 1.4210854715202e-14 0 0.335162365205941 0.415541794777452 0.249295840016607 0.5 1 2 0.333333333333333 0.333333333333333 0.333333333333333 101 0.846464645656566 -239.571035441647 -67.3771069329647 -97.2873302737775 -21.026736259859 1097498.76549306 1097498.76549306 1097498.76549306
"V181" "Aarest_data" 82 0.634083589388104 78.2444556565059 0.159930680329958 0.0251278158530956 1.24657796330356e-151 9.37493268793332e-07 -1.05008339801316e-08 0 1.16294195887297e+136 0.330265696323337 0.419904326289104 0.249829977387559 0.5 1 2 0.333333333333333 0.333333333333333 0.333333333333333 107 0.854545453727273 -239.275005417548 -66.0256022897758 -98.3369710177403 -21.0745226927909 1232846.73944207 1232846.73944207 1232846.73944207
"V182" "Aarest_data" 83 0.629100998630237 78.2188358169454 0.164967790833622 0.0250960048532291 1.39717559943185e-151 7.99041735888295e-07 -9.3510976739708e-09 -1.4210854715202e-14 0 0.324798972305845 0.424855149766498 0.250345877927657 0.5 1 2 0.333333333333333 0.333333333333333 0.333333333333333 114 0.86262626179798 -238.956525986716 -64.5305846251568 -99.523309057723 -21.1207199763098 1384886.37139387 1384886.37139387 1384886.37139387
"V183" "Aarest_data" 84 0.623715705533547 78.194169017546 0.170659247750277 0.0250668821012124 1.55933890054098e-151 6.77692881367875e-07 -8.32714874832163e-09 0 0 0.318679612126108 0.430476908418457 0.250843479455436 0.5 1 2 0.333333333333333 0.333333333333333 0.333333333333333 122 0.870707069868687 -238.609674767152 -62.8710779626626 -100.865211054911 -21.1652562686332 1555676.14393047 1555676.14393047 1555676.14393047
"V184" "Aarest_data" 85 0.617875355752552 78.170863876173 0.177152067729512 0.0250412180299746 1.72980952399469e-151 5.71377206881607e-07 -7.41518135782826e-09 0 0 0.311816607719873 0.436860794728551 0.251322597551577 0.5 1 2 0.333333333333333 0.333333333333333 0.333333333333333 130 0.878787877939394 -238.227117838328 -61.0239035911783 -102.383396808041 -21.208037903419 1747528.40000769 1747528.40000769 1747528.40000769
"V185" "Aarest_data" 86 0.611529678504844 78.1493983778649 0.184630606049203 0.0250199398976401 1.90327049315938e-151 4.78317048191457e-07 -6.60295285115353e-09 0 0 0.30411317898781 0.444103910635298 0.251782910376892 0.5 1 2 0.333333333333333 0.333333333333333 0.333333333333333 140 0.886868686010101 -237.799858243349 -58.9643103017566 -104.099781389702 -21.2489461274661 1963040.65004027 1963040.65004027 1963040.65004027
"V186" "Aarest_data" 87 0.6046377767246 78.1303254589726 0.193325547747045 0.025004138977301 2.0719465995507e-151 3.97003006469276e-07 -5.87949244845731e-09 0 0 0.295471849963304 0.452304196525965 0.252223953510731 0.5 1 2 0.333333333333333 0.333333333333333 0.333333333333333 149 0.894949494080808 -237.317022850567 -56.6671884695372 -106.036248861305 -21.2878355451186 2205130.73990305 2205130.73990305 2205130.73990305
"V187" "Aarest_data" 88 0.597179553771464 78.1142681240309 0.20352520014048 0.0249950525434952 2.22550383236976e-151 3.2606881461561e-07 -5.23510834682384e-09 0 -1.16294195887297e+136 0.285802045763203 0.461552818594845 0.252645135641952 0.5 1 2 0.333333333333333 0.333333333333333 0.333333333333333 159 0.903030302151515 -236.76572346688 -54.1088679226188 -108.212843881839 -21.3245362853573 2477076.35599171 2477076.35599171 2477076.35599171
"V188" "Aarest_data" 89 0.589171677872918 78.1018968203265 0.215592330130295 0.0249940050000665 2.35154947064497e-151 2.64733841959242e-07 -4.6611035031674e-09 0 0 0.275028354029784 0.471925857878149 0.253045788092067 0.5 1 2 0.333333333333333 0.333333333333333 0.333333333333333 170 0.911111110222222 -236.130943341166 -51.2689757536148 -110.64583201302 -21.3588623797827 2782559.40220712 2782559.40220712 2782559.40220712
"V189" "Aarest_data" 90 0.580687007887005 78.0938842628345 0.229997975118777 0.0250023011290589 2.43700114782504e-151 2.12002397859123e-07 -4.14982537222386e-09 0 5.81470979436486e+135 0.263092588830296 0.483482155601328 0.253425255568376 0.5 1 2 0.333333333333333 0.333333333333333 0.333333333333333 181 0.919191918292929 -235.3950624002 -48.1304913684565 -113.347252284213 -21.3906279211766 3125715.84968824 3125715.84968824 3125715.84968824
"V190" "Aarest_data" 91 0.571875062620986 78.0908447076814 0.247409739123167 0.0250210997542038 2.4702791097335e-151 1.67205001844195e-07 -3.69439590031106e-09 -7.105427357601e-15 0 0.24993122837801 0.496285759015146 0.253783012606844 0.5 1 2 0.333333333333333 0.333333333333333 0.333333333333333 194 0.927272726363636 -234.535582197248 -44.6729946102282 -116.330270758593 -21.419668423759 3511191.73421514 3511191.73421514 3511191.73421514
"V191" "Aarest_data" 92 0.56298476821692 78.0932942992736 0.268969554148051 0.0250513951212897 2.44358498178622e-151 1.29807290250028e-07 -3.28870441990148e-09 0 -5.81470979436486e+135 0.235374893603938 0.510506370570886 0.254118735825176 0.5 1 2 0.333333333333333 0.333333333333333 0.333333333333333 213 0.935353534434343 -233.51594569006 -40.8444423850583 -119.63272039998 -21.4458546282148 3944206.05943766 3944206.05943766 3944206.05943766
"V192" "Aarest_data" 93 0.554424039052421 78.1017608761913 0.297456794361693 0.0250946460805835 2.35331375951608e-151 9.94461615277942e-08 -2.92732238449389e-09 0 0 0.2187208532682 0.526847045236133 0.254432101495666 0.5 1 2 0.333333333333333 0.333333333333333 0.333333333333333 253 0.94343434250505 -232.244006767124 -36.4423440991509 -123.416574579831 -21.469055125372 4430621.45758389 4430621.45758389 4430621.45758389
"V193" "Aarest_data" 94 0.547750947971901 78.1190614134149 0.357406895508162 0.0251666830141735 2.17900680883907e-151 7.74605801723283e-08 -2.60535415463892e-09 3.5527136788005e-15 0 0.191390935351746 0.553890134096244 0.254718930552011 0.5 1 2 0.333333333333333 0.333333333333333 0.333333333333333 1513 0.951515150575758 -229.838993551022 -29.076579078966 -129.672168157632 -21.4883828332051 4977023.56433211 4977023.56433211 4977023.56433211
"V194" "Aarest_data" 95 0.999999910706422 78.4361241941632 1.03443405253797 0.0256853469377178 5.31497956043632e-152 2.00280693385369 -2.30981811455422e-09 8.88178419700125e-16 0 0.125432717149247 0.620183365321946 0.254383917528807 0.5 1 2 0.333333333333333 0.333333333333333 0.333333333333333 60 0.959595958646465 -217.263874687587 -6.0593132847308 -144.559613780384 -21.3993548743244 5590810.18251223 5590810.18251223 5590810.18251223
"V195" "Aarest_data" 96 0.999999921251332 78.4644434694916 1.03691310166665 0.0256870110884935 4.68582535363978e-152 2.0220370475822 -2.05548644771625e-09 0 0 0.125681230837718 0.619689102251521 0.25462966691076 0.5 1 2 0.333333333333333 0.333333333333333 0.333333333333333 20 0.967676766717172 -217.188219003392 -6.05627635986776 -144.442397731655 -21.4131707210095 6280291.44183426 6280291.44183426 6280291.44183426
"V196" "Aarest_data" 97 0.999999930559476 78.4919296051457 1.03930628117504 0.0256883371148437 4.14648921877487e-152 2.04085412477782 -1.82920700808609e-09 0 0 0.125930560462963 0.619200536187389 0.254868903349648 0.5 1 2 0.333333333333333 0.333333333333333 0.333333333333333 20 0.975757574787879 -217.114180651921 -6.05377537526941 -144.326920413944 -21.4266094567472 7054802.31071865 7054802.31071865 7054802.31071865
"V197" "Aarest_data" 98 0.999999938730218 78.5186391536826 1.04161707734799 0.025689336073725 3.68193102937452e-152 2.05927839741567 -1.6278178804896e-09 0 0 0.126180575412704 0.618717653956099 0.255101770631198 0.5 1 2 0.333333333333333 0.333333333333333 0.333333333333333 20 0.983838382858586 -217.041713114867 -6.05178220726458 -144.213164369499 -21.4396727650714 7924828.98353918 7924828.98353918 7924828.98353918
"V198" "Aarest_data" 99 0.99999994593317 78.544625651775 1.04384879716933 0.0256900187504151 3.27995565894022e-152 2.07732878272349 -1.4486190025309e-09 0 0 0.126431151552629 0.618240438194148 0.255328410253224 0.5 1 2 0.333333333333333 0.333333333333333 0.333333333333333 20 0.991919190929293 -216.970771660193 -6.0502703504426 -144.101111572147 -21.4523626622277 8902150.8544504 8902150.8544504 8902150.8544504
"V199" "Aarest_data" 100 0.999999952275848 78.5699397863673 1.04600458325228 0.0256903956793525 2.93062039025276e-152 2.09502298262307 -1.28916610719898e-09 -8.88178419700125e-16 0 0.126682170482042 0.617768868132457 0.2555489613855 0.5 1 2 0.333333333333333 0.333333333333333 0.333333333333333 20 0.999999999 -216.901313248335 -6.04921476377785 -143.990743580778 -21.4646814659835 1e+07 1e+07 1e+07
