"data_Name" "Iter" "beta1" "beta3" "lambda1" "lambda2" "lambda3" "diffBeta1" "diffBeta3" "diffLambda1" "diffLambda3" "pi1" "pi2" "pi3" "init_beta1" "init_beta2" "init_beta3" "init_pi1" "init_pi2" "init_pi3" "EM_endIter" "tempering" "Qlike" "Q1" "Q2" "Q3" "bpBase" "bp1" "bp3"
"V1" "RearDump" 1 0.600549968128947 1.00520070283703 0.794282355519194 0.967400327874179 0.554147646551548 0.0838301656463258 -19.2281702513572 -2.19962936753859e-15 3.7921055184853e-15 0.379568168103897 0.311371323960733 0.30906050793537 0.5 1 2 0.333333333333333 0.333333333333333 0.333333333333333 283 0.6 -317.806229191118 -73.8486835648842 -41.1764564842914 -62.7620683594621 10 10 10
"V11" "RearDump" 2 0.600788220194278 1.00477546182085 0.794596718510815 0.980541413909446 0.549135028138848 0.0765792263554488 -19.0800971816253 6.70297151117438e-15 -3.24046345312468e-15 0.379792706281035 0.311313427193735 0.30889386652523 0.5 1 2 0.333333333333333 0.333333333333333 0.333333333333333 216 0.604040404030303 -317.589492885928 -73.8474228911034 -40.6311500204734 -63.0977650978402 10.9749876549306 10.9749876549306 10.9749876549306
"V12" "RearDump" 3 0.601020617834898 1.00438650564788 0.794909284752229 0.993342900290073 0.544419915216793 0.0699507074006007 -18.9266271002509 -1.18481613409216e-15 4.5553838479151e-15 0.380021535186605 0.311261628598189 0.308716836215206 0.5 1 2 0.333333333333333 0.333333333333333 0.333333333333333 205 0.608080808060606 -317.374266572434 -73.8475511459093 -40.1076039867095 -63.4119728498069 12.0450354025878 12.0450354025878 12.0450354025878
"V13" "RearDump" 4 0.601248958018642 1.00403046003833 0.795225325020073 1.00587433613193 0.53994427280556 0.0638928512163659 -18.768659692782 -7.38124839028131e-15 2.32452945780892e-15 0.380253277931823 0.311216533151637 0.30853018891654 0.5 1 2 0.333333333333333 0.333333333333333 0.333333333333333 195 0.612121212090909 -317.160210239435 -73.8481988140756 -39.6023924981985 -63.7086137241023 13.2194114846603 13.2194114846603 13.2194114846603
"V14" "RearDump" 5 0.601474711543518 1.00370433699028 0.795548749077287 1.01818823147701 0.535664723200744 0.0583577315385426 -18.6068711781241 -3.88057641576012e-15 5.52335954751015e-15 0.380486830843719 0.311178632036473 0.308334537119808 0.5 1 2 0.333333333333333 0.333333333333333 0.333333333333333 187 0.616161616121212 -316.947050500174 -73.8486983134657 -39.1129213575303 -63.9906495265438 14.5082877849594 14.5082877849594 14.5082877849594
"V15" "RearDump" 6 0.601699093386241 1.00340546885213 0.795882421935476 1.03032474856842 0.531548354518157 0.0533011062198483 -18.4417820703262 -4.28476698566271e-15 -6.47398801234544e-15 0.380721303603771 0.311148326084966 0.308130370311263 0.5 1 2 0.333333333333333 0.333333333333333 0.333333333333333 180 0.620202020151515 -316.734566593152 -73.8485380975541 -38.6371926774363 -64.2603476041316 15.9228279334109 15.9228279334109 15.9228279334109
"V16" "RearDump" 7 0.601923127527851 1.00313145952578 0.796228492053421 1.04231520659938 0.527569627550218 0.0486822359982 -18.2738036805999 5.76795555762288e-15 -5.28743715477731e-15 0.380955960090454 0.311125956434661 0.307918083474885 0.5 1 2 0.333333333333333 0.333333333333333 0.333333333333333 174 0.624242424181818 -316.522577345954 -73.8473160387251 -38.1736355992389 -64.5194822671824 17.4752840000768 17.4752840000768 17.4752840000768
"V17" "RearDump" 8 0.602147689147097 1.00288014746467 0.796588597990838 1.05418434684049 0.523708373772909 0.0444636744439322 -18.1032684914626 -6.60582699651968e-15 8.90953977261688e-15 0.381190181024713 0.311111823196849 0.307697995778438 0.5 1 2 0.333333333333333 0.333333333333333 0.333333333333333 169 0.628282828212121 -316.310932776932 -73.8447099972806 -37.7209959414648 -64.7694652762981 19.1791026167249 19.1791026167249 19.1791026167249
"V18" "RearDump" 9 0.602373534277567 1.00264957649788 0.796964010201092 1.06595187891532 0.519948428616754 0.0406110485828464 -17.9304508645807 -1.76941794549634e-15 -4.73926453636864e-15 0.381423438368156 0.311106198071275 0.30747036356057 0.5 1 2 0.333333333333333 0.333333333333333 0.333333333333333 164 0.632323232242424 -316.099508232161 -73.8404576021175 -37.2782605417226 -65.0114352507561 21.0490414451202 21.0490414451202 21.0490414451202
"V19" "RearDump" 10 0.602601323319641 1.00243797209716 0.797355747222834 1.0776336130855 0.516276631259438 0.0370928408364577 -17.755581735028 -5.53376788836601e-16 -7.61543605953818e-15 0.381655274681384 0.311109335401314 0.307235389917302 0.5 1 2 0.333333333333333 0.333333333333333 0.333333333333333 160 0.636363636272727 -315.888199711711 -73.8343397864839 -36.8446024052671 -65.2463238232354 23.1012970008316 23.1012970008316 23.1012970008316
"V110" "RearDump" 11 0.602831636364751 1.00224372133233 0.797764642373198 1.08924221999816 0.512682152015571 0.0338801757383891 -17.5788588476493 -5.95010152260045e-16 -9.7907792984131e-15 0.381885290963424 0.311121477675828 0.306993231360748 0.5 1 2 0.333333333333333 0.333333333333333 0.333333333333333 157 0.64040404030303 -315.676920873255 -73.8261711889577 -36.4193428193065 -65.4748998556552 25.3536449397011 25.3536449397011 25.3536449397011
"V111" "RearDump" 12 0.603064986369949 1.00206535620998 0.798191403574482 1.10078782280974 0.509155969907939 0.0309466167575039 -17.4004543550127 6.20510587356904e-15 -1.01030295240889e-14 0.382113135977174 0.31114286103184 0.306744002990986 0.5 1 2 0.333333333333333 0.333333333333333 0.333333333333333 154 0.644444444333333 -315.465600402889 -73.8157916161351 -36.0019222338449 -65.6978042282971 27.8255940220712 27.8255940220712 27.8255940220712
"V112" "RearDump" 13 0.603301830692302 1.0019015390188 0.798636668604178 1.11227846425785 0.505690460428063 0.0282679743534189 -17.2205204884943 -5.33427468862868e-15 4.33680868994202e-16 0.382338496547907 0.311173720888531 0.306487782563563 0.5 1 2 0.333333333333333 0.333333333333333 0.333333333333333 151 0.648484848363636 -315.254179670221 -73.8030582226151 -35.5918776515536 -65.9155777086008 30.5385550883342 30.5385550883342 30.5385550883342
"V113" "RearDump" 14 0.603542579827328 1.0017510495473 0.799101043524225 1.12372044758896 0.502279094650788 0.0258221253788093 -17.0391936931845 6.53296861052866e-15 -2.56045185054177e-15 0.38256109073981 0.311214295774101 0.306224613486089 0.5 1 2 0.333333333333333 0.333333333333333 0.333333333333333 149 0.652525252393939 -315.042610930344 -73.7878400281794 -35.1888258074371 -66.1286813131999 33.5160265093884 33.5160265093884 33.5160265093884
"V114" "RearDump" 15 0.603787603284666 1.00161277400472 0.799585119377572 1.13511857124665 0.498916235745895 0.0235888441194874 -16.8565976118443 4.02455846426619e-16 2.11150541495897e-14 0.382780664567713 0.311264828353961 0.305954507078326 0.5 1 2 0.333333333333333 0.333333333333333 0.333333333333333 146 0.656565656424242 -314.830856108799 -73.7700153812632 -34.7924508752897 -66.337509872175 36.7837977182863 36.7837977182863 36.7837977182863
"V115" "RearDump" 16 0.604037238989249 1.00148569501022 0.800089526155376 1.14647640245701 0.49559689526905 0.0215496464277223 -16.6728456218702 4.71324368422898e-15 1.36661515437453e-14 0.382996983003549 0.311325572417274 0.305677444579177 0.5 1 2 0.333333333333333 0.333333333333333 0.333333333333333 144 0.660606060454545 -314.618884747278 -73.7494645256261 -34.4024922830114 -66.5424093901565 40.3701725859656 40.3701725859656 40.3701725859656
"V116" "RearDump" 17 0.604291796673721 1.00136888275354 0.80061493324998 1.15779639626282 0.492316633640127 0.0196876438774609 -16.4880423810428 -4.45650460978442e-15 -3.88578058618805e-16 0.383209829409583 0.311396792129976 0.305393378460441 0.5 1 2 0.333333333333333 0.333333333333333 0.333333333333333 143 0.664646464484848 -314.40667326705 -73.7260693122646 -34.0187377612808 -66.7436835697323 44.3062145758388 44.3062145758388 44.3062145758388
"V117" "RearDump" 18 0.604551563284787 1.00126148714598 0.801162069608975 1.16908003804757 0.489071438631933 0.0179874097038208 -16.3022851293284 -2.1319751519755e-15 -4.29170587956662e-15 0.38341900193807 0.311478764400191 0.305102233661739 0.5 1 2 0.333333333333333 0.333333333333333 0.333333333333333 141 0.668686868515151 -314.194203755265 -73.6997103180659 -33.6410163706612 -66.9416023929091 48.6260158006536 48.6260158006536 48.6260158006536
"V118" "RearDump" 19 0.604816810148286 1.00116273045657 0.801731765800585 1.18032799891508 0.485857583296592 0.0164348554988436 -16.1156647472403 -6.37684349769074e-15 1.49914802793916e-14 0.383624306716887 0.311571784889576 0.304803908393537 0.5 1 2 0.333333333333333 0.333333333333333 0.333333333333333 140 0.672727272545455 -313.981462327971 -73.6702611408509 -33.269191909716 -67.1364126377255 53.3669923120631 53.3669923120631 53.3669923120631
"V119" "RearDump" 20 0.605087794964324 1.00107190112295 0.802324942815188 1.19154017687125 0.482671600153588 0.0150171167322881 -15.9282662517255 -4.12517242587285e-15 1.30936927966729e-14 0.383825559227573 0.311676165877811 0.304498274894616 0.5 1 2 0.333333333333333 0.333333333333333 0.333333333333333 139 0.676767676575758 -313.768438665665 -73.6375897282828 -32.9031596728094 -67.3283394028251 58.5702081805667 58.5702081805667 58.5702081805667
"V120" "RearDump" 21 0.605364767714498 1.0009883477623 0.802942642898872 1.2027158000921 0.479510186930039 0.013722448287659 -15.7401693231613 -5.92928484088873e-15 3.33066907387547e-16 0.384022579369329 0.31179224073286 0.30418517989781 0.5 1 2 0.333333333333333 0.333333333333333 0.333333333333333 138 0.680808080606061 -313.555124655876 -73.6015542233119 -32.5428420430623 -67.51759322213 64.2807311728432 64.2807311728432 64.2807311728432
"V121" "RearDump" 22 0.605647974524347 1.00091147404945 0.803586039324984 1.21385347995978 0.476370162036421 0.012540128173633 -15.5514485511356 -5.66907631949221e-15 9.20444276353294e-15 0.384215189846306 0.311920365158009 0.303864444995685 0.5 1 2 0.333333333333333 0.333333333333333 0.333333333333333 137 0.684848484636364 -313.34151350636 -73.5620016202006 -32.1881856577672 -67.7043733580304 70.5480231071864 70.5480231071864 70.5480231071864
"V122" "RearDump" 23 0.605937662139393 1.00084073367512 0.804256453366705 1.22495126380353 0.473248415769393 0.0114603693586304 -15.3621735805287 1.73472347597681e-17 8.68749516769185e-15 0.384403213569768 0.312060919562807 0.303535866867424 0.5 1 2 0.333333333333333 0.333333333333333 0.333333333333333 137 0.688888888666667 -313.127598740943 -73.5187655223778 -31.8391588671797 -67.888871559084 77.4263682681128 77.4263682681128 77.4263682681128
"V123" "RearDump" 24 0.606234081042597 1.0007756262998 0.804955353866344 1.23600665762371 0.470141896431153 0.0104742385219367 -15.1724090974959 1.57512891618694e-15 4.55885329486705e-15 0.384586473749235 0.312214308580212 0.303199217670553 0.5 1 2 0.333333333333333 0.333333333333333 0.333333333333333 137 0.69292929269697 -312.91337352715 -73.4716661982092 -31.4957500245991 -68.0712730948214 84.9753435908645 84.9753435908645 84.9753435908645
"V124" "RearDump" 25 0.60653749022283 1.00071569339739 0.805684376728274 1.2470166665216 0.467047569136467 0.00957358240465567 -14.9822148013522 -2.31412111695306e-15 -7.74033614980851e-15 0.384764791192809 0.312380963703985 0.302854245103206 0.5 1 2 0.333333333333333 0.333333333333333 0.333333333333333 136 0.696969696727273 -312.698829652296 -73.4205081082783 -31.15796562902 -68.2517600453492 93.260334688322 93.260334688322 93.260334688322
"V125" "RearDump" 26 0.606848162010406 1.00066051473553 0.80644534717017 1.25797782447815 0.463962377746578 0.00875095982829066 -14.7916452949382 -4.0766001685455e-16 -1.57512891618694e-15 0.384937981532819 0.312561346364866 0.302500672102315 0.5 1 2 0.333333333333333 0.333333333333333 0.333333333333333 136 0.701010100757576 -312.483956499962 -73.3650771794937 -30.8258289595791 -68.4305143566563 102.353102189903 102.353102189903 102.353102189903
"V126" "RearDump" 27 0.607166384741728 1.00060970504659 0.807240269418804 1.26888618628593 0.460883261041635 0.00799957956226649 -14.6007498394028 -1.16053000542848e-14 1.03875241741491e-14 0.385105857139873 0.312755945369002 0.302138197491125 0.5 1 2 0.333333333333333 0.333333333333333 0.333333333333333 137 0.705050504787879 -312.268740607323 -73.3051422767175 -30.4993794377639 -68.607716677755 112.332403297803 112.332403297803 112.332403297803
"V127" "RearDump" 28 0.607492467015955 1.00056291111478 0.808071335458574 1.27973733796275 0.45780714110078 0.00731324363683683 -14.4095721242407 -1.65145674912992e-15 -2.73392419813945e-15 0.385268226515085 0.31296527724808 0.301766496236835 0.5 1 2 0.333333333333333 0.333333333333333 0.333333333333333 137 0.709090908818182 -312.053164880343 -73.2404542924553 -30.1786717514247 -68.7835474146508 123.284673944207 123.284673944207 123.284673944207
"V128" "RearDump" 29 0.607826743210966 1.00051980897828 0.808940953136231 1.29052641162583 0.45473088897364 0.0066862956081124 -14.2181500172746 -5.08794395503998e-15 -1.61329283265843e-14 0.385424891374806 0.313189889678533 0.301385218946661 0.5 1 2 0.333333333333333 0.333333333333333 0.333333333333333 137 0.713131312848485 -311.837207542847 -73.1707428976767 -29.8637751997249 -68.9581895837152 135.304777457981 135.304777457981 135.304777457981
"V129" "RearDump" 30 0.60816957700147 1.00048010147604 0.809851741106292 1.30124806984529 0.45165134181897 0.00611357312303795 -14.0265152142216 5.25447740873375e-15 -4.40619762898109e-16 0.38557564849429 0.313430358965654 0.300993992540056 0.5 1 2 0.333333333333333 0.333333333333333 0.333333333333333 138 0.717171716878788 -311.620841638953 -73.0957175581846 -29.5547734709781 -69.1318276474799 148.496826225447 148.496826225447 148.496826225447
"V130" "RearDump" 31 0.608521365343263 1.00044351597071 0.810806525672492 1.31189649405499 0.448565317598942 0.00559036464439089 -13.8346928771854 -1.84401105496335e-15 3.94129173741931e-15 0.385720291433832 0.313687287401739 0.300592421164428 0.5 1 2 0.333333333333333 0.333333333333333 0.333333333333333 139 0.721212120909091 -311.404034488618 -73.0150683587673 -29.2517643306443 -69.3046465859705 162.975083462064 162.975083462064 162.975083462064
"V131" "RearDump" 32 0.608882543765576 1.00040980228736 0.811808356822751 1.32246537954297 0.445469606145419 0.0051123700112754 -13.6427012661801 3.55618312575245e-15 -4.10435574416113e-15 0.385858610068524 0.313961303516759 0.300180086414717 0.5 1 2 0.333333333333333 0.333333333333333 0.333333333333333 140 0.725252524939394 -311.186746871259 -72.9284645331111 -28.9548594298131 -69.4768328202206 178.864952905744 178.864952905744 178.864952905744
"V132" "RearDump" 33 0.609253590774897 1.00037873079644 0.812860505280941 1.33294791889513 0.442360988083057 0.00467566437158951 -13.4505513246168 -1.11022302462516e-16 -5.80091530366644e-15 0.385990392877965 0.314253058561073 0.299756548560962 0.5 1 2 0.333333333333333 0.333333333333333 0.333333333333333 141 0.729292928969697 -310.968932504942 -72.8355554496122 -28.6641841639486 -69.6485729981091 196.304065004027 196.304065004027 196.304065004027
"V133" "RearDump" 34 0.609635032591877 1.00035009070889 0.813966460850173 1.34333678742923 0.439236252883286 0.00427666528039339 -13.2582462533223 1.03562991515815e-15 1.03736463863413e-15 0.386115429338797 0.314563222653352 0.299321348007851 0.5 1 2 0.333333333333333 0.333333333333333 0.333333333333333 142 0.733333333 -310.750537507701 -72.7359715227288 -28.379877496906 -69.8200528762348 215.443469003188 215.443469003188 215.443469003188
"V134" "RearDump" 35 0.610027447928703 1.00032368848661 0.815129927157254 1.35362412956347 0.436092222293786 0.00391210267606823 -13.0657810752205 1.19019377686769e-14 -1.59108837216593e-14 0.386233513039181 0.314892479687799 0.29887400727302 0.5 1 2 0.333333333333333 0.333333333333333 0.333333333333333 143 0.737373737030303 -310.531499917032 -72.6293256550267 -28.1020917077439 -69.9914558244128 236.448941264541 236.448941264541 236.448941264541
"V135" "RearDump" 36 0.61043147293871 1.00029934638609 0.816354816171946 1.36380154764749 0.432925774663968 0.00357899149172169 -12.873142199105 -1.47451495458029e-16 -1.76386683037322e-14 0.386344445113633 0.315241521552029 0.298414033334339 0.5 1 2 0.333333333333333 0.333333333333333 0.333333333333333 145 0.741414141060606 -310.311749227263 -72.5152148011984 -27.8309920750191 -70.162961294801 259.502421139974 259.502421139974 259.502421139974
"V136" "RearDump" 37 0.610847805047911 1.00027690116948 0.817645216698572 1.37386009758757 0.429733899070774 0.00327460663114465 -12.6803070145052 4.33333924299006e-15 -9.65894031423886e-15 0.386448040948828 0.315611037049491 0.297940922001681 0.5 1 2 0.333333333333333 0.333333333333333 0.333333333333333 146 0.745454545090909 -310.091206274559 -72.393224745329 -27.5667559777718 -70.3347410770378 284.80358684358 284.80358684358 284.80358684358
"V137" "RearDump" 38 0.611277208717531 1.00025620281264 0.819005402053273 1.38379028827923 0.426513703456485 0.00299646021527167 -12.4872434941101 -4.49640324973188e-15 2.83800760669806e-15 0.386544132555732 0.316001707041087 0.297454160403182 0.5 1 2 0.333333333333333 0.333333333333333 0.333333333333333 148 0.749494949121212 -309.869782660008 -72.2629302366659 -27.309572538803 -70.5069590837569 312.571584968824 312.571584968824 312.571584968824
"V138" "RearDump" 39 0.611720517823266 1.00023711358593 0.820439768741675 1.39358209857839 0.423262499237352 0.00274228072466798 -12.2939099080744 1.91860416443035e-15 1.64174229766445e-14 0.386632579015315 0.316414186677764 0.296953234306921 0.5 1 2 0.333333333333333 0.333333333333333 0.333333333333333 149 0.753535353151515 -309.647381075471 -72.1239034516028 -27.0596407380981 -70.6797654057135 343.046928631492 343.046928631492 343.046928631492
"V139" "RearDump" 40 0.612178640566682 1.00021950676892 0.821952833408808 1.40322499584235 0.419977818089723 0.00250999407119679 -12.1002545660116 -3.15025783237388e-15 2.46157261241109e-14 0.386713270338466 0.31684909723579 0.296437632425745 0.5 1 2 0.333333333333333 0.333333333333333 0.333333333333333 151 0.757575757181818 -309.423894982645 -71.9757155100153 -26.8171684621387 -70.8532955628666 376.493580679247 376.493580679247 376.493580679247
"V140" "RearDump" 41 0.612652560564915 1.00020326595051 0.823549158650559 1.41270798605596 0.416657502180909 0.0022977062454288 -11.906215771043 -1.25593979660721e-15 3.44169137633799e-15 0.386786139206789 0.317307004778065 0.295906856015146 0.5 1 2 0.333333333333333 0.333333333333333 0.333333333333333 153 0.761616161212121 -309.199209240438 -71.8179464399743 -26.582369652952 -71.0276642921285 413.201240011534 413.201240011534 413.201240011534
"V141" "RearDump" 42 0.613143338967002 1.00018828407643 0.825233316036934 1.42201967100586 0.413299748667317 0.00210368754883206 -11.7117218865917 -5.63091240302072e-15 -1.3385126340637e-14 0.386851168342759 0.317788404886786 0.295360426770455 0.5 1 2 0.333333333333333 0.333333333333333 0.333333333333333 155 0.765656565242424 -308.973200408182 -71.6501906576349 -26.3554619591465 -71.2029628592106 453.487850812858 453.487850812858 453.487850812858
"V142" "RearDump" 43 0.613652113941612 1.00017446268936 0.82700981503811 1.43114833569867 0.409903183547011 0.00192635818174836 -11.5166916672436 3.55618312575245e-15 4.75314232417645e-16 0.386908401174487 0.318293701039136 0.294797897786377 0.5 1 2 0.333333333333333 0.333333333333333 0.333333333333333 156 0.769696969272727 -308.745737614286 -71.4720663525061 -26.1366631633462 -71.3792542686982 497.702356433212 497.702356433212 497.702356433212
"V143" "RearDump" 44 0.614180099636359 1.00016171121509 0.828883049340914 1.4400820463977 0.406466910494542 0.0017642751247422 -11.321034792405 6.43408937239798e-15 -6.93542445695527e-15 0.386957950172145 0.318823185911145 0.29421886391671 0.5 1 2 0.333333333333333 0.333333333333333 0.333333333333333 158 0.77373737330303 -308.516683414943 -71.2832226847919 -25.9261877442679 -71.5565704106401 546.227721768435 546.227721768435 546.227721768435
"V144" "RearDump" 45 0.614728581113332 1.0001499463006 0.830857194115057 1.44880879743521 0.402990598473485 0.00161612014007062 -11.1246528329869 6.30051566474776e-15 -3.07739944638286e-15 0.387000009266213 0.319377014213405 0.293622976520382 0.5 1 2 0.333333333333333 0.333333333333333 0.333333333333333 160 0.777777777333333 -308.28589546625 -71.083352397558 -25.7242415475043 -71.7349064924318 599.484250318941 599.484250318941 599.484250318941
"V145" "RearDump" 46 0.61529890885829 1.00013909123154 0.832936137311361 1.45731666194812 0.399474525261104 0.00148068886953467 -10.9274404668425 -7.64492635862979e-15 -7.96931964863745e-15 0.387034861769322 0.31995518198074 0.293009956249938 0.5 1 2 0.333333333333333 0.333333333333333 0.333333333333333 161 0.781818181363636 -308.053228064169 -70.8722001554268 -25.5310170736438 -71.9142188246355 657.933224657569 657.933224657569 657.933224657569
"V146" "RearDump" 47 0.615892491039222 1.00012907533925 0.835123410236819 1.46559395939054 0.395919612545582 0.00135688089752506 -10.7292870340004 -3.00107161343988e-16 -8.20871148832225e-15 0.387062887283007 0.320557506426038 0.292379606290955 0.5 1 2 0.333333333333333 0.333333333333333 0.333333333333333 163 0.785858585393939 -307.818533990948 -70.6495706221962 -25.3466884891956 -72.0944233428677 722.080901838547 722.080901838547 722.080901838547
"V147" "RearDump" 48 0.616510781224337 1.00011983356689 0.837422077426697 1.47362947453034 0.392327485913334 0.00124369066999463 -10.530078640452 7.59808882477842e-15 -7.9658502016855e-15 0.387084570802371 0.321183599952407 0.291731829245222 0.5 1 2 0.333333333333333 0.333333333333333 0.333333333333333 164 0.789898989424242 -307.581667154715 -70.4153406535639 -25.1714048613458 -72.2753925063833 792.482898353917 792.482898353917 792.482898353917
"V148" "RearDump" 49 0.61715526706862 1.00011130594801 0.839834695096873 1.4814126403167 0.388700462525857 0.00114019926913755 -10.3297003568764 -4.91967577787022e-15 -2.2586099657218e-15 0.387100503941467 0.321832857336309 0.291066638722223 0.5 1 2 0.333333333333333 0.333333333333333 0.333333333333333 165 0.793939393454545 -307.342484729756 -70.1694632274055 -25.0052855498269 -72.4569575783521 869.749002617784 869.749002617784 869.749002617784
"V149" "RearDump" 50 0.617827455037321 1.0001034371773 0.842363238243983 1.48893375656992 0.385041557456215 0.0010455668980569 -10.1280388782738 -4.04190569902596e-15 -7.16440795578421e-15 0.387111387350266 0.322504439165288 0.290384173484446 0.5 1 2 0.333333333333333 0.333333333333333 0.333333333333333 167 0.797979797484848 -307.100849956216 -69.9119743766652 -24.8484143248821 -72.6389097483778 954.548456661834 954.548456661834 954.548456661834
"V150" "RearDump" 51 0.618528853495979 1.00009617630795 0.845009039382076 1.49618421151765 0.381354469768899 0.000959026042750111 -9.92498544796437 -3.7470027081099e-16 1.35308431126191e-16 0.387118030171863 0.323197259248646 0.289684710579491 0.5 1 2 0.333333333333333 0.333333333333333 0.333333333333333 167 0.802020201515152 -306.856635052566 -69.6429981966811 -24.7008337096911 -72.8210029202693 1047.61575278967 1047.61575278967 1047.61575278967
"V151" "RearDump" 52 0.619260958912163 1.00008947631329 0.847772811369762 1.5031566235518 0.377643495244076 0.00087987528583966 -9.72043851541233 -2.81372147803438e-15 6.50174358796107e-15 0.387121341211982 0.323909987626259 0.288968671161759 0.5 1 2 0.333333333333333 0.333333333333333 0.333333333333333 168 0.806060605545455 -306.609723288306 -69.3627421347101 -24.5625426478043 -73.0029618834559 1149.75699539774 1149.75699539774 1149.75699539774
"V152" "RearDump" 53 0.620025237020981 1.00008329381409 0.85065459936256 1.50984505008528 0.373913493149606 0.000807473627801869 -9.51430689116575 3.32719962692352e-15 -2.20309881449055e-15 0.387122324365209 0.324641043731857 0.288236631902934 0.5 1 2 0.333333333333333 0.333333333333333 0.333333333333333 168 0.810101009575758 -306.36001201918 -69.0714995803224 -24.4334914019105 -73.184486880964 1261.85688306602 1261.85688306602 1261.85688306602
"V153" "RearDump" 54 0.620823110487361 1.00007758877739 0.853653849132392 1.5162450691171 0.37016976231094 0.000741235364301929 -9.30651219568945 6.01081684425964e-15 -5.91193760612896e-15 0.387122064115746 0.325388609763413 0.287489326120841 0.5 1 2 0.333333333333333 0.333333333333333 0.333333333333333 169 0.814141413606061 -306.107414296111 -68.7696394956718 -24.3135813150615 -73.3652647241208 1384.88637139387 1384.88637139387 1384.88637139387
"V154" "RearDump" 55 0.621655943950064 1.00007232425201 0.856769421668448 1.52235390395477 0.366417962867614 0.000680625381924926 -9.09699149725211 6.35429209250304e-15 1.26322563520631e-14 0.387121714482815 0.326150636487002 0.286727649030182 0.5 1 2 0.333333333333333 0.333333333333333 0.333333333333333 169 0.818181817636364 -305.851861044904 -68.4576016528003 -24.2026625568479 -73.544976889273 1519.91108295293 1519.91108295293 1519.91108295293
"V155" "RearDump" 56 0.622525036270037 1.00006746618889 0.859999701922904 1.52817042491982 0.362663976432701 0.000625154899012159 -8.88569905991221 4.35589064817776e-15 1.0623446566882e-14 0.387122481369173 0.326924864068159 0.285952654562668 0.5 1 2 0.333333333333333 0.333333333333333 0.333333333333333 169 0.822222221666667 -305.593301873117 -68.1358818355638 -24.1005361138748 -73.7233120178907 1668.10053720006 1668.10053720006 1668.10053720006
"V156" "RearDump" 57 0.623431612673317 1.00006298309853 0.863342670861558 1.53369517131578 0.358913804717719 0.000574377550634608 -8.67260797572763 -3.43475248243408e-15 -5.41233724504764e-16 0.387125607989334 0.327708836882819 0.285165555127848 0.5 1 2 0.333333333333333 0.333333333333333 0.333333333333333 168 0.82626262569697 -305.331706071222 -67.8050211138096 -24.006954485695 -73.8999758846733 1830.73828029537 1830.73828029537 1830.73828029537
"V157" "RearDump" 58 0.624376823944991 1.00005884598846 0.866796042435639 1.53893027287504 0.355173437132144 0.000527885825192698 -8.45771087730527 -8.93382590128056e-16 -2.01644256847544e-14 0.387132357353559 0.328499926867956 0.284367715778485 0.5 1 2 0.333333333333333 0.333333333333333 0.333333333333333 168 0.830303029727273 -305.067062443093 -67.4655887098074 -23.9216254958345 -74.0747035611373 2009.23300256505 2009.23300256505 2009.23300256505
"V158" "RearDump" 59 0.625361745622235 1.00005502812874 0.870357352396045 1.54387940990759 0.351448766224707 0.000485307776799004 -8.24102054986106 -6.02469463206745e-15 1.42386102908176e-14 0.387143999107262 0.329295348142794 0.283560652749943 0.5 1 2 0.333333333333333 0.333333333333333 0.333333333333333 167 0.834343433757576 -304.799379392904 -67.1181703276134 -23.8442141498721 -74.2472684025199 2205.13073990305 2205.13073990305 2205.13073990305
"V159" "RearDump" 60 0.626387386559665 1.00005150485099 0.874024130685013 1.54854764528928 0.347745466512557 0.000446304033339118 -8.02256937429015 1.07795716797199e-14 -8.77076189453874e-15 0.387161793743494 0.330092180584972 0.282746025671535 0.5 1 2 0.333333333333333 0.333333333333333 0.333333333333333 167 0.838383837787879 -304.528683546164 -66.7633486206343 -23.77434843585 -74.4174936150093 2420.12826479438 2420.12826479438 2420.12826479438
"V160" "RearDump" 61 0.627454695617585 1.00004825350513 0.877793994675632 1.55294134350039 0.344068940484484 0.000410565019159037 -7.80240896060005 9.24607612695638e-15 5.98132654516803e-15 0.387186983345151 0.330887379286717 0.281925637368132 0.5 1 2 0.333333333333333 0.333333333333333 0.333333333333333 166 0.842424241818182 -304.255019027875 -66.401692442585 -23.7116215426067 -74.5852593490267 2656.08778294669 2656.08778294669 2656.08778294669
"V161" "RearDump" 62 0.628564577796666 1.00004525321683 0.881664822105317 1.55706796960707 0.340424233780168 0.000377808424460113 -7.58060868196763 8.7811702353946e-15 -1.06581410364015e-14 0.387220780853654 0.331677790297916 0.28110142884843 0.5 1 2 0.333333333333333 0.333333333333333 0.333333333333333 165 0.846464645848485 -303.978445373256 -66.0337389573262 -23.6555976844991 -74.7505120925889 2915.05306282518 2915.05306282518 2915.05306282518
"V162" "RearDump" 63 0.629717909715902 1.00004248481508 0.885634865278072 1.56093596052713 0.336816002517445 0.000347776858809823 -7.35725437172148 -5.6621374255883e-15 4.23966417528732e-15 0.387264364868755 0.332460153900647 0.280275481230599 0.5 1 2 0.333333333333333 0.333333333333333 0.333333333333333 164 0.850505049878788 -303.699035919806 -65.6599825197043 -23.6058149709347 -74.9132707764093 3199.26713779738 3199.26713779738 3199.26713779738
"V163" "RearDump" 64 0.630915560405056 1.0000399307007 0.889702890851961 1.56455456030919 0.333248481429997 0.000320235699355464 -7.13244654255816 -3.61516372393567e-15 -1.57374113740616e-14 0.387318875855229 0.333231105629591 0.27945001851518 0.5 1 2 0.333333333333333 0.333333333333333 0.333333333333333 163 0.854545453909091 -303.416875646313 -65.2808619263932 -23.5617890613933 -75.0736332375638 3511.19173421513 3511.19173421513 3511.19173421513
"V164" "RearDump" 65 0.632158415090541 1.00003757474743 0.893868315105614 1.56793366706328 0.329725470115773 0.000294971110264441 -6.90629848565674 2.86923262926564e-15 1.31943067582796e-14 0.387385415205139 0.333987170372286 0.278627414422575 0.5 1 2 0.333333333333333 0.333333333333333 0.333333333333333 162 0.858585857939394 -303.132058916854 -64.8967490597763 -23.5230160096184 -75.2317820269988 3853.52859371053 3853.52859371053 3853.52859371053
"V165" "RearDump" 66 0.633447402494555 1.00003540220188 0.898131342781947 1.57108368779086 0.326250332175112 0.000271788222399039 -6.6789342804122 -7.64666108210577e-15 1.53418944215389e-14 0.387465046704854 0.334724749688433 0.277810203606713 0.5 1 2 0.333333333333333 0.333333333333333 0.333333333333333 161 0.862626261969697 -302.844687093147 -64.5079381319036 -23.4889744453962 -75.3879901376081 4229.2428743895 4229.2428743895 4229.2428743895
"V166" "RearDump" 67 0.634783526024122 1.00003339955467 0.902493113923436 1.57401540282481 0.322826004925307 0.000250509463015192 -6.45048677717561 4.05751821030975e-15 1.45439216225896e-14 0.387558800161702 0.335440101757637 0.27700109808066 0.5 1 2 0.333333333333333 0.333333333333333 0.333333333333333 160 0.866666666 -302.55486602531 -64.1146351241129 -23.4591270342963 -75.5426270890217 4641.58883361279 4641.58883361279 4641.58883361279
"V167" "RearDump" 68 0.63616789953508 1.00003155459663 0.906955864884023 1.57673983998278 0.319455017117831 0.00023097302485553 -6.22109559936622 2.46330733588707e-16 2.47440956613332e-14 0.387667676948575 0.336129313257722 0.276203009793703 0.5 1 2 0.333333333333333 0.333333333333333 0.333333333333333 159 0.870707070030303 -302.262703396871 -63.7169468831333 -23.4329211862052 -75.6961658734648 5094.13801481638 5094.13801481638 5094.13801481638
"V168" "RearDump" 69 0.637601788672591 1.00002985605736 0.911523111133765 1.57926815741671 0.316139513070783 0.000213031465627012 -5.99090519992923 5.74193470548323e-15 1.43982048506075e-14 0.387792657125451 0.336788262020695 0.275419080853854 0.5 1 2 0.333333333333333 0.333333333333333 0.333333333333333 158 0.874747474060606 -301.968305908354 -63.3148692244328 -23.4097889771521 -75.8491913778405 5590.81018251223 5590.81018251223 5590.81018251223
"V169" "RearDump" 70 0.639086660133277 1.00002829397695 0.916199872038409 1.58161151836361 0.312881276670611 0.000196550430523246 -5.76006290149552 -2.09207651202803e-15 -7.43849426498855e-15 0.387934707810122 0.337412569722347 0.274652722467532 0.5 1 2 0.333333333333333 0.333333333333333 0.333333333333333 158 0.878787878090909 -301.671776067964 -62.9082723601809 -23.3891467040791 -76.0024112730705 6135.90727341317 6135.90727341317 6135.90727341317
"V170" "RearDump" 71 0.640624237106525 1.00002685916029 0.920992905353506 1.58378102094403 0.309681772351886 0.000181407482841678 -5.52871733692877 -3.35495520253914e-15 7.31359417471822e-15 0.38809479324507 0.337997539749837 0.273907667005092 0.5 1 2 0.333333333333333 0.333333333333333 0.333333333333333 158 0.882828282121212 -301.373209092312 -62.4968866583307 -23.3703920211095 -76.1566688094724 6734.15065775082 6734.15065775082 6734.15065775082
"V171" "RearDump" 72 0.642216571128065 1.00002554358252 0.925911056872991 1.58578754667979 0.306542166111183 0.00016749104843683 -5.2970164780534 -4.25701141004708e-15 -6.30051566474776e-15 0.388273884656253 0.338538082844173 0.273188032499574 0.5 1 2 0.333333333333333 0.333333333333333 0.333333333333333 158 0.886868686151515 -301.072688626141 -62.0802795932238 -23.3529025672808 -76.312961442748 7390.72203352578 7390.72203352578 7390.72203352578
"V172" "RearDump" 73 0.643866129002514 1.00002433999442 0.930965684345369 1.58764161810953 0.303463354676097 0.000154699455528373 -5.06510585422964 4.16854051277227e-15 -1.16018306073329e-14 0.388472970659017 0.339028621146372 0.272498408194611 0.5 1 2 0.333333333333333 0.333333333333333 0.333333333333333 160 0.890909090181818 -300.770281950331 -61.6578279804264 -23.3360329760841 -76.4724647779786 8111.30830789688 8111.30830789688 8111.30830789688
"V173" "RearDump" 74 0.645575894950289 1.00002324217728 0.936171126646444 1.58935333760903 0.300446016957708 0.000142940059149055 -4.83312737363339 1.1067535776732e-15 1.69309011255336e-15 0.388693069110224 0.33946296566106 0.271843965228716 0.5 1 2 0.333333333333333 0.333333333333333 0.333333333333333 162 0.894949494212121 -300.466034954805 -61.2286884566063 -23.3191079563424 -76.636561386664 8902.1508544504 8902.1508544504 8902.1508544504
"V174" "RearDump" 75 0.647349514151256 1.00002224478937 0.941545478798475 1.59093208837604 0.297490620619604 0.000132128468500525 -4.60121695839246 3.72965547335014e-15 -1.92068583260152e-14 0.388935234904559 0.339834163639788 0.271230601455653 0.5 1 2 0.333333333333333 0.333333333333333 0.333333333333333 166 0.898989898242424 -300.1599640991 -60.7917441611466 -23.3014199261225 -76.806884991342 9770.09957299226 9770.09957299226 9770.09957299226
"V175" "RearDump" 76 0.649191464365225 1.0000213434645 0.947111454164943 1.59238637354884 0.294597473900283 0.000122187840467802 -4.36950321689088 5.56846235788555e-15 4.91273688396632e-15 0.389200568567445 0.340134298145656 0.270665133286899 0.5 1 2 0.333333333333333 0.333333333333333 0.333333333333333 172 0.903030302272727 -299.852047879892 -60.3455478880649 -23.2822197042262 -76.9853735822211 10722.6722201032 10722.6722201032 10722.6722201032
"V176" "RearDump" 77 0.651107290217203 1.00002053484352 0.952897647060983 1.59372345015392 0.291766754502867 0.000113048261916049 -4.13810528257869 3.07046055247895e-16 -2.77555756156289e-16 0.389490218892051 0.340354228433419 0.27015555267453 0.5 1 2 0.333333333333333 0.333333333333333 0.333333333333333 179 0.90707070630303 -299.542214485735 -59.8882359800793 -23.2607088562657 -77.1743448064411 11768.11952435 11768.11952435 11768.11952435
"V177" "RearDump" 78 0.653103918301524 1.00001981668444 0.958940272185141 1.59494880775847 0.288998542522017 0.000104646210559167 -3.90713031683408 -3.08607306376274e-15 -7.18869408444789e-15 0.389805376734353 0.340483243321535 0.269711379944112 0.5 1 2 0.333333333333333 0.333333333333333 0.333333333333333 188 0.911111110333333 -299.230325092415 -59.417408847594 -23.2360304030732 -77.3765998329495 12915.4966501488 12915.4966501488 12915.4966501488
"V178" "RearDump" 79 0.655190082095344 1.0000191880171 0.965285529529067 1.59606548204701 0.286292875209189 9.6924092453321e-05 -3.67667085190948 -3.10862446895044e-15 7.04991620636974e-15 0.39014725643166 0.340508594626461 0.269344148941879 0.5 1 2 0.333333333333333 0.333333333333333 0.333333333333333 198 0.915151514363636 -298.91615136293 -58.9299690335228 -23.2072558496543 -77.5955647301167 14174.7416292681 14174.7416292681 14174.7416292681
"V179" "RearDump" 80 0.657376922331129 1.00001864937149 0.971993054391152 1.59707292686576 0.283649803884063 8.98298730760416e-05 -3.44680101202567 9.57567358739198e-16 1.74860126378462e-15 0.390517049895713 0.340414852360643 0.269068097743644 0.5 1 2 0.333333333333333 0.333333333333333 0.333333333333333 211 0.919191918393939 -298.599342789347 -58.4218830544656 -23.1733719840065 -77.8354937281354 15556.7614393047 15556.7614393047 15556.7614393047
"V180" "RearDump" 81 0.659678836396492 1.00001820324473 0.979140867766182 1.59796535101952 0.281069492793839 8.33168061760148e-05 -3.21757190745146 1.88911386533874e-15 2.43416398149066e-14 0.390915840594853 0.340183002033309 0.268901157371838 0.5 1 2 0.333333333333333 0.333333333333333 0.333333333333333 226 0.923232322424242 -298.279379866516 -57.887841262861 -23.1332643050998 -78.101757764645 17073.5264747069 17073.5264747069 17073.5264747069
"V181" "RearDump" 82 0.662114729698553 1.00001785443883 0.986832870029638 1.59872897262858 0.278552358793688 7.73432986065359e-05 -2.98900498506991 -1.00492530963336e-14 1.1296519275561e-14 0.391344438348008 0.339789140459634 0.268866421192358 0.5 1 2 0.333333333333333 0.333333333333333 0.333333333333333 245 0.927272726454546 -297.955503272103 -57.3207427081694 -23.0857016763994 -78.4012734681891 18738.1742286039 18738.1742286039 18738.1742286039
"V182" "RearDump" 83 0.664709889296038 1.0000176112133 0.995210306074755 1.59933755980293 0.276099317537462 7.187295047828e-05 -2.76108299139346 5.77836389847874e-15 2.48967513272191e-14 0.391803082237606 0.339202554194126 0.268994363568268 0.5 1 2 0.333333333333333 0.333333333333333 0.333333333333333 269 0.931313130484849 -297.626605249377 -56.7109126703828 -23.0293235370596 -78.7431458466987 20565.1230834865 20565.1230834865 20565.1230834865
"V183" "RearDump" 84 0.667498884795082 1.00001748651039 1.00447002061371 1.59974476901422 0.273712213091258 6.68748639114369e-05 -2.53373696331744 -4.35242120122581e-15 1.29340982368831e-14 0.392290897506969 0.338382799670425 0.269326302822606 0.5 1 2 0.333333333333333 0.333333333333333 0.333333333333333 299 0.935353534515152 -297.291056347409 -56.0448671516156 -22.9626417493085 -79.1396644091471 22570.1971963392 22570.1971963392 22570.1971963392
"V184" "RearDump" 85 0.670530185237239 1.00001750029924 1.01489446812909 1.59987050896181 0.271394621435998 6.23243704787058e-05 -2.30682773422751 -2.90739654573713e-15 -1.52100554373646e-14 0.392804898658937 0.337275143848296 0.269919957492768 0.5 1 2 0.333333333333333 0.333333333333333 0.333333333333333 337 0.939393938545455 -296.946419952761 -55.3033094034284 -22.8840831497833 -79.6078846860638 24770.7635599171 24770.7635599171 24770.7635599171
"V185" "RearDump" 86 0.67387369910037 1.00001768349568 1.02690281554852 1.59957551865716 0.269153431662521 5.82044411849836e-05 -2.08012058242262 -1.61676227961038e-15 -7.66053886991358e-15 0.393338130590724 0.335803265619751 0.270858603789525 0.5 1 2 0.333333333333333 0.333333333333333 0.333333333333333 388 0.943434342575758 -296.588965501644 -54.4577869917057 -22.7921424350552 -80.1721973229678 27185.8824273294 27185.8824273294 27185.8824273294
"V186" "RearDump" 87 0.677633231478883 1.00001808495486 1.0411405842086 1.59861160477182 0.267002124657797 5.4508191837499e-05 -1.85325559568128 2.30544749957318e-15 -2.26346719145454e-14 0.393876152158251 0.333857453092235 0.272266394749514 0.5 1 2 0.333333333333333 0.333333333333333 0.333333333333333 457 0.947474746606061 -296.212815307599 -53.4650092754429 -22.6858327123129 -80.8685334688605 29836.4724028334 29836.4724028334 29836.4724028334
"V187" "RearDump" 88 0.681966376936917 1.00001878444356 1.05863812531415 1.59651975412623 0.264967876320483 5.12428916117358e-05 -1.62573578172401 -8.68229099726392e-15 2.30648833365876e-14 0.394390393362133 0.331276223887106 0.274333382750761 0.5 1 2 0.333333333333333 0.333333333333333 0.333333333333333 552 0.951515150636364 -295.808446529377 -52.2573207994603 -22.5659594102631 -81.7509782225489 32745.4916287773 32745.4916287773 32745.4916287773
"V188" "RearDump" 89 0.687110229422251 1.00001991760296 1.08107106454733 1.59241832572083 0.263107082878122 4.84344299174211e-05 -1.39703528592801 7.20430659573168e-15 -4.56579218877096e-15 0.394826468065316 0.327823566506098 0.277349965428586 0.5 1 2 0.333333333333333 0.333333333333333 0.333333333333333 687 0.955555554666667 -295.360289943967 -50.7287292493356 -22.4387071742771 -82.9000304722245 35938.1366380463 35938.1366380463 35938.1366380463
"V189" "RearDump" 90 0.693381414031771 1.00002172199664 1.11104161017995 1.58460080076913 0.261535129353349 4.61226719465913e-05 -1.16718759026587 5.1087606367517e-15 -3.91353616180368e-15 0.395089758171744 0.323192557050122 0.281717684778134 0.5 1 2 0.333333333333333 0.333333333333333 0.333333333333333 871 0.95959595869697 -294.844471164714 -48.7262130070192 -22.3253138519513 -84.4215122163061 39442.0605943766 39442.0605943766 39442.0605943766
"V190" "RearDump" 91 0.701025128876364 1.00002461605001 1.15175824364716 1.57004490528281 0.260451505929779 4.43147634250352e-05 -0.93846474720695 5.43141920328338e-15 1.04916075827077e-14 0.395053944594337 0.317155755727639 0.287790299678024 0.5 1 2 0.333333333333333 0.333333333333333 0.333333333333333 1088 0.963636362727273 -294.233523183399 -46.0930287034221 -22.2829383156594 -86.3940275785836 43287.6128108306 43287.6128108306 43287.6128108306
"V191" "RearDump" 92 0.709880706168537 1.00002938325383 1.20556912968967 1.54431752047007 0.260057312867575 4.29024994801352e-05 -0.716361829068489 -3.35148575558719e-15 -6.98052726733067e-15 0.394617632093251 0.309923809259386 0.295458558647362 0.5 1 2 0.333333333333333 0.333333333333333 0.333333333333333 1308 0.967676766757576 -293.514216618983 -42.7834304605161 -22.4302689376815 -88.7529838066331 47508.101621028 47508.101621028 47508.101621028
"V192" "RearDump" 93 0.719759316281244 1.00003809634063 1.27688857686642 1.49923053882216 0.260395684019192 4.1789366592937e-05 -0.503436873850021 2.39565312032397e-15 1.8401946633162e-14 0.393541336372552 0.302085892120373 0.304372771507075 0.5 1 2 0.333333333333333 0.333333333333333 0.333333333333333 1686 0.971717170787879 -292.667324927254 -38.6738041052176 -23.0087174678378 -91.3794732332049 52140.0828799969 52140.0828799969 52140.0828799969
"V193" "RearDump" 94 0.735482575614267 1.00006394207916 1.4256927576282 1.37443003438376 0.26173537565197 4.23044162563002e-05 -0.273298624175155 2.4459601011273e-15 -2.81857870376712e-14 0.38863149740843 0.294132595652188 0.317235906939382 0.5 1 2 0.333333333333333 0.333333333333333 0.333333333333333 6224 0.975757574818182 -291.27460787223 -30.8610649611604 -25.6751260640661 -95.0310607213263 57223.6765935023 57223.6765935023 57223.6765935023
"V194" "RearDump" 95 0.779804771649924 1.00040760922021 1.82654341049062 1.05729698688651 0.260767832614971 5.18933279352041e-05 -0.0390639543036286 -1.64668625957098e-15 4.94049245958195e-15 0.376991992675082 0.301954219120435 0.321053788204483 0.5 1 2 0.333333333333333 0.333333333333333 0.333333333333333 1711 0.979797978848485 -288.051709487085 -15.2060665758007 -36.4967227998078 -96.3021015755683 62802.9144183425 62802.9144183425 62802.9144183425
"V195" "RearDump" 96 0.837086151803952 18.8426835902718 2.028612037584 0.488793750600984 2.34934622095301e-21 7.17237749441324e-05 -8.13122520426646e-07 -2.53587434254424e-15 -81344 0.444878715727652 0.518242519479631 0.0368787647927172 0.5 1 2 0.333333333333333 0.333333333333333 0.333333333333333 1755 0.983838382878788 -236.72176620093 -12.5666203523069 -113.818638142595 -5.03315498039234 68926.121043497 68926.121043497 68926.121043497
"V196" "RearDump" 97 0.842727649400143 18.8415518297118 2.08925929402192 0.491659507408023 2.35604678611921e-21 6.83689817364552e-05 -7.40933948861766e-07 -3.65138115869437e-16 -397632 0.436865006886064 0.52620372848206 0.0369312646318759 0.5 1 2 0.333333333333333 0.333333333333333 0.333333333333333 463 0.987878786909091 -235.934720177547 -10.5734184999029 -115.17337469674 -5.04047425099582 75646.3327554629 75646.3327554629 75646.3327554629
"V197" "RearDump" 98 0.848106378896963 18.8402107164101 2.15032517409613 0.494620422402769 2.36404818142491e-21 6.50987632155875e-05 -6.75162169727628e-07 1.44125324129103e-15 87296 0.429106543071181 0.533907247304272 0.0369862096245472 0.5 1 2 0.333333333333333 0.333333333333333 0.333333333333333 443 0.991919190939394 -235.166580334846 -8.70393720852331 -116.449160607189 -5.04818210870294 83021.7568131975 83021.7568131975 83021.7568131975
"V198" "RearDump" 99 0.853219226118375 18.8387176042902 2.21158472168311 0.497634538229952 2.37301686745045e-21 6.19111269521966e-05 -6.15234116096985e-07 1.54105447478479e-15 22336 0.421622572418975 0.541334850477805 0.0370425771032204 0.5 1 2 0.333333333333333 0.333333333333333 0.333333333333333 424 0.995959594969697 -234.419250210186 -6.95466966078172 -117.648213346221 -5.05612377726426 91116.275611549 91116.275611549 91116.275611549
"V199" "RearDump" 100 0.858061118828749 18.837118853757 2.27282206764072 0.500669908518495 2.38268149463564e-21 5.8797052382431e-05 -5.60628658163864e-07 -2.33632470923679e-15 4928 0.414422298555948 0.548478137288381 0.0370995641556718 0.5 1 2 0.333333333333333 0.333333333333333 0.333333333333333 406 0.999999999 -233.694353771106 -5.3208983565048 -118.773739935459 -5.06417752494639 1e+05 1e+05 1e+05
