"data_Name" "Iter" "beta1" "beta3" "lambda1" "lambda2" "lambda3" "diffBeta1" "diffBeta3" "diffLambda1" "diffLambda3" "pi1" "pi2" "pi3" "init_beta1" "init_beta2" "init_beta3" "init_pi1" "init_pi2" "init_pi3" "EM_endIter" "tempering" "Qlike" "Q1" "Q2" "Q3" "bpBase" "bp1" "bp3"
"FRT_censord" 1 0.984440007643158 3.94301034162929 0.046250459324976 0.00967332540723083 1.30218755926818e-10 0.632515778210374 -0.00339788136552954 2.8421709430404e-14 0 0.109150696166123 0.35901581201347 0.531833491820408 0.5 1 2 0.1 0.8 0.1 596 1 -154.802632881582 -13.526624998993 -57.5144128688151 -55.400906833995 100 100 100
"FRT_censord" 2 0.986134270079403 3.93869485815233 0.046065732625236 0.00966505787524386 1.33503992462567e-10 0.63299808295123 -0.00302928724571672 4.2632564145606e-14 -1.52587890625e-05 0.109374436748768 0.358695607880685 0.531929955370547 0.5 1 2 0.1 0.8 0.1 411 1 -154.806890558784 -13.5469758818654 -57.4642575911765 -55.4281257151086 112.332403297803 112.332403297803 112.332403297803
"FRT_censord" 3 0.987645266765131 3.93485556656577 0.0459015704824027 0.00965772196470874 1.3649633373129e-10 0.633416757253064 -0.00270024497017829 0 1.52587890625e-05 0.109572334675029 0.358411780550313 0.532015884774657 0.5 1 2 0.1 0.8 0.1 404 1 -154.810624001467 -13.5649133583566 -57.4197827806496 -55.4523699373218 126.185688306602 126.185688306602 126.185688306602
"FRT_censord" 4 0.988992600267429 3.93143965331666 0.0457556527864894 0.00965121015317636 1.39215039868007e-10 0.633781197835756 -0.00240659987697001 -1.4210854715202e-14 0 0.109747502041211 0.358160072918343 0.532092425040445 0.5 1 2 0.1 0.8 0.1 398 1 -154.813903021842 -13.580740682874 -57.3803272707361 -55.473963426775 141.747416292681 141.747416292681 141.747416292681
"FRT_censord" 5 0.990193812363944 3.92840022401016 0.0456259281594494 0.00964542789568574 1.41679605398459e-10 0.634099210609449 -0.00214461513443354 -1.4210854715202e-14 -7.62939453125e-06 0.109902649423962 0.357936752707389 0.53216059786865 0.5 1 2 0.1 0.8 0.1 391 1 -154.816787084662 -13.5947195493656 -57.3453106690339 -55.4931950543667 159.228279334109 159.228279334109 159.228279334109
"FRT_censord" 6 0.991264596551993 3.92569562131516 0.0455105810812949 0.00964029192418777 1.43909339707076e-10 0.634377319149127 -0.00191093363918071 -5.6843418860808e-14 -1.52587890625e-05 0.110040143685479 0.357738541424057 0.532221314890464 0.5 1 2 0.1 0.8 0.1 385 1 -154.819327055739 -13.6070765279929 -57.3142225656143 -55.5103224338835 178.864952905744 178.864952905744 178.864952905744
"FRT_censord" 7 0.992218988116215 3.92328883585335 0.0454080037668108 0.00963572881352131 1.45923042295821e-10 0.634621006355887 -0.00170254252725499 1.4210854715202e-14 0 0.110162055125346 0.357562555915501 0.532275388959153 0.5 1 2 0.1 0.8 0.1 379 1 -154.821566582081 -13.6180082096326 -57.2866136416806 -55.5255751971579 200.923300256505 200.923300256505 200.923300256505
"FRT_censord" 8 0.993069535290634 3.92114697527576 0.0453167713318153 0.00963167373781092 1.47738775530689e-10 0.634834904558762 -0.001516740339774 -1.4210854715202e-14 -1.52587890625e-05 0.110270198492973 0.35740625658737 0.532323544919656 0.5 1 2 0.1 0.8 0.1 374 1 -154.823543256787 -13.6276856628377 -57.2620877558608 -55.5391580499766 225.701971963392 225.701971963392 225.701971963392
"FRT_censord" 9 0.993827452891108 3.91924080439054 0.0452356204117196 0.00962806941175952 1.49373701201699e-10 0.63502294662506 -0.00135110678489525 -2.8421709430404e-14 0 0.110366166697098 0.357267404525531 0.532366428777371 0.5 1 2 0.1 0.8 0.1 368 1 -154.825289544594 -13.6362580161871 -57.2402953835488 -55.55125340653 253.536449397011 253.536449397011 253.536449397011
"FRT_censord" 10 0.99450276059261 3.91754432766407 0.045163430133698 0.0096248651621115 1.50843984710564e-10 0.635188486365482 -0.00120347502488727 4.2632564145606e-14 0 0.110451360721163 0.357144022753402 0.532404616525435 0.5 1 2 0.1 0.8 0.1 363 1 -154.826833583535 -13.643855641362 -57.2209276628303 -55.5620238663374 284.80358684358 284.80358684358 284.80358684358
"FRT_censord" 11 0.99510440742561 3.91603443319734 0.045099205819875 0.00962201613859351 1.52164732753123e-10 0.635334395790231 -0.00107190635755927 -1.4210854715202e-14 -1.52587890625e-05 0.11052701363694 0.357034365074756 0.532438621288303 0.5 1 2 0.1 0.8 0.1 357 1 -154.828199802399 -13.6505926192801 -57.2037116086814 -55.5716142772962 319.926713779738 319.926713779738 319.926713779738
"FRT_censord" 12 0.995640383832728 3.91469056306577 0.0450420642491769 0.00961948260966835 1.53349979664285e-10 0.635463143410217 -0.000954667173125756 -2.8421709430404e-14 -7.62939453125e-06 0.110594212818859 0.356936886667126 0.532468900514015 0.5 1 2 0.1 0.8 0.1 352 1 -154.82940948469 -13.6565690574647 -57.1884055726139 -55.5801537384139 359.381366380463 359.381366380463 359.381366380463
"FRT_censord" 13 0.996117822110862 3.91349443482527 0.0449912211039256 0.00961722936561238 1.54412687903075e-10 0.63557685843432 -0.000850208026683674 1.4210854715202e-14 1.52587890625e-05 0.110653917520003 0.356850220830738 0.532495861649259 0.5 1 2 0.1 0.8 0.1 347 1 -154.830481194567 -13.66187284471 -57.1747956573484 -55.5877572373609 403.701725859656 403.701725859656 403.701725859656
"FRT_censord" 14 0.99654308708276 3.91242978360255 0.0449459795629376 0.00961522518216757 1.55364778701008e-10 0.635677383064879 -0.000757144687355549 0 7.62939453125e-06 0.110706975262466 0.356773156931467 0.532519867806067 0.5 1 2 0.1 0.8 0.1 343 1 -154.831431171052 -13.6665813177866 -57.1626923004556 -55.5945272323705 453.487850812858 453.487850812858 453.487850812858
"FRT_censord" 15 0.996921857252906 3.91148214247885 0.0449057205177966 0.00961344236242516 1.56217168150642e-10 0.63576631588623 -0.000674241005825138 -1.4210854715202e-14 -7.62939453125e-06 0.110754134997294 0.356704622685143 0.532541242317564 0.5 1 2 0.1 0.8 0.1 338 1 -154.83227363014 -13.6707625446571 -57.151927532989 -55.600554962827 509.413801481638 509.413801481638 509.413801481638
"FRT_censord" 16 0.997259197641665 3.91063863764084 0.0448698936474817 0.00961185632251889 1.56979822291859e-10 0.635845047532285 -0.000600393458519477 1.4210854715202e-14 -7.62939453125e-06 0.110796059650509 0.356643666989013 0.532560273360478 0.5 1 2 0.1 0.8 0.1 333 1 -154.833021055131 -13.6744765854247 -57.1423523109344 -55.6059217292764 572.236765935022 572.236765935022 572.236765935022
"FRT_censord" 17 0.997559625196253 3.90988781530023 0.0448380097707409 0.00961044523786313 1.57661809701087e-10 0.635914790685687 -0.000534617222626821 0 2.288818359375e-05 0.110833336042439 0.356589446375368 0.532577217582193 0.5 1 2 0.1 0.8 0.1 328 1 -154.833684413114 -13.6777764374037 -57.1338344132271 -55.6106999364967 642.807311728433 642.807311728433 642.807311728433
"FRT_censord" 18 0.997827167412047 3.90921948268808 0.0448096339287293 0.00960918972521684 1.58271362470478e-10 0.635976605049111 -0.00047603365016613 1.4210854715202e-14 -1.52587890625e-05 0.110866484134495 0.356541212233145 0.53259230363236 0.5 1 2 0.1 0.8 0.1 324 1 -154.834273357948 -13.68070893587 -57.1262564526444 -55.6149540826665 722.080901838547 722.080901838547 722.080901838547
"FRT_censord" 19 0.998065414657668 3.90862457241212 0.0447843794303652 0.00960807256966743 1.58815932971148e-10 0.636031418538607 -0.000423859012016692 1.4210854715202e-14 7.62939453125e-06 0.110895964483854 0.356498300510547 0.5326057350056 0.5 1 2 0.1 0.8 0.1 319 1 -154.834796385563 -13.6833154470163 -57.1195142746831 -55.6187415796982 811.130830789687 811.130830789687 811.130830789687
"FRT_censord" 20 0.99827756718748 3.90809501271236 0.0447619023048212 0.00960707847203138 1.59302259049538e-10 0.636080044923876 -0.00037739439693496 0 -7.62939453125e-06 0.110922185801894 0.356460121113834 0.532617693084272 0.5 1 2 0.1 0.8 0.1 314 1 -154.835260998494 -13.6856326147096 -57.1135153014347 -55.6221135862928 911.16275611549 911.16275611549 911.16275611549
"FRT_censord" 21 0.998466477262681 3.90762361998637 0.0447418965999261 0.00960619383511611 1.59736419870701e-10 0.636123199051628 -0.000336016652447313 -1.4210854715202e-14 7.62939453125e-06 0.110945510697463 0.356426149893579 0.532628339408958 0.5 1 2 0.1 0.8 0.1 310 1 -154.835673820709 -13.6876928852042 -57.1081772831934 -55.6251156626904 1023.53102189903 1023.53102189903 1023.53102189903
"FRT_censord" 22 0.998634686498441 3.90720400383942 0.0447240902499559 0.00960540657620399 1.60123889080742e-10 0.636161509844898 -0.00029917026788695 4.2632564145606e-14 0 0.110966260668165 0.356395921648798 0.532637817683037 0.5 1 2 0.1 0.8 0.1 305 1 -154.836040695996 -13.6895249590679 -57.1034272077261 -55.6277883493721 1149.75699539774 1149.75699539774 1149.75699539774
"FRT_censord" 23 0.998784459564261 3.90683047315981 0.0447082411208676 0.00960470594879551 1.60469594226162e-10 0.636195531138105 -0.000266360108689412 1.4210854715202e-14 1.52587890625e-05 0.110984721547835 0.35636902237478 0.532646256077385 0.5 1 2 0.1 0.8 0.1 301 1 -154.836366804714 -13.6911543339617 -57.0992000852044 -55.6301677869798 1291.54966501488 1291.54966501488 1291.54966501488
"FRT_censord" 24 0.998917814168702 3.90649796534286 0.0446941338649963 0.00960408240059346 1.60777960414328e-10 0.636225751377909 -0.000237144913455722 0 0 0.111001146874245 0.356345084550003 0.532653768575752 0.5 1 2 0.1 0.8 0.1 297 1 -154.836656722065 -13.6926035785156 -57.0954382151394 -55.6322861272468 1450.82877849594 1450.82877849594 1450.82877849594
"FRT_censord" 25 0.999036547746332 3.90620197454622 0.0446815768883124 0.00960352743717262 1.61052959461474e-10 0.636252601710575 -0.000211131480469362 -4.2632564145606e-14 0 0.111015761853181 0.356323781476475 0.532660456670345 0.5 1 2 0.1 0.8 0.1 292 1 -154.83691449933 -13.6938927137174 -57.0920902993264 -55.6341719977607 1629.75083462065 1629.75083462065 1629.75083462065
"FRT_censord" 26 0.999142261524843 3.90593848746286 0.0446703996288464 0.00960303350006277 1.61298155740967e-10 0.636276462960193 -0.000187969470815119 0 1.52587890625e-05 0.111028766893443 0.356304822221636 0.532666410884921 0.5 1 2 0.1 0.8 0.1 288 1 -154.837143735362 -13.6950395518132 -57.0891106487751 -55.6358509192746 1830.73828029537 1830.73828029537 1830.73828029537
"FRT_censord" 27 0.999236381683196 3.90570393554957 0.0446604504217935 0.0096025938707751 1.61516739568532e-10 0.636297671966657 -0.00016734676577812 -2.8421709430404e-14 7.62939453125e-06 0.111040339690608 0.356287948687672 0.53267171162172 0.5 1 2 0.1 0.8 0.1 283 1 -154.837347608247 -13.6960598492782 -57.0864587281522 -55.6373455748684 2056.51230834865 2056.51230834865 2056.51230834865
"FRT_censord" 28 0.999320178510231 3.90549513882473 0.0446515942013214 0.00960220256831251 1.61711570846541e-10 0.636316526669127 -0.000148985321047235 0 7.62939453125e-06 0.111050638598624 0.356272930730619 0.532676430670757 0.5 1 2 0.1 0.8 0.1 279 1 -154.837528948935 -13.6969676562759 -57.0840983873347 -55.6386762009406 2310.12970008316 2310.12970008316 2310.12970008316
"FRT_censord" 29 0.999394783356639 3.90530926939689 0.0446437108440759 0.00960185427499958 1.6188520607857e-10 0.636333290953885 -0.000132637465284802 -1.4210854715202e-14 -7.62939453125e-06 0.111059804097048 0.356259564100053 0.532680631802899 0.5 1 2 0.1 0.8 0.1 275 1 -154.83769026003 -13.6977754111241 -57.0819975418964 -55.6398607853905 2595.02421139974 2595.02421139974 2595.02421139974
"FRT_censord" 30 0.999461203791635 3.90514381017602 0.044636693448035 0.00960154425978245 1.62039931400626e-10 0.636348198611909 -0.00011808259729662 0 -7.62939453125e-06 0.111067961082235 0.35624766712661 0.532684371791155 0.5 1 2 0.1 0.8 0.1 270 1 -154.837833762413 -13.6984941637932 -57.080127652406 -55.6409153424483 2915.05306282518 2915.05306282518 2915.05306282518
"FRT_censord" 31 0.999520337073821 3.90499651788044 0.0446304467984396 0.00960126830989901 1.62177792788934e-10 0.636361456790313 -0.000105124239226484 -1.4210854715202e-14 -7.62939453125e-06 0.111075220928621 0.3562370777351 0.532687701336279 0.5 1 2 0.1 0.8 0.1 266 1 -154.837961437387 -13.6991337781936 -57.0784632546272 -55.6418541604976 3274.54916287773 3274.54916287773 3274.54916287773
"FRT_censord" 32 0.99957298222434 3.90486539830792 0.0446248862265502 0.00960102268000229 1.62300615663817e-10 0.636373249273403 -9.35874076688492e-05 0 0 0.111081682390974 0.356227652178905 0.532690665430121 0.5 1 2 0.1 0.8 0.1 262 1 -154.838075035447 -13.6997029796736 -57.0769817637999 -55.6426899311567 3678.37977182863 3678.37977182863 3678.37977182863
"FRT_censord" 33 0.999619850766575 3.90474867640231 0.0446199363760677 0.0096008040373542 1.62410030158553e-10 0.63638373911483 -8.33162698086198e-05 0 1.52587890625e-05 0.111087433297167 0.356219262579 0.532693304123832 0.5 1 2 0.1 0.8 0.1 257 1 -154.838176111256 -13.7002095235193 -57.075663087176 -55.6434339527234 4132.01240011534 4132.01240011534 4132.01240011534
"FRT_censord" 34 0.999661576244615 3.90464476935286 0.044615530102548 0.00960060941292012 1.62507494149533e-10 0.636393070940647 -7.41720534236379e-05 -2.8421709430404e-14 1.52587890625e-05 0.111092552082469 0.356211794688701 0.53269565322883 0.5 1 2 0.1 0.8 0.1 253 1 -154.838266055696 -13.7006603491543 -57.0744892718747 -55.6440963145319 4641.58883361278 4641.58883361278 4641.58883361278
"FRT_censord" 35 0.999698722794177 3.90455227083329 0.044611607715018 0.00960043616764869 1.62594306246339e-10 0.636401373233927 -6.6031183550308e-05 -1.4210854715202e-14 -7.62939453125e-06 0.111097108226575 0.356205147293929 0.532697744479496 0.5 1 2 0.1 0.8 0.1 249 1 -154.838346095748 -13.7010615852382 -57.0734444134636 -55.6446859694746 5214.00828799969 5214.00828799969 5214.00828799969
"FRT_censord" 36 0.999731792723914 3.90446992907221 0.0446081160860112 0.00960028195300319 1.62671624995595e-10 0.636408760099675 -5.87836220944382e-05 0 -7.62939453125e-06 0.111101163533046 0.356199230344237 0.532699606122716 0.5 1 2 0.1 0.8 0.1 244 1 -154.838417321704 -13.7014186807336 -57.0725143612332 -55.6452108869706 5857.02081805666 5857.02081805666 5857.02081805666
"FRT_censord" 37 0.999761233267968 3.90439662702578 0.0446050078514939 0.00960014467549423 1.62740486416594e-10 0.636415332811085 -5.2331387820459e-05 0 -7.62939453125e-06 0.111104773300742 0.356193963239131 0.532701263460127 0.5 1 2 0.1 0.8 0.1 240 1 -154.838480712352 -13.7017365261899 -57.0716864478224 -55.6456781926175 6579.33224657568 6579.33224657568 6579.33224657568
"FRT_censord" 38 0.99978744262799 3.90433137297487 0.0446022409255267 0.00960002247511143 1.62801811917481e-10 0.63642118143388 -4.65872374775245e-05 -1.4210854715202e-14 1.52587890625e-05 0.111107986435734 0.356189274695692 0.532702738868574 0.5 1 2 0.1 0.8 0.1 236 1 -154.838537128871 -13.7020194296325 -57.0709494710524 -55.6460942005164 7390.72203352578 7390.72203352578 7390.72203352578
"FRT_censord" 39 0.99981077535402 3.90427328324844 0.0445997778217394 0.00959991369530381 1.62856423860436e-10 0.636426385982313 -4.14734910734182e-05 -2.8421709430404e-14 7.62939453125e-06 0.111110846552561 0.356185101130646 0.532704052316794 0.5 1 2 0.1 0.8 0.1 232 1 -154.838587339985 -13.7022712370486 -57.0702934381245 -55.6464645413426 8302.17568131974 8302.17568131974 8302.17568131974
"FRT_censord" 40 0.999831547090806 3.90422157217369 0.0445975852003992 0.00959981686286924 1.62905054444618e-10 0.636431017608153 -3.69209846908802e-05 1.4210854715202e-14 7.62939453125e-06 0.111113392355945 0.356181386114731 0.532705221529324 0.5 1 2 0.1 0.8 0.1 227 1 -154.838632026165 -13.7024953550973 -57.0697094807498 -55.6467942172395 9326.0334688322 9326.0334688322 9326.0334688322
"FRT_censord" 41 0.999850038875079 3.90417553760221 0.0445956333074086 0.00959973066317452 1.62948358907995e-10 0.63643513947947 -3.28681384615948e-05 2.8421709430404e-14 0 0.111115658598706 0.356178078962495 0.532706262438799 0.5 1 2 0.1 0.8 0.1 223 1 -154.838671802068 -13.7026948584884 -57.0691896319756 -55.6470877119404 10476.1575278967 10476.1575278967 10476.1575278967
"FRT_censord" 42 0.999866500936356 3.9041345571118 0.0445938957284013 0.0095996539292275 1.62986918712519e-10 0.636438807844542 -2.92601254585634e-05 -4.2632564145606e-14 7.62939453125e-06 0.111117675912744 0.356175135005807 0.532707189081449 0.5 1 2 0.1 0.8 0.1 219 1 -154.838707205363 -13.7028724409458 -57.0687268716939 -55.647348987697 11768.11952435 11768.11952435 11768.11952435
"FRT_censord" 43 0.999881155968708 3.90409807679028 0.044592348960893 0.00959958562268245 1.63021251840859e-10 0.636442072727103 -2.60481322555961e-05 1.4210854715202e-14 -7.62939453125e-06 0.111119471545221 0.356172514507442 0.532708013947337 0.5 1 2 0.1 0.8 0.1 214 1 -154.838738714139 -13.703030497889 -57.0683149546155 -55.647581570482 13219.4114846603 13219.4114846603 13219.4114846603
"FRT_censord" 44 0.999894202349942 3.90406560071141 0.0445909719972994 0.0095995248155741 1.63051822504544e-10 0.636444978528276 -2.31886995152308e-05 -1.4210854715202e-14 0 0.111121070059622 0.356170181631134 0.532708748309244 0.5 1 2 0.1 0.8 0.1 210 1 -154.838766763021 -13.7031712046397 -57.0679482473653 -55.6477886302243 14849.6826225447 14849.6826225447 14849.6826225447
"FRT_censord" 45 0.999905816627026 3.90403669009586 0.0445897462163783 0.009599470685325 1.6307904171969e-10 0.636447564825072 -2.06431355209702e-05 0 1.52587890625e-05 0.111122493018175 0.356168104927118 0.532709402054707 0.5 1 2 0.1 0.8 0.1 206 1 -154.83879172972 -13.7032964549431 -57.0676218071269 -55.6479729592344 16681.0053720006 16681.0053720006 16681.0053720006
"FRT_censord" 46 0.999916155976814 3.90401095349518 0.0445886550184235 0.00959942249869519 1.6310327643783e-10 0.636449866796303 -1.83769934380962e-05 -2.8421709430404e-14 7.62939453125e-06 0.111123759707433 0.356166256259326 0.532709984033241 0.5 1 2 0.1 0.8 0.1 202 1 -154.838813953222 -13.7034079475979 -57.0673312114656 -55.6481370527451 18738.1742286039 18738.1742286039 18738.1742286039
"FRT_censord" 47 0.999925360338483 3.90398804338192 0.0445876836520675 0.00959937960411753 1.63124852634331e-10 0.636451915767312 -1.63596057802806e-05 -2.8421709430404e-14 0 0.111124887187397 0.356164610742693 0.532710502069909 0.5 1 2 0.1 0.8 0.1 197 1 -154.838833731901 -13.7035071793692 -57.0670725493145 -55.6482831215517 21049.0414451202 21049.0414451202 21049.0414451202
"FRT_censord" 48 0.999933554282154 3.90396764764566 0.0445868189109619 0.00959934141829224 1.63144063259091e-10 0.63645373952099 -1.45636700992213e-05 -1.4210854715202e-14 -7.62939453125e-06 0.111125890951652 0.356163145763696 0.532710963284653 0.5 1 2 0.1 0.8 0.1 193 1 -154.838851340731 -13.7035955262068 -57.0668422653825 -55.6484131643731 23644.8941264541 23644.8941264541 23644.8941264541
"FRT_censord" 49 0.999940848748909 3.90394949105624 0.0445860491083407 0.00959930742507174 1.63161166748484e-10 0.63645536285971 -1.29648797795312e-05 0 0 0.111126784495189 0.356161841636904 0.532711373867907 0.5 1 2 0.1 0.8 0.1 189 1 -154.83886701528 -13.7036741705723 -57.0666372658587 -55.6485289311879 26560.8778294668 26560.8778294668 26560.8778294668
"FRT_censord" 50 0.999947342439418 3.90393332780745 0.0445853638233002 0.00959927716418246 1.63176394021978e-10 0.636456807826654 -1.15415957040454e-05 0 7.62939453125e-06 0.111127579922508 0.356160680699675 0.532711739377816 0.5 1 2 0.1 0.8 0.1 185 1 -154.838880968183 -13.7037441784097 -57.0664547744008 -55.6486319890776 29836.4724028334 29836.4724028334 29836.4724028334
"FRT_censord" 51 0.999953123270818 3.90391893999395 0.0445847538010577 0.00959925022689962 1.63189949860304e-10 0.636458094065913 -1.02745534888982e-05 0 0 0.111128287903057 0.356159647387746 0.532712064709196 0.5 1 2 0.1 0.8 0.1 180 1 -154.838893385344 -13.703806483295 -57.0662923449349 -55.6487237226593 33516.0265093885 33516.0265093885 33516.0265093885
"FRT_censord" 52 0.999958269488862 3.90390613090352 0.0445842107290697 0.00959922624611442 1.63202019219318e-10 0.636459238972151 -9.14660275697088e-06 0 0 0.111128918242208 0.356158727384539 0.532712354373253 0.5 1 2 0.1 0.8 0.1 176 1 -154.838904441688 -13.7038619599844 -57.0661477262521 -55.6488053951045 37649.3580679247 37649.3580679247 37649.3580679247
"FRT_censord" 53 0.99996285075857 3.90389472804908 0.044583727279677 0.00959920489821399 1.63212764304522e-10 0.636460258107951 -8.1424756572801e-06 0 0 0.111129479372262 0.356157908389093 0.532712612238645 0.5 1 2 0.1 0.8 0.1 172 1 -154.838914283848 -13.7039113451281 -57.0660189851879 -55.6488781015932 42292.428743895 42292.428743895 42292.428743895
"FRT_censord" 54 0.999966929093012 3.90388457705339 0.044583296907294 0.00959918589412894 1.63222330339412e-10 0.636461165297074 -7.24857988387839e-06 0 7.62939453125e-06 0.111129978892548 0.356157179311581 0.53271284179587 0.5 1 2 0.1 0.8 0.1 168 1 -154.838923045198 -13.7039553076806 -57.0659043785409 -55.6489428263307 47508.101621028 47508.101621028 47508.101621028
"FRT_censord" 55 0.99997055971384 3.90387554047155 0.0445829137834972 0.00959916897647729 1.63230846651541e-10 0.636461972842056 -6.4528151924037e-06 1.4210854715202e-14 7.62939453125e-06 0.111130423568807 0.35615653027867 0.532713046152523 0.5 1 2 0.1 0.8 0.1 164 1 -154.838930844447 -13.7039944431605 -57.0658023543329 -55.6490004455821 53366.9923120631 53366.9923120631 53366.9923120631
"FRT_censord" 56 0.999973791756546 3.9038674969124 0.0445825727481794 0.00959915391737006 1.6323842748e-10 0.636462691722192 -5.74440927181286e-06 2.8421709430404e-14 7.62939453125e-06 0.111130819316428 0.35615595266139 0.532713228022182 0.5 1 2 0.1 0.8 0.1 159 1 -154.838937784045 -13.7040292666158 -57.0657115565662 -55.6490517288061 59948.4250318941 59948.4250318941 59948.4250318941
"FRT_censord" 57 0.999976668985655 3.90386033556842 0.0445822691303589 0.0095991405105512 1.63245177148036e-10 0.636463331623291 -5.11377234602151e-06 -5.6843418860808e-14 0 0.111131171708581 0.35615543831835 0.532713389973069 0.5 1 2 0.1 0.8 0.1 155 1 -154.838943964512 -13.7040602799399 -57.0656307046888 -55.6490973914497 67341.5065775083 67341.5065775083 67341.5065775083
"FRT_censord" 58 0.999979230343027 3.90385396041476 0.044581998845564 0.00959912857564024 1.63251186055616e-10 0.636463901248328 -4.55236718721608e-06 -2.8421709430404e-14 7.62939453125e-06 0.111131485412925 0.356154980441238 0.532713534145838 0.5 1 2 0.1 0.8 0.1 151 1 -154.83894946641 -13.7040878884301 -57.0655587288806 -55.6491380413477 75646.3327554629 75646.3327554629 75646.3327554629
"FRT_censord" 59 0.999981510510539 3.90384828514699 0.0445817582340213 0.00959911795102866 1.63256535471253e-10 0.636464408317821 -4.05259378766232e-06 0 -7.62939453125e-06 0.111131764676225 0.356154572832284 0.532713662491491 0.5 1 2 0.1 0.8 0.1 147 1 -154.838954364212 -13.7041124657691 -57.0654946549136 -55.6491742286878 84975.3435908645 84975.3435908645 84975.3435908645
"FRT_censord" 60 0.999983540354327 3.90384323293103 0.0445815440382378 0.00959910849286665 1.63261297755926e-10 0.63646485970346 -3.60768631679775e-06 -1.4210854715202e-14 7.62939453125e-06 0.11113201327984 0.356154209972671 0.532713776747489 0.5 1 2 0.1 0.8 0.1 143 1 -154.838958724262 -13.7041343447842 -57.06543761527 -55.6492064433571 95454.8456661836 95454.8456661836 95454.8456661836
"FRT_censord" 61 0.999985347359175 3.90383873631144 0.044581353383959 0.00959910007423041 1.63265536438148e-10 0.636465261551466 -3.21162170280331e-06 1.4210854715202e-14 1.52587890625e-05 0.111132234483475 0.356153887109045 0.532713878407481 0.5 1 2 0.1 0.8 0.1 138 1 -154.838962602347 -13.7041538066279 -57.0653868631675 -55.6492351109129 107226.722201032 107226.722201032 107226.722201032
"FRT_censord" 62 0.999986955983408 3.90383473252603 0.0445811836381602 0.00959909257885339 1.63269310655152e-10 0.636465619247058 -2.85903794150499e-06 1.4210854715202e-14 7.62939453125e-06 0.111132431494335 0.356153599552379 0.532713968953286 0.5 1 2 0.1 0.8 0.1 134 1 -154.838966057476 -13.7041711449114 -57.0653416607183 -55.6492606404728 120450.354025878 120450.354025878 120450.354025878
"FRT_censord" 63 0.999988387986226 3.9038311682878 0.0445810325293405 0.00959908590641213 1.63272670601277e-10 0.636465937665138 -2.54516175601793e-06 -2.8421709430404e-14 0 0.111132606877484 0.356153343562458 0.532714049560058 0.5 1 2 0.1 0.8 0.1 130 1 -154.838969133359 -13.7041865800023 -57.0653014203581 -55.6492833675111 135304.777457981 135304.777457981 135304.777457981
"FRT_censord" 64 0.999989662822614 3.90382799531781 0.0445808980062124 0.00959907996637805 1.63275661763739e-10 0.636466221119237 -2.26574375972177e-06 0 0 0.11113276300701 0.356153115675567 0.532714121317423 0.5 1 2 0.1 0.8 0.1 126 1 -154.838971871459 -13.7042003203993 -57.0652655976797 -55.6493035996057 151991.108295293 151991.108295293 151991.108295293
"FRT_censord" 65 0.999990797681922 3.90382517070846 0.044580778253717 0.00959907467854889 1.63278324572344e-10 0.636466473449882 -2.01700117941073e-06 0 -7.62939453125e-06 0.11113290199453 0.356152912808468 0.532714185197002 0.5 1 2 0.1 0.8 0.1 122 1 -154.838974308961 -13.7042125522472 -57.0652337079611 -55.649321610474 170735.264747069 170735.264747069 170735.264747069
"FRT_censord" 66 0.99999180795171 3.90382265620351 0.0445806716484974 0.00959906997125895 1.63280695076619e-10 0.636466698074926 -1.79556639068323e-06 5.6843418860808e-14 0 0.111133025722365 0.356152732214251 0.532714242063384 0.5 1 2 0.1 0.8 0.1 118 1 -154.838976478827 -13.7042234410909 -57.0652053194246 -55.6493376439844 191791.026167249 191791.026167249 191791.026167249
"FRT_censord" 67 0.999992707300775 3.90382041776804 0.0445805767480564 0.00959906578080475 1.63282805350276e-10 0.636466898036931 -1.59844137215259e-06 2.8421709430404e-14 -1.52587890625e-05 0.111133135865216 0.356152571448449 0.532714292686335 0.5 1 2 0.1 0.8 0.1 114 1 -154.838978410447 -13.7042331343444 -57.0651800478087 -55.6493519171564 215443.469003189 215443.469003189 215443.469003189
"FRT_censord" 68 0.999993507934291 3.90381842507869 0.044580492265001 0.00959906205036092 1.63284683970879e-10 0.636467076043923 -1.42295753136068e-06 -1.4210854715202e-14 0 0.111133233914954 0.356152428334121 0.532714337750925 0.5 1 2 0.1 0.8 0.1 110 1 -154.838980129919 -13.704241763157 -57.065157550936 -55.6493646232652 242012.826479438 242012.826479438 242012.826479438
"FRT_censord" 69 0.999994220651706 3.90381665213865 0.0445804170854495 0.00959905873070724 1.63286355432461e-10 0.636467234537362 -1.26673900524565e-06 -2.8421709430404e-14 7.62939453125e-06 0.111133321090587 0.356152301095387 0.532714377814026 0.5 1 2 0.1 0.8 0.1 105 1 -154.838981657316 -13.7042494292278 -57.0651375500232 -55.6493759236013 271858.824273294 271858.824273294 271858.824273294
"FRT_censord" 70 0.999994855145074 3.90381507210973 0.0445803501101975 0.00959905577335006 1.63287845051721e-10 0.636467375574785 -1.1276706501917e-06 0 0 0.111133398889126 0.356152187536106 0.532714413574767 0.5 1 2 0.1 0.8 0.1 102 1 -154.838983022877 -13.7042562809647 -57.0651196986911 -55.6493860025159 305385.550883342 305385.550883342 305385.550883342
"FRT_censord" 71 0.999995419991428 3.90381366725464 0.0445802905344014 0.00959905314272576 1.6328916951941e-10 0.636467501181256 -1.00386986190415e-06 -4.2632564145606e-14 7.62939453125e-06 0.111133467953616 0.356152086732972 0.532714445313412 0.5 1 2 0.1 0.8 0.1 97 1 -154.838984232601 -13.7042623530826 -57.0651038533435 -55.6493949558056 343046.928631492 343046.928631492 343046.928631492
"FRT_censord" 72 0.999995922787428 3.90381241501536 0.0445802374572083 0.00959905079903064 1.63290350125336e-10 0.636467612945845 -8.93660441647626e-07 0 0 0.111133529619329 0.356151996720933 0.532714473659737 0.5 1 2 0.1 0.8 0.1 94 1 -154.838985315216 -13.704267784808 -57.0650897035216 -55.6494029443831 385352.859371053 385352.859371053 385352.859371053
"FRT_censord" 73 0.99999637038278 3.90381130101177 0.0445801902281878 0.00959904871356632 1.63291400404824e-10 0.63646771246357 -7.95550207044471e-07 1.4210854715202e-14 0 0.111133584429745 0.356151916718559 0.532714498851695 0.5 1 2 0.1 0.8 0.1 90 1 -154.838986276373 -13.7042726081302 -57.0650771275316 -55.6494100474905 432876.128108306 432876.128108306 432876.128108306
"FRT_censord" 74 0.99999676887658 3.90381030939113 0.0445801481838732 0.00959904685706921 1.63292335306883e-10 0.636467801058062 -7.08210961875011e-07 -2.8421709430404e-14 0 0.111133633211723 0.356151845516508 0.532714521271769 0.5 1 2 0.1 0.8 0.1 86 1 -154.838987131574 -13.7042769001249 -57.0650659349861 -55.6494163696711 486260.158006536 486260.158006536 486260.158006536
"FRT_censord" 75 0.999997123599439 3.90380942671937 0.0445801107592938 0.00959904520454305 1.63293167495709e-10 0.63646787992827 -6.30460213812967e-07 -1.4210854715202e-14 0 0.111133676629745 0.356151782143514 0.53271454122674 0.5 1 2 0.1 0.8 0.1 82 1 -154.838987892686 -13.7042807198667 -57.0650559731322 -55.6494219969591 546227.721768435 546227.721768435 546227.721768435
"FRT_censord" 76 0.999997439389274 3.90380864102087 0.0445800774445961 0.0095990437335017 1.63293908260509e-10 0.636467950141657 -5.61245229846463e-07 -1.4210854715202e-14 0 0.111133715272796 0.356151725740542 0.532714558986662 0.5 1 2 0.1 0.8 0.1 78 1 -154.838988569959 -13.7042841190168 -57.0650471069639 -55.6494270056324 613590.727341317 613590.727341317 613590.727341317
"FRT_censord" 77 0.999997720492102 3.9038079407309 0.0445800477651494 0.00959904242296797 1.63294568510442e-10 0.636468012619511 -4.99629024375281e-07 1.4210854715202e-14 7.62939453125e-06 0.111133749769743 0.356151675385144 0.532714574845113 0.5 1 2 0.1 0.8 0.1 75 1 -154.838989175864 -13.7042871587504 -57.0650391910492 -55.6494314739932 689261.21043497 689261.21043497 689261.21043497
"FRT_censord" 78 0.999997970779536 3.90380731809577 0.0445800213622992 0.00959904125714958 1.63295155541853e-10 0.636468068262912 -4.44777327857082e-07 -2.8421709430404e-14 0 0.111133780390216 0.356151630692449 0.532714588917336 0.5 1 2 0.1 0.8 0.1 71 1 -154.838989712408 -13.704289851846 -57.0650321656964 -55.6494354429331 774263.682681128 774263.682681128 774263.682681128
"FRT_censord" 79 0.999998193560581 3.90380676404769 0.0445799978665035 0.00959904021967075 1.63295677908408e-10 0.636468117804515 -3.95947466813595e-07 -4.2632564145606e-14 0 0.11113380762428 0.356151590942765 0.532714601432955 0.5 1 2 0.1 0.8 0.1 67 1 -154.838990189366 -13.70429224595 -57.0650259174134 -55.6494389737228 869749.002617784 869749.002617784 869749.002617784
"FRT_censord" 80 0.99999839186045 3.90380627004058 0.0445799769301221 0.00959903929519103 1.63296143674581e-10 0.636468161882195 -3.52478402021461e-07 4.2632564145606e-14 -7.62939453125e-06 0.111133831957795 0.356151555422728 0.532714612619478 0.5 1 2 0.1 0.8 0.1 64 1 -154.838990616747 -13.7042943900183 -57.0650203336289 -55.6494421257611 977009.957299226 977009.957299226 977009.957299226
"FRT_censord" 81 0.999998568407389 3.90380583107375 0.044579958313376 0.0095990384731526 1.63296557542049e-10 0.636468201146682 -3.13781569616367e-07 5.6843418860808e-14 0 0.11113385352815 0.356151523939746 0.532714622532104 0.5 1 2 0.1 0.8 0.1 60 1 -154.838990994363 -13.7042962855994 -57.0650153848348 -55.6494449226844 1097498.76549306 1097498.76549306 1097498.76549306
"FRT_censord" 82 0.999998725588062 3.90380543963088 0.0445799417209154 0.00959903774051415 1.63296926608621e-10 0.636468236079592 -2.79333022490391e-07 0 0 0.111133872804677 0.356151495802152 0.532714631393171 0.5 1 2 0.1 0.8 0.1 57 1 -154.838991332748 -13.7042979835006 -57.0650109616315 -55.6494474199081 1232846.73944207 1232846.73944207 1232846.73944207
"FRT_censord" 83 0.999998865483382 3.90380509203624 0.0445799269764128 0.00959903708945541 1.63297254327919e-10 0.636468267205409 -2.48666438551481e-07 2.8421709430404e-14 -7.62939453125e-06 0.111133889867471 0.356151470898633 0.532714639233896 0.5 1 2 0.1 0.8 0.1 53 1 -154.83899163108 -13.7042994813672 -57.0650070471578 -55.649449633404 1384886.37139387 1384886.37139387 1384886.37139387
"FRT_censord" 84 0.999998990049037 3.90380478199648 0.0445799138319163 0.00959903650907403 1.63297546644574e-10 0.636468294895074 -2.2136654820315e-07 1.4210854715202e-14 -7.62939453125e-06 0.111133905123635 0.35615144862985 0.532714646246516 0.5 1 2 0.1 0.8 0.1 50 1 -154.838991898618 -13.7043008240528 -57.0650035465978 -55.6494516104922 1555676.14393047 1555676.14393047 1555676.14393047
"FRT_censord" 85 0.999999100934877 3.90380450592472 0.0445799021289823 0.00959903599234983 1.63297806935958e-10 0.636468319542654 -1.97063812379383e-07 1.4210854715202e-14 -7.62939453125e-06 0.111133918712455 0.3561514287941 0.532714652493446 0.5 1 2 0.1 0.8 0.1 47 1 -154.838992137023 -13.7043020204295 -57.0650004284623 -55.6494533713378 1747528.40000769 1747528.40000769 1747528.40000769
"FRT_censord" 86 0.99999919962466 3.90380426023751 0.0445798917146686 0.0095990355325195 1.63298038579505e-10 0.636468341486109 -1.75429121895831e-07 1.4210854715202e-14 0 0.111133930801273 0.356151411147313 0.532714658051415 0.5 1 2 0.1 0.8 0.1 44 1 -154.838992349059 -13.7043030844458 -57.064997654429 -55.6494549381583 1963040.65004027 1963040.65004027 1963040.65004027
"FRT_censord" 87 0.999999287492688 3.90380404162754 0.0445798824458407 0.00959903512329843 1.63298244693012e-10 0.636468361022413 -1.5616957682596e-07 -1.4210854715202e-14 0 0.111133941549691 0.356151395457269 0.53271466299304 0.5 1 2 0.1 0.8 0.1 41 1 -154.838992537373 -13.7043040296995 -57.0649951880432 -55.6494563317588 2205130.73990305 2205130.73990305 2205130.73990305
"FRT_censord" 88 0.999999365697431 3.90380384718456 0.0445798742005201 0.00959903475928707 1.63298428020105e-10 0.636468378415316 -1.39024422196599e-07 0 -7.62939453125e-06 0.111133951099046 0.356151381517044 0.53271466738391 0.5 1 2 0.1 0.8 0.1 38 1 -154.838992704463 -13.7043048685905 -57.0649929967618 -55.6494575706359 2477076.35599171 2477076.35599171 2477076.35599171
"FRT_censord" 89 0.999999435348511 3.90380367330749 0.0445798668363253 0.00959903443419641 1.6329859196276e-10 0.636468393871592 -1.23761594750249e-07 -1.4210854715202e-14 -7.62939453125e-06 0.111133959687166 0.356151368977833 0.532714671335001 0.5 1 2 0.1 0.8 0.1 36 1 -154.838992855791 -13.7043056275388 -57.0649910254133 -55.6494586820322 2782559.40220712 2782559.40220712 2782559.40220712
"FRT_censord" 90 0.99999949734385 3.90380351921179 0.0445798603006306 0.00959903414577999 1.63298737249438e-10 0.63646840763775 -1.10174347867087e-07 -1.4210854715202e-14 7.62939453125e-06 0.111133967252268 0.356151357932538 0.532714674815194 0.5 1 2 0.1 0.8 0.1 33 1 -154.838992988051 -13.7043062918942 -57.0649892891853 -55.6494596638877 3125715.84968824 3125715.84968824 3125715.84968824
"FRT_censord" 91 0.999999552536004 3.90380338153004 0.0445798544678474 0.00959903388837832 1.63298867064307e-10 0.63646841987101 -9.80788570359437e-08 0 0 0.111133974044798 0.356151348013893 0.53271467794131 0.5 1 2 0.1 0.8 0.1 31 1 -154.838993107558 -13.7043068915168 -57.0649877298521 -55.6494605435438 3511191.73421514 3511191.73421514 3511191.73421514
"FRT_censord" 92 0.999999601651152 3.9038032597676 0.0445798492982718 0.00959903366046559 1.63298981863998e-10 0.636468430737104 -8.731117162597e-08 2.8421709430404e-14 0 0.111133979999238 0.356151339318018 0.532714680682744 0.5 1 2 0.1 0.8 0.1 28 1 -154.838993211111 -13.704307412427 -57.0649863630252 -55.6494613180869 3944206.05943766 3944206.05943766 3944206.05943766
"FRT_censord" 93 0.999999645383369 3.90380315005261 0.0445798446589375 0.00959903345569953 1.6329908531472e-10 0.636468440407016 -7.77256516926172e-08 0 -1.52587890625e-05 0.111133985452959 0.356151331353055 0.532714683193986 0.5 1 2 0.1 0.8 0.1 27 1 -154.838993308007 -13.7043078976914 -57.0649851105849 -55.6494620219465 4430621.45758389 4430621.45758389 4430621.45758389
"FRT_censord" 94 0.999999684306452 3.90380305266823 0.0445798405360602 0.00959903327399382 1.63299177137194e-10 0.636468448958476 -6.91924739726346e-08 1.4210854715202e-14 7.62939453125e-06 0.111133990274719 0.35615132430818 0.5327146854171 0.5 1 2 0.1 0.8 0.1 25 1 -154.838993393207 -13.7043083251488 -57.0649840028832 -55.6494626457783 4977023.56433211 4977023.56433211 4977023.56433211
"FRT_censord" 95 0.999999718971717 3.90380296619798 0.0445798368692448 0.00959903311256976 1.63299258667437e-10 0.636468456524867 -6.15961184280422e-08 0 -7.62939453125e-06 0.111133994542671 0.356151318072228 0.532714687385101 0.5 1 2 0.1 0.8 0.1 23 1 -154.838993468232 -13.7043087022184 -57.0649830224607 -55.6494631988117 5590810.18251223 5590810.18251223 5590810.18251223
"FRT_censord" 96 0.999999749826407 3.90380288853116 0.044579833587187 0.00959903296783809 1.63299331902044e-10 0.636468463293557 -5.48337055761294e-08 2.8421709430404e-14 7.62939453125e-06 0.111133998421881 0.356151312405097 0.532714689173022 0.5 1 2 0.1 0.8 0.1 22 1 -154.838993537528 -13.7043090491242 -57.0649821312189 -55.6494636985061 6280291.44183426 6280291.44183426 6280291.44183426
"FRT_censord" 97 0.999999777297977 3.90380281994769 0.0445798306755407 0.00959903284000997 1.63299396568399e-10 0.636468469166655 -4.88137175125303e-08 -1.4210854715202e-14 -7.62939453125e-06 0.111134001815452 0.356151307444358 0.53271469074019 0.5 1 2 0.1 0.8 0.1 20 1 -154.838993597262 -13.7043093497691 -57.0649813512235 -55.6494641379533 7054802.31071865 7054802.31071865 7054802.31071865
"FRT_censord" 98 0.999999801752914 3.90380275839244 0.0445798280721367 0.00959903272536197 1.63299454611194e-10 0.636468474474036 -4.34546265637437e-08 4.2632564145606e-14 -7.62939453125e-06 0.111134004892882 0.356151302947922 0.532714692159195 0.5 1 2 0.1 0.8 0.1 19 1 -154.83899365224 -13.7043096252268 -57.0649806440778 -55.6494645342386 7924828.98353918 7924828.98353918 7924828.98353918
"FRT_censord" 99 0.99999982348216 3.90380270337683 0.0445798257502665 0.00959903262313577 1.63299506489465e-10 0.636468479165899 -3.86838934218758e-08 0 -7.62939453125e-06 0.111134007660928 0.356151298901977 0.532714693437095 0.5 1 2 0.1 0.8 0.1 18 1 -154.838993702149 -13.7043098747738 -57.0649800076424 -55.6494648897601 8902150.8544504 8902150.8544504 8902150.8544504
"FRT_censord" 100 0.99999984287876 3.90380265423224 0.04457982367369 0.00959903253184359 1.63299552832603e-10 0.636468483303201 -3.44369226468189e-08 -1.4210854715202e-14 -7.62939453125e-06 0.111134010143215 0.356151295273734 0.532714694583052 0.5 1 2 0.1 0.8 0.1 17 1 -154.83899374698 -13.7043100992328 -57.0649794368934 -55.6494652079954 1e+07 1e+07 1e+07
