"data_Name" "Iter" "beta1" "beta3" "lambda1" "lambda2" "lambda3" "diffBeta1" "diffBeta3" "diffLambda1" "diffLambda3" "pi1" "pi2" "pi3" "init_beta1" "init_beta2" "init_beta3" "init_pi1" "init_pi2" "init_pi3" "EM_endIter" "tempering" "Qlike" "Q1" "Q2" "Q3" "bpBase" "bp1" "bp3"
"Aarest_data" 1 0.99530989675143 78.6353716296402 1.04594611592001 0.0256914854623481 2.19067840921709e-152 2.12210210495358 -0.000128807266456477 2.66453525910038e-15 0 0.126630268205711 0.617847732464523 0.255521999329766 0.5 1 2 0.1 0.8 0.1 45 1 -216.921050577475 -6.06410085561907 -144.007815006467 -21.4577638869636 100 100 100
"Aarest_data" 2 0.995816869573626 78.6281883975826 1.04595319725713 0.0256913677142432 2.26179361494099e-152 2.11916786316317 -0.000114676782182244 -1.77635683940025e-15 0 0.126635921251536 0.617839120015465 0.255524958732999 0.5 1 2 0.1 0.8 0.1 19 1 -216.918904122226 -6.06248276117755 -144.005949201716 -21.4585226977213 112.332403297803 112.332403297803 112.332403297803
"Aarest_data" 3 0.996269795235236 78.6217937188495 1.04595936722661 0.0256912625061608 2.32704206965959e-152 2.1165478979743 -0.000102095411648406 1.77635683940025e-15 0 0.126640962894941 0.617831443728436 0.255527593376623 0.5 1 2 0.1 0.8 0.1 19 1 -216.916989156036 -6.06103901456971 -144.004286516217 -21.4591983362913 126.185688306602 126.185688306602 126.185688306602
"Aarest_data" 4 0.996674283014824 78.616101035114 1.04596475261691 0.0256911685396444 2.38670970020308e-152 2.11420928988574 -9.08935416319423e-05 -1.77635683940025e-15 -9.30353567098377e+136 0.126645458392458 0.617824602723262 0.25552993888428 0.5 1 2 0.1 0.8 0.1 19 1 -216.915281105056 -6.05975114051873 -144.002804999003 -21.4597999056594 141.747416292681 141.747416292681 141.747416292681
"Aarest_data" 5 0.997035390837948 78.6110332871876 1.04596946109982 0.0256910846433667 2.44111311139294e-152 2.11212241840425 -8.09200853950642e-05 0 0 0.126649466205464 0.617818506818424 0.255532026976112 0.5 1 2 0.1 0.8 0.1 19 1 -216.913757925439 -6.05860255855451 -144.001485039676 -21.4603355155462 159.228279334109 159.228279334109 159.228279334109
"Aarest_data" 6 0.997357673203633 78.6065218738754 1.04597358426127 0.0256910097619167 2.49058663375258e-152 2.11026066154278 -7.20404683605125e-05 2.66453525910038e-15 0 0.126653038679626 0.617813075425762 0.255533885894611 0.5 1 2 0.1 0.8 0.1 19 1 -216.912399858658 -6.05757840201918 -144.000309124313 -21.4608123899084 178.864952905744 178.864952905744 178.864952905744
"Aarest_data" 7 0.997645226276057 78.6025057242473 1.0459772001562 0.0256909429454141 2.53547192121781e-152 2.1086001163936 -6.41348306800182e-05 0 9.30353567098377e+136 0.126656222660087 0.617808236555004 0.255535540784909 0.5 1 2 0.1 0.8 0.1 18 1 -216.911189207226 -6.0566653513335 -143.999261615965 -21.4612369631148 200.923300256505 200.923300256505 200.923300256505
"Aarest_data" 8 0.997901730013982 78.5989304695661 1.04598037561795 0.0256908833406905 2.57610982025953e-152 2.10711934076557 -5.70964242854188e-05 -3.5527136788005e-15 -9.30353567098377e+136 0.126659060030419 0.617803925933509 0.255537014036072 0.5 1 2 0.1 0.8 0.1 18 1 -216.910110129781 -6.05585147924024 -143.99832856012 -21.4616149663671 225.701971963392 225.701971963392 225.701971963392
"Aarest_data" 9 0.998130487133375 78.5957477102558 1.0459831678058 0.0256908301812165 2.61283412696157e-152 2.10579911580649 -5.08301830350888e-05 0 0 0.126661588242617 0.617800086177395 0.255538325579989 0.5 1 2 0.1 0.8 0.1 18 1 -216.909148454896 -6.0551261144725 -143.997497503642 -21.4619515035677 253.536449397011 253.536449397011 253.536449397011
"Aarest_data" 10 0.998334459315523 78.5929143590792 1.04598562586027 0.025690782779585 2.64596702848019e-152 2.10462222737327 -4.52514480784316e-05 -3.5527136788005e-15 9.30353567098377e+136 0.126663840757133 0.617796666080173 0.255539493162695 0.5 1 2 0.1 0.8 0.1 18 1 -216.908291511094 -6.05447971267457 -143.996757338024 -21.4622511202155 284.80358684358 284.80358684358 284.80358684358
"Aarest_data" 11 0.998516300153243 78.5903920585617 1.04598779209783 0.0256907405197759 2.67581586938271e-152 2.10357326803457 -4.02848312290871e-05 3.5527136788005e-15 -9.30353567098377e+136 0.126665847458163 0.61779361995841 0.255540532583426 0.5 1 2 0.1 0.8 0.1 18 1 -216.907527974163 -6.05390374255152 -143.99609815619 -21.4625178641968 319.926713779738 319.926713779738 319.926713779738
"Aarest_data" 12 0.998678385693457 78.5881466618165 1.04598970304758 0.0256907028500761 2.70267102177153e-152 2.10263845458982 -3.5863202327846e-05 -8.88178419700125e-16 -9.30353567098377e+136 0.126667635028187 0.617790907063747 0.255541457908067 0.5 1 2 0.1 0.8 0.1 18 1 -216.906847727445 -6.05339058118212 -143.995511123971 -21.4627553401329 359.381366380463 359.381366380463 359.381366380463
"Aarest_data" 13 0.998822842048037 78.5861477704171 1.04599139031482 0.0256906692767318 2.72680462908233e-152 2.10180546379384 -3.19267862565198e-05 -2.66453525910038e-15 -9.30353567098377e+136 0.126669227282482 0.617788491058344 0.255542281659174 0.5 1 2 0.1 0.8 0.1 18 1 -216.906241736835 -6.0529334202518 -143.994988365486 -21.4629667578025 403.701725859656 403.701725859656 403.701725859656
"Aarest_data" 14 0.998951570660464 78.5843683232938 1.0459928812713 0.0256906393579257 2.7484700300353e-152 2.10106328260805 -2.84223586177745e-05 -2.66453525910038e-15 0 0.126670645475514 0.617786339539748 0.255543014984738 0.5 1 2 0.1 0.8 0.1 17 1 -216.905701937458 -6.05252618141373 -143.994522859644 -21.4631549751901 453.487850812858 453.487850812858 453.487850812858
"Aarest_data" 15 0.99906627115026 78.5827842288641 1.04599419980616 0.0256906126992251 2.76790172955384e-152 2.10040207341345 -2.53025290177789e-05 -1.77635683940025e-15 0 0.126671908555916 0.617784423633092 0.255543667810992 0.5 1 2 0.1 0.8 0.1 17 1 -216.90522113209 -6.05216343834416 -143.994108350572 -21.4633225374361 509.413801481638 509.413801481638 509.413801481638
"Aarest_data" 16 0.999168462138266 78.5813740414354 1.04599536661812 0.0256905889476279 2.78531571083903e-152 2.09981305120039 -2.25251024659201e-05 3.5527136788005e-15 9.30353567098377e+136 0.126673033435656 0.617782717591037 0.255544248973308 0.5 1 2 0.1 0.8 0.1 17 1 -216.904792899133 -6.05184035016353 -143.993739261535 -21.4634717103525 572.236765935022 572.236765935022 572.236765935022
"Aarest_data" 17 0.999259499870831 78.5801186692013 1.04599639979807 0.0256905677880422 2.80091008128458e-152 2.09928837431904 -2.00525104929739e-05 -8.88178419700125e-16 0 0.126674035190438 0.617781198471613 0.25554476633795 0.5 1 2 0.1 0.8 0.1 17 1 -216.904411510924 -6.05155259825742 -143.993410624082 -21.4636045114638 642.807311728433 642.807311728433 642.807311728433
"Aarest_data" 18 0.999340595249648 78.5790011162381 1.04599731515702 0.0256905489391137 2.81486588835393e-152 2.09882104467164 -1.78513044915007e-05 -8.88178419700125e-16 0 0.126674927261186 0.617779845830961 0.255545226907852 0.5 1 2 0.1 0.8 0.1 17 1 -216.904071859417 -6.05129633084422 -143.99311801145 -21.4637227370795 722.080901838547 722.080901838547 722.080901838547
"Aarest_data" 19 0.999412829014697 78.5780062524126 1.04599812653581 0.0256905321497212 2.82734806825082e-152 2.09840481892484 -1.58917043435736e-05 4.44089209850063e-15 -1.86070713419675e+137 0.12667572162883 0.61777864145379 0.25554563691738 0.5 1 2 0.1 0.8 0.1 17 1 -216.903769390224 -6.05106811336515 -143.992857479953 -21.4638279865286 811.130830789687 811.130830789687 811.130830789687
"Aarest_data" 20 0.999477165507655 78.5771206085838 1.04599884606982 0.0256905171957704 2.83850646781794e-152 2.09803412817349 -1.41471964596462e-05 -5.32907051820075e-15 1.86070713419675e+137 0.126676428971845 0.617777569111537 0.255546001916617 0.5 1 2 0.1 0.8 0.1 17 1 -216.903500043141 -6.05086488370207 -143.992625516476 -21.4639216837281 911.16275611549 911.16275611549 911.16275611549
"Aarest_data" 21 0.999534464859219 78.5763321942556 1.04599948441285 0.0256905038774014 2.84847689956901e-152 2.09770400690216 -1.25941757076475e-05 1.77635683940025e-15 -9.30353567098377e+136 0.126677058805168 0.61777661434835 0.255546326846483 0.5 1 2 0.1 0.8 0.1 17 1 -216.903260199619 -6.05068391264763 -143.992418991941 -21.4640050964123 1023.53102189903 1023.53102189903 1023.53102189903
"Aarest_data" 22 0.999585494335364 78.5756303356488 1.04600005090456 0.0256904920161391 2.85738219349669e-152 2.09741002693924 -1.12116266279827e-05 -1.77635683940025e-15 0 0.126677619612006 0.617775764282911 0.255546616105083 0.5 1 2 0.1 0.8 0.1 16 1 -216.903046634067 -6.05052276757422 -143.992235118555 -21.4640793531284 1149.75699539774 1149.75699539774 1149.75699539774
"Aarest_data" 23 0.9996309379515 78.575005529634 1.04600055385007 0.0256904814533398 2.86533325308654e-152 2.09714824165974 -9.98083952907791e-06 8.88178419700125e-16 0 0.126678118939562 0.617775007451226 0.255546873609212 0.5 1 2 0.1 0.8 0.1 16 1 -216.902856472746 -6.05037928008684 -143.992071415024 -21.464145458966 1291.54966501488 1291.54966501488 1291.54966501488
"Aarest_data" 24 0.999671405562811 78.5744493174761 1.04600100048313 0.0256904720471042 2.87243002443953e-152 2.09691513304369 -8.88515762653697e-06 1.77635683940025e-15 9.30353567098377e+136 0.126678563521521 0.61777433363419 0.255547102844288 0.5 1 2 0.1 0.8 0.1 16 1 -216.902687154887 -6.05025151886251 -143.991925670083 -21.4642043083815 1450.82877849594 1450.82877849594 1450.82877849594
"Aarest_data" 25 0.999707440763617 78.5739541686966 1.04600139721282 0.0256904636710961 2.87876246858636e-152 2.09670756595972 -7.90975185793741e-06 -5.32907051820075e-15 0 0.126678959352978 0.617773733733404 0.255547306913618 0.5 1 2 0.1 0.8 0.1 16 1 -216.902536399111 -6.05013776288498 -143.991795914968 -21.4642566978193 1629.75083462065 1629.75083462065 1629.75083462065
"Aarest_data" 26 0.99973952802064 78.5735133795249 1.04600174969769 0.0256904562127202 2.88441145366958e-152 2.09652274678851 -7.04142043161937e-06 8.88178419700125e-16 9.30353567098377e+136 0.12667931177392 0.617773199646234 0.255547488579846 0.5 1 2 0.1 0.8 0.1 16 1 -216.902402173098 -6.05003647896476 -143.991680396486 -21.4643033363206 1830.73828029537 1830.73828029537 1830.73828029537
"Aarest_data" 27 0.99976809908493 78.5731209821452 1.04600206293817 0.0256904495716244 2.88944959373818e-152 2.09635818628509 -6.26841041651005e-06 8.88178419700125e-16 -9.30353567098377e+136 0.126679625540891 0.617772724156742 0.255547650302367 0.5 1 2 0.1 0.8 0.1 16 1 -216.902282666379 -6.04994630124046 -143.991577553395 -21.4643448551163 2056.51230834865 2056.51230834865 2056.51230834865
"Aarest_data" 28 0.999793538638444 78.5727716639283 1.04600234135597 0.0256904436584 2.89394202734252e-152 2.0962116668932 -5.58025862318345e-06 1.77635683940025e-15 9.30353567098377e+136 0.12667990488999 0.617772300839417 0.255547794270593 0.5 1 2 0.1 0.8 0.1 16 1 -216.902176266445 -6.04986601315103 -143.99148599553 -21.4643818161733 2310.12970008316 2310.12970008316 2310.12970008316
"Aarest_data" 29 0.999816189367067 78.5724606958514 1.04600258883706 0.0256904383932712 2.89794713225362e-152 2.09608121337359 -4.96765032664825e-06 -3.5527136788005e-15 9.30353567098377e+136 0.126680153596287 0.617771923970616 0.255547922433097 0.5 1 2 0.1 0.8 0.1 15 1 -216.902081537256 -6.04979453156182 -143.991404484732 -21.464414719659 2595.02421139974 2595.02421139974 2595.02421139974
"Aarest_data" 30 0.99983635663239 78.572183866878 1.04600280890232 0.025690433705544 2.90151720679498e-152 2.0959650658934 -4.42229303843078e-06 8.88178419700125e-16 0 0.12668037501369 0.617771588460273 0.255548036526037 0.5 1 2 0.1 0.8 0.1 15 1 -216.901997199583 -6.04973089065817 -143.991331919602 -21.4644440112035 2915.05306282518 2915.05306282518 2915.05306282518
"Aarest_data" 31 0.999854312400343 78.5719374294479 1.04600300459155 0.0256904295318547 2.90469904247333e-152 2.09586165716683 -3.93680449661815e-06 2.66453525910038e-15 -9.30353567098377e+136 0.126680572137167 0.617771289769334 0.2555481380935 0.5 1 2 0.1 0.8 0.1 15 1 -216.90192211434 -6.04967423134859 -143.991267318354 -21.4644700871818 3274.54916287773 3274.54916287773 3274.54916287773
"Aarest_data" 32 0.999870298925918 78.571718047088 1.04600317862564 0.0256904258158954 2.90753449667396e-152 2.09576959127421 -3.50461265696822e-06 2.66453525910038e-15 0 0.126680747630818 0.61777102385864 0.255548228510542 0.5 1 2 0.1 0.8 0.1 15 1 -216.901855267131 -6.049623788249 -143.991209807236 -21.4644933005647 3678.37977182863 3678.37977182863 3678.37977182863
"Aarest_data" 33 0.999884531984985 78.5715227495459 1.04600333341756 0.0256904225075122 2.91006099014437e-152 2.09568762497182 -3.11986691059474e-06 -2.66453525910038e-15 0 0.126680903866955 0.61777078713176 0.255548309001285 0.5 1 2 0.1 0.8 0.1 15 1 -216.901795754596 -6.04957887975764 -143.991158608289 -21.4645139655898 4132.01240011534 4132.01240011534 4132.01240011534
"Aarest_data" 34 0.99989720377681 78.571348892679 1.04600347110829 0.0256904195620236 2.91231196040057e-152 2.09561465093607 -2.77735881581975e-06 -2.66453525910038e-15 0 0.126681042958213 0.617770576386334 0.255548380655453 0.5 1 2 0.1 0.8 0.1 15 1 -216.901742772241 -6.04953889884575 -143.991113028823 -21.4645323620106 4641.58883361278 4641.58883361278 4641.58883361278
"Aarest_data" 35 0.999908485360943 78.5711941226494 1.04600359359676 0.0256904169396901 2.91431727326249e-152 2.09554968369759 -2.47245162654508e-06 -5.32907051820075e-15 9.30353567098377e+136 0.126681166784485 0.617770388772358 0.255548444443157 0.5 1 2 0.1 0.8 0.1 15 1 -216.901695604158 -6.04950330532823 -143.991072452335 -21.4645487388543 5214.00828799969 5214.00828799969 5214.00828799969
"Aarest_data" 36 0.999918529220745 78.5710563444296 1.04600370254595 0.0256904146049201 2.91610358958356e-152 2.0954918448311 -2.20101765791014e-06 1.77635683940025e-15 1.86070713419675e+137 0.126681277023938 0.617770221748593 0.255548501227469 0.5 1 2 0.1 0.8 0.1 14 1 -216.901653612266 -6.04947161802081 -143.991036329303 -21.4645633177093 5857.02081805666 5857.02081805666 5857.02081805666
"Aarest_data" 37 0.999927471052198 78.5709336917442 1.04600379950496 0.0256904125264526 2.91769472215636e-152 2.09544035272489 -1.95938221736469e-06 -3.5527136788005e-15 9.30353567098377e+136 0.126681375161609 0.617770073060101 0.255548551778289 0.5 1 2 0.1 0.8 0.1 14 1 -216.90161622883 -6.04944340793057 -143.991004171728 -21.4645762961966 6579.33224657568 6579.33224657568 6579.33224657568
"Aarest_data" 38 0.999935431708765 78.5708245044451 1.04600388577681 0.0256904106760514 2.91911190316806e-152 2.09539451122481 -1.74427408694555e-06 -3.5527136788005e-15 -9.30353567098377e+136 0.126681462528059 0.617769940692504 0.255548596779437 0.5 1 2 0.1 0.8 0.1 14 1 -216.901582948243 -6.04941829385964 -143.990975544044 -21.4645878498828 7390.72203352578 7390.72203352578 7390.72203352578
"Aarest_data" 39 0.999942518802679 78.570727304255 1.04600396254359 0.0256904090287032 2.920374078337e-152 2.09535370049684 -1.55278101487966e-06 8.88178419700125e-16 0 0.126681540305203 0.61776982285463 0.255548636840168 0.5 1 2 0.1 0.8 0.1 14 1 -216.901553320349 -6.04939593612898 -143.990950058837 -21.4645981351783 8302.17568131974 8302.17568131974 8302.17568131974
"Aarest_data" 40 0.999948828146477 78.570640775179 1.0460040308557 0.0256904075621396 2.9214981448712e-152 2.09531736869114 -1.38231066415528e-06 -2.66453525910038e-15 9.30353567098377e+136 0.126681609545244 0.617769717951895 0.255548672502861 0.5 1 2 0.1 0.8 0.1 14 1 -216.901526944383 -6.04937603232971 -143.990927371212 -21.4646072913263 9326.0334688322 9326.0334688322 9326.0334688322
"Aarest_data" 41 0.999954445101284 78.570563745674 1.04600409164734 0.0256904062565087 2.92249917007794e-152 2.09528502417009 -1.23055502854186e-06 -8.88178419700125e-16 0 0.126681671185516 0.61776962456414 0.255548704250344 0.5 1 2 0.1 0.8 0.1 14 1 -216.901503463329 -6.04935831305962 -143.990907174024 -21.4646154422891 10476.1575278967 10476.1575278967 10476.1575278967
"Aarest_data" 42 0.999959445580679 78.5704951728394 1.046004145748 0.0256904050941777 2.92339058648398e-152 2.09525622972118 -1.09545960924606e-06 -2.66453525910038e-15 -9.30353567098377e+136 0.126681726059539 0.617769541428014 0.255548732512447 0.5 1 2 0.1 0.8 0.1 14 1 -216.901482559701 -6.04934253874841 -143.990889194011 -21.464622698412 11768.11952435 11768.11952435 11768.11952435
"Aarest_data" 43 0.999963897242688 78.5704341282651 1.04600419389595 0.0256904040594151 2.92418436760561e-152 2.0952305956882 -9.75195426633491e-07 0 0 0.126681774910128 0.617769467418061 0.255548757671812 0.5 1 2 0.1 0.8 0.1 14 1 -216.901463950568 -6.04932849589108 -143.990873187763 -21.4646291579369 13219.4114846603 13219.4114846603 13219.4114846603
"Aarest_data" 44 0.999967860303033 78.5703797858463 1.04600423672731 0.0256904031381155 2.92489117989833e-152 2.09520777526599 -8.68134286236e-07 8.88178419700125e-16 -9.30353567098377e+136 0.126681818400578 0.617769401530841 0.255548780068582 0.5 1 2 0.1 0.8 0.1 13 1 -216.901447384113 -6.04931599470598 -143.990858938356 -21.4646349081967 14849.6826225447 14849.6826225447 14849.6826225447
"Aarest_data" 45 0.999971388375253 78.5703314090297 1.04600427486817 0.0256904023180482 2.92552054349213e-152 2.09518745973466 -7.72826730610632e-07 0 0 0.126681857114722 0.617769342878263 0.255548800007016 0.5 1 2 0.1 0.8 0.1 13 1 -216.901432636172 -6.04930486554172 -143.990846253498 -21.4646400272867 16681.0053720006 16681.0053720006 16681.0053720006
"Aarest_data" 46 0.999974529190823 78.5702883432285 1.04600430881505 0.0256904015879965 2.92608092677602e-152 2.09516937419469 -6.87982385727537e-07 -8.88178419700125e-16 -1.86070713419675e+137 0.12668189157901 0.617769290664468 0.255548817756522 0.5 1 2 0.1 0.8 0.1 13 1 -216.901419507155 -6.04929495805112 -143.990834961174 -21.4646445843858 18738.1742286039 18738.1742286039 18738.1742286039
"Aarest_data" 47 0.999977325284832 78.5702500054191 1.04600433903016 0.0256904009380639 2.92657987852427e-152 2.09515327369621 -6.12452595305513e-07 0 0 0.126681922260321 0.617769244182283 0.255548833557397 0.5 1 2 0.1 0.8 0.1 13 1 -216.901407819217 -6.04928613803108 -143.990824908455 -21.4646486411871 21049.0414451202 21049.0414451202 21049.0414451202
"Aarest_data" 48 0.999979814428857 78.5702158765206 1.04600436592361 0.0256904003594872 2.92702412450782e-152 2.0951389407242 -5.4521478176639e-07 4.44089209850063e-15 9.30353567098377e+136 0.126681949573229 0.617769202803189 0.255548847623582 0.5 1 2 0.1 0.8 0.1 13 1 -216.901397414442 -6.04927828631162 -143.99081595938 -21.4646522526157 23644.8941264541 23644.8941264541 23644.8941264541
"Aarest_data" 49 0.999982030351256 78.5701854944426 1.04600438986138 0.0256903998444157 2.92741965595233e-152 2.09512618104979 -4.85358597757113e-07 1.77635683940025e-15 -9.30353567098377e+136 0.126681973887919 0.617769165966563 0.255548860145518 0.5 1 2 0.1 0.8 0.1 13 1 -216.901388151814 -6.04927129648221 -143.990807992718 -21.464655467571 26560.8778294668 26560.8778294668 26560.8778294668
"Aarest_data" 50 0.999984003029221 78.5701584478763 1.04600441116853 0.0256903993858841 2.92777180874567e-152 2.09511482204751 -4.32073697709257e-07 8.88178419700125e-16 9.30353567098377e+136 0.126681995533389 0.617769133173878 0.255548871292732 0.5 1 2 0.1 0.8 0.1 13 1 -216.901379906002 -6.04926507396936 -143.990800900645 -21.4646583295694 29836.4724028334 29836.4724028334 29836.4724028334
"Aarest_data" 51 0.999985759158816 78.570134371012 1.04600443011576 0.0256903989775844 2.9280853309416e-152 2.09510470997104 -3.84638660477776e-07 -8.88178419700125e-16 9.30353567098377e+136 0.126682014804687 0.617769103979662 0.25554888121565 0.5 1 2 0.1 0.8 0.1 12 1 -216.901372565401 -6.04925953476425 -143.990794586915 -21.4646608772498 33516.0265093885 33516.0265093885 33516.0265093885
"Aarest_data" 52 0.999987322508023 78.57011293702 1.04600444699981 0.0256903986142101 2.92836446664546e-152 2.09509570798921 -3.42411219378391e-07 8.88178419700125e-16 -9.30353567098377e+136 0.126682031958296 0.617769077992022 0.255548890049682 0.5 1 2 0.1 0.8 0.1 12 1 -216.901366030659 -6.04925460343987 -143.990788966564 -21.4646631453541 37649.3580679247 37649.3580679247 37649.3580679247
"Aarest_data" 53 0.999988714234782 78.5700938561595 1.04600446202888 0.0256903982907284 2.92861297981582e-152 2.09508769424696 -3.048197214639e-07 -1.77635683940025e-15 -1.86070713419675e+137 0.12668204722872 0.617769054857397 0.255548897913883 0.5 1 2 0.1 0.8 0.1 12 1 -216.901360213314 -6.04925021348709 -143.990783963235 -21.464665164456 42292.428743895 42292.428743895 42292.428743895
"Aarest_data" 54 0.99998995321188 78.5700768700794 1.04600447540727 0.0256903980027433 2.92883422786435e-152 2.09508056006783 -2.71355162340114e-07 -4.44089209850063e-15 0 0.126682060823066 0.617769034262226 0.255548904914708 0.5 1 2 0.1 0.8 0.1 12 1 -216.901355034474 -6.04924630536943 -143.990779509128 -21.4646669618889 47508.101621028 47508.101621028 47508.101621028
"Aarest_data" 55 0.999991056179187 78.570061748821 1.04600448731612 0.0256903977463713 2.92903120019582e-152 2.09507420905803 -2.4156450706414e-07 1.77635683940025e-15 0 0.126682072925028 0.61776901592803 0.255548911146943 0.5 1 2 0.1 0.8 0.1 12 1 -216.901350424162 -6.04924282627963 -143.990775544003 -21.4646685619946 53366.9923120631 53366.9923120631 53366.9923120631
"Aarest_data" 56 0.999992038050557 78.5700482876502 1.04600449791675 0.0256903975181506 2.92920655906322e-152 2.09506855533907 -2.15044416052024e-07 2.66453525910038e-15 9.30353567098377e+136 0.126682083698262 0.617768999606757 0.255548916694981 0.5 1 2 0.1 0.8 0.1 12 1 -216.901346320033 -6.04923972917133 -143.990772014208 -21.4646699864339 59948.4250318941 59948.4250318941 59948.4250318941
"Aarest_data" 57 0.999992912108997 78.5700363043213 1.04600450735281 0.0256903973149951 2.92936267489426e-152 2.09506352242372 -1.91435830743103e-07 0 0 0.126682093288524 0.617768985077549 0.255548921633927 0.5 1 2 0.1 0.8 0.1 12 1 -216.901342666563 -6.04923697214324 -143.990768871973 -21.4646712544873 67341.5065775083 67341.5065775083 67341.5065775083
"Aarest_data" 58 0.999993690230229 78.5700256369838 1.04600451573548 0.0256903971340357 2.92950165331277e-152 2.0950590419129 -1.7041904953885e-07 -8.88178419700125e-16 0 0.126682101828037 0.617768972141838 0.255548926030126 0.5 1 2 0.1 0.8 0.1 11 1 -216.901339414104 -6.04923451792922 -143.990766074467 -21.4646723832089 75646.3327554629 75646.3327554629 75646.3327554629
"Aarest_data" 59 0.999994382929026 78.5700161403436 1.04600452321475 0.0256903969730404 2.92962538496155e-152 2.09505505329333 -1.51709656392995e-07 -3.5527136788005e-15 9.30353567098377e+136 0.12668210942815 0.617768960627638 0.255548929944212 0.5 1 2 0.1 0.8 0.1 11 1 -216.901336518715 -6.0492323329486 -143.990763584285 -21.4646733881371 84975.3435908645 84975.3435908645 84975.3435908645
"Aarest_data" 60 0.9999949995953 78.5700076863036 1.0460045298728 0.0256903968297134 2.92973553697776e-152 2.09505150247829 -1.35054229133402e-07 0 9.30353567098377e+136 0.126682116194036 0.617768950377372 0.255548933428591 0.5 1 2 0.1 0.8 0.1 11 1 -216.901333941129 -6.04923038780071 -143.990761367461 -21.4646742827359 95454.8456661836 95454.8456661836 95454.8456661836
"Aarest_data" 61 0.999995548541371 78.5700001603701 1.04600453579945 0.0256903967021316 2.92983359970323e-152 2.09504834160388 -1.20227319655442e-07 -2.66453525910038e-15 0 0.126682122216903 0.617768941252658 0.255548936530439 0.5 1 2 0.1 0.8 0.1 11 1 -216.901331646611 -6.04922865626506 -143.990759394051 -21.4646750791239 107226.722201032 107226.722201032 107226.722201032
"Aarest_data" 62 0.999996037256076 78.5699934606776 1.04600454107565 0.0256903965885402 2.92992089929116e-152 2.09504552754807 -1.07028192530834e-07 1.77635683940025e-15 9.30353567098377e+136 0.126682127578919 0.617768933129328 0.255548939291752 0.5 1 2 0.1 0.8 0.1 11 1 -216.901329603857 -6.0492271147188 -143.990757637225 -21.464675788083 120450.354025878 120450.354025878 120450.354025878
"Aarest_data" 63 0.999996472292335 78.5699874965238 1.04600454577218 0.0256903964874317 2.92999861671279e-152 2.0950430225781 -9.52781178398254e-08 -8.88178419700125e-16 0 0.126682132351985 0.6177689258981 0.255548941749915 0.5 1 2 0.1 0.8 0.1 11 1 -216.901327785475 -6.04922574249142 -143.990756073323 -21.4646764192086 135304.777457981 135304.777457981 135304.777457981
"Aarest_data" 64 0.999996859574391 78.5699821871145 1.04600454995306 0.0256903963974207 2.93006780405466e-152 2.09504079258132 -8.48179979584529e-08 8.88178419700125e-16 -1.86070713419675e+137 0.126682136601103 0.617768919460689 0.255548943938208 0.5 1 2 0.1 0.8 0.1 11 1 -216.901326166696 -6.04922452089565 -143.990754681102 -21.4646769810459 151991.108295293 151991.108295293 151991.108295293
"Aarest_data" 65 0.999997204341138 78.5699774606226 1.04600455367488 0.0256903963172907 2.93012939672751e-152 2.09503880739146 -7.550629987918e-08 -3.5527136788005e-15 -9.30353567098377e+136 0.126682140383753 0.617768913729987 0.25554894588626 0.5 1 2 0.1 0.8 0.1 11 1 -216.901324725627 -6.0492234334061 -143.990753441722 -21.4646774811992 170735.264747069 170735.264747069 170735.264747069
"Aarest_data" 66 0.999997511263371 78.5699732534181 1.04600455697386 0.0256903962458718 2.93018422345868e-152 2.09503704010033 -6.72168383175631e-08 -1.77635683940025e-15 0 0.126682143752753 0.61776890862729 0.255548947619956 0.5 1 2 0.1 0.8 0.1 10 1 -216.90132344274 -6.04922246545052 -143.990752338245 -21.4646779263304 191791.026167249 191791.026167249 191791.026167249
"Aarest_data" 67 0.999997784480853 78.5699695077076 1.04600455992472 0.0256903961823815 2.93023303703737e-152 2.09503546689845 -5.98374398919077e-08 0 9.30353567098377e+136 0.126682146750214 0.617768904085979 0.255548949163807 0.5 1 2 0.1 0.8 0.1 10 1 -216.901322300738 -6.04922160363104 -143.990751356084 -21.4646783227064 215443.469003189 215443.469003189 215443.469003189
"Aarest_data" 68 0.999998027717029 78.569966173213 1.04600456255173 0.025690396125855 2.93027649239233e-152 2.09503406633107 -5.32681951881386e-08 0 -9.30353567098377e+136 0.126682149418747 0.617768900043088 0.255548950538165 0.5 1 2 0.1 0.8 0.1 10 1 -216.901321284052 -6.04922083638299 -143.990750481723 -21.4646786755669 242012.826479438 242012.826479438 242012.826479438
"Aarest_data" 69 0.999998244239548 78.5699632047901 1.0460045648902 0.0256903960755393 2.93031517761844e-152 2.09503281958274 -4.74201442557387e-08 1.77635683940025e-15 0 0.126682151794203 0.617768896444153 0.255548951761644 0.5 1 2 0.1 0.8 0.1 10 1 -216.901320379027 -6.04922015339911 -143.990749703373 -21.4646789896904 271858.824273294 271858.824273294 271858.824273294
"Aarest_data" 70 0.999998436992862 78.5699605622688 1.04600456697193 0.0256903960307468 2.93034961604357e-152 2.09503170969904 -4.22141397393716e-08 -8.88178419700125e-16 9.30353567098377e+136 0.126682153908888 0.61776889324031 0.255548952850802 0.5 1 2 0.1 0.8 0.1 10 1 -216.901319573353 -6.04921954539154 -143.990749010471 -21.4646792693283 305385.550883342 305385.550883342 305385.550883342
"Aarest_data" 71 0.999998608586756 78.569958209849 1.04600456882511 0.0256903959908707 2.93038027408686e-152 2.0950307216526 -3.75796886942226e-08 1.77635683940025e-15 0 0.126682155791432 0.617768890388184 0.255548953820384 0.5 1 2 0.1 0.8 0.1 10 1 -216.901318856122 -6.04921900412803 -143.990748393636 -21.4646795182636 343046.928631492 343046.928631492 343046.928631492
"Aarest_data" 72 0.999998761365234 78.5699561157035 1.04600457047508 0.0256903959553614 2.93040756642668e-152 2.09502984194646 -3.34540075641598e-08 3.5527136788005e-15 1.86070713419675e+137 0.126682157467553 0.617768887848928 0.25554895468352 0.5 1 2 0.1 0.8 0.1 10 1 -216.901318217535 -6.04921852221473 -143.990747844476 -21.4646797398705 385352.859371053 385352.859371053 385352.859371053
"Aarest_data" 73 0.999998897326695 78.5699542518514 1.04600457193019 0.0256903959236923 2.93043185763404e-152 2.09502905906107 -2.97812121630159e-08 -3.5527136788005e-15 -1.86070713419675e+137 0.126682158960622 0.617768885587991 0.255548955451387 0.5 1 2 0.1 0.8 0.1 9 1 -216.90131764924 -6.0492180934971 -143.990747355569 -21.4646799370281 432876.128108306 432876.128108306 432876.128108306
"Aarest_data" 74 0.999999018386039 78.5699525922182 1.04600457323899 0.0256903958955678 2.9304534874722e-152 2.09502836199685 -2.65116995024073e-08 -1.77635683940025e-15 -1.86070713419675e+137 0.126682160288599 0.617768883575934 0.255548956135467 0.5 1 2 0.1 0.8 0.1 9 1 -216.901317143235 -6.04921771162069 -143.99074692041 -21.4646801126621 486260.158006536 486260.158006536 486260.158006536
"Aarest_data" 75 0.999999126150741 78.5699511147953 1.04600457440408 0.0256903958705331 2.93047274271458e-152 2.0950277414838 -2.36011175047679e-08 8.88178419700125e-16 0 0.126682161470733 0.617768881784821 0.255548956744446 0.5 1 2 0.1 0.8 0.1 9 1 -216.901316692797 -6.04921737168128 -143.990746533034 -21.4646802690115 546227.721768435 546227.721768435 546227.721768435
"Aarest_data" 76 0.999999222086027 78.5699497995784 1.04600457544128 0.025690395848246 2.93048988403399e-152 2.09502718908502 -2.10100878916819e-08 2.66453525910038e-15 9.30353567098377e+136 0.126682162523103 0.617768880190331 0.255548957286565 0.5 1 2 0.1 0.8 0.1 9 1 -216.901316291809 -6.04921706905737 -143.990746188184 -21.464680408199 613590.727341317 613590.727341317 613590.727341317
"Aarest_data" 77 0.999999307488577 78.5699486287426 1.04600457636459 0.025690395828406 2.9305051437081e-152 2.09502669733415 -1.87034885357207e-08 -3.5527136788005e-15 0 0.126682163459934 0.617768878770898 0.255548957769168 0.5 1 2 0.1 0.8 0.1 9 1 -216.901315934842 -6.0492167996586 -143.990745881194 -21.4646805321053 689261.21043497 689261.21043497 689261.21043497
"Aarest_data" 78 0.999999383502993 78.5699475864387 1.04600457718641 0.02569039581075 2.93051872827387e-152 2.09502625964053 -1.6650119505357e-08 0 -9.30353567098377e+136 0.126682164293779 0.61776887750743 0.25554895819879 0.5 1 2 0.1 0.8 0.1 9 1 -216.901315617118 -6.04921655987436 -143.990745607931 -21.4646806424067 774263.682681128 774263.682681128 774263.682681128
"Aarest_data" 79 0.999999451195936 78.5699466585701 1.04600457791825 0.0256903957950209 2.930530821433e-152 2.09502586986228 -1.48221914741953e-08 -1.77635683940025e-15 0 0.126682165036343 0.617768876382414 0.255548958581243 0.5 1 2 0.1 0.8 0.1 9 1 -216.901315334172 -6.04921634633994 -143.990745364622 -21.4646807406 869749.002617784 869749.002617784 869749.002617784
"Aarest_data" 80 0.999999511447377 78.5699458325739 1.04600457856964 0.0256903957810235 2.93054158690395e-152 2.09502552293246 -1.31949420278943e-08 0 9.30353567098377e+136 0.126682165697275 0.617768875381011 0.255548958921713 0.5 1 2 0.1 0.8 0.1 9 1 -216.901315082333 -6.04921615627939 -143.990745148042 -21.4646808280129 977009.957299226 977009.957299226 977009.957299226
"Aarest_data" 81 0.999999565082275 78.5699450976372 1.04600457913849 0.0256903957684962 2.93055116559843e-152 2.09502521408978 -1.17463230253634e-08 -1.77635683940025e-15 0 0.126682166286811 0.617768874488859 0.25554895922433 0.5 1 2 0.1 0.8 0.1 8 1 -216.901314858149 -6.04921598721367 -143.99074495516 -21.464680905716 1097498.76549306 1097498.76549306 1097498.76549306
"Aarest_data" 82 0.999999612820559 78.5699444429988 1.04600457965574 0.0256903957574153 2.93055969776475e-152 2.09502493921235 -1.0456751908805e-08 1.77635683940025e-15 9.30353567098377e+136 0.126682166810356 0.617768873695448 0.255548959494196 0.5 1 2 0.1 0.8 0.1 8 1 -216.901314658615 -6.04921583661254 -143.990744783553 -21.4646809750032 1232846.73944207 1232846.73944207 1232846.73944207
"Aarest_data" 83 0.999999655327537 78.5699438602435 1.04600458011636 0.0256903957475465 2.93056729307116e-152 2.09502469445688 -9.30876353777421e-09 -8.88178419700125e-16 9.30353567098377e+136 0.126682167276523 0.617768872989043 0.255548959734433 0.5 1 2 0.1 0.8 0.1 8 1 -216.901314480945 -6.04921570251412 -143.990744630769 -21.4646810366835 1384886.37139387 1384886.37139387 1384886.37139387
"Aarest_data" 84 0.999999693168003 78.5699433414509 1.04600458052642 0.0256903957387612 2.93057405473984e-152 2.09502447657125 -8.28678992093046e-09 -8.88178419700125e-16 9.30353567098377e+136 0.126682167691513 0.617768872360189 0.255548959948298 0.5 1 2 0.1 0.8 0.1 8 1 -216.90131432278 -6.0492155831373 -143.990744494757 -21.4646810915909 1555676.14393047 1555676.14393047 1555676.14393047
"Aarest_data" 85 0.999999726848869 78.5699428796264 1.0460045808914 0.0256903957309428 2.93058007392968e-152 2.09502428263661 -7.3770323183453e-09 0 0 0.126682168060885 0.617768871800433 0.255548960138682 0.5 1 2 0.1 0.8 0.1 8 1 -216.901314181999 -6.04921547688292 -143.990744373688 -21.4646811404694 1747528.40000769 1747528.40000769 1747528.40000769
"Aarest_data" 86 0.999999756845944 78.5699424684951 1.04600458121646 0.0256903957239764 2.93058543242117e-152 2.09502410991327 -6.56716991898065e-09 -2.66453525910038e-15 -9.30353567098377e+136 0.126682168389858 0.617768871301973 0.255548960308169 0.5 1 2 0.1 0.8 0.1 8 1 -216.901314056618 -6.04921538225004 -143.990744265882 -21.4646811839848 1963040.65004027 1963040.65004027 1963040.65004027
"Aarest_data" 87 0.999999783523713 78.5699421025 1.04600458150556 0.025690395717787 2.93059020263511e-152 2.09502395630253 -5.84617509957752e-09 2.66453525910038e-15 0 0.126682168682427 0.617768870858528 0.255548960459045 0.5 1 2 0.1 0.8 0.1 8 1 -216.901313945111 -6.04921529808852 -143.990744169965 -21.4646812227206 2205130.73990305 2205130.73990305 2205130.73990305
"Aarest_data" 88 0.999999807328154 78.569941777089 1.04600458175305 0.0256903957121864 2.93059444389796e-152 2.09502381922446 -5.20437026807485e-09 -2.66453525910038e-15 9.30353567098377e+136 0.12668216894457 0.617768870462567 0.255548960592864 0.5 1 2 0.1 0.8 0.1 7 1 -216.901313845612 -6.04921522310685 -143.990744084407 -21.4646812570865 2477076.35599171 2477076.35599171 2477076.35599171
"Aarest_data" 89 0.999999828455469 78.5699414870017 1.04600458198308 0.025690395707295 2.93059822477631e-152 2.09502369757452 -4.63299443254073e-09 -1.77635683940025e-15 9.30353567098377e+136 0.126682169176158 0.617768870111359 0.255548960712483 0.5 1 2 0.1 0.8 0.1 7 1 -216.901313757306 -6.04921515644386 -143.990744008428 -21.4646812877958 2782559.40220712 2782559.40220712 2782559.40220712
"Aarest_data" 90 0.999999847289086 78.5699412287632 1.04600458218817 0.0256903957029287 2.93060159055435e-152 2.0950235891316 -4.12437373142893e-09 -1.77635683940025e-15 -9.30353567098377e+136 0.126682169382599 0.617768869798427 0.255548960818974 0.5 1 2 0.1 0.8 0.1 7 1 -216.901313678585 -6.04921509701764 -143.990743940739 -21.4646813151365 3125715.84968824 3125715.84968824 3125715.84968824
"Aarest_data" 91 0.999999864074844 78.5699409988691 1.04600458237097 0.025690395699032 2.93060458690602e-152 2.09502349248016 -3.67155195135638e-09 -1.77635683940025e-15 0 0.126682169566592 0.617768869519641 0.255548960913767 0.5 1 2 0.1 0.8 0.1 7 1 -216.901313608423 -6.04921504405304 -143.990743880444 -21.4646813394748 3511191.73421514 3511191.73421514 3511191.73421514
"Aarest_data" 92 0.999999879005346 78.5699407942134 1.04600458253359 0.0256903956955696 2.93060725431338e-152 2.09502340651121 -3.2684894790691e-09 -1.77635683940025e-15 0 0.126682169730246 0.617768869271591 0.255548960998163 0.5 1 2 0.1 0.8 0.1 7 1 -216.901313546014 -6.04921499694208 -143.990743826791 -21.4646813611405 3944206.05943766 3944206.05943766 3944206.05943766
"Aarest_data" 93 0.999999892287991 78.5699406120383 1.04600458267827 0.0256903956924912 2.93060962871851e-152 2.09502333003051 -2.90967250293761e-09 -8.88178419700125e-16 0 0.126682169875838 0.617768869050873 0.255548961073289 0.5 1 2 0.1 0.8 0.1 7 1 -216.901313490496 -6.04921495503072 -143.990743779047 -21.4646813804264 4430621.45758389 4430621.45758389 4430621.45758389
"Aarest_data" 94 0.999999904108755 78.5699404498506 1.04600458280701 0.0256903956897525 2.93061174261569e-152 2.09502326196724 -2.59021248893987e-09 -5.32907051820075e-15 9.30353567098377e+136 0.126682170005406 0.617768868854428 0.255548961140166 0.5 1 2 0.1 0.8 0.1 7 1 -216.90131344109 -6.04921491773214 -143.990743736552 -21.4646813975973 4977023.56433211 4977023.56433211 4977023.56433211
"Aarest_data" 95 0.999999914621796 78.5699403058887 1.04600458291139 0.0256903956872589 2.93061361896257e-152 2.09502320141943 -2.30586039151603e-09 -1.77635683940025e-15 -9.30353567098377e+136 0.126682170121603 0.61776886867921 0.255548961199187 0.5 1 2 0.1 0.8 0.1 6 1 -216.901313397153 -6.04921488466714 -143.99074369871 -21.4646814127602 5590810.18251223 5590810.18251223 5590810.18251223
"Aarest_data" 96 0.999999923995485 78.5699401773249 1.04600458301433 0.025690395685091 2.93061529462193e-152 2.0950231474476 -2.0527295419015e-09 0 1.86070713419675e+137 0.126682170224273 0.617768868523488 0.255548961252239 0.5 1 2 0.1 0.8 0.1 6 1 -216.901313357972 -6.04921485508115 -143.990743665021 -21.4646814263776 6280291.44183426 6280291.44183426 6280291.44183426
"Aarest_data" 97 0.999999932348774 78.5699400628678 1.0460045831063 0.0256903956831581 2.9306167864183e-152 2.09502309935124 -1.82735249154575e-09 -1.77635683940025e-15 -9.30353567098377e+136 0.12668217031574 0.617768868384792 0.255548961299469 0.5 1 2 0.1 0.8 0.1 6 1 -216.901313323055 -6.04921482871312 -143.990743635017 -21.4646814385026 7054802.31071865 7054802.31071865 7054802.31071865
"Aarest_data" 98 0.999999939762453 78.5699399609683 1.04600458318799 0.0256903956814485 2.93061811454365e-152 2.09502305666503 -1.62672364467653e-09 1.77635683940025e-15 -9.30353567098377e+136 0.126682170396911 0.617768868261574 0.255548961341516 0.5 1 2 0.1 0.8 0.1 6 1 -216.901313292069 -6.04921480531036 -143.990743608353 -21.4646814492969 7924828.98353918 7924828.98353918 7924828.98353918
"Aarest_data" 99 0.99999994639377 78.5699398702758 1.04600458326096 0.0256903956799112 2.9306192966027e-152 2.09502301848335 -1.4481500443253e-09 -8.88178419700125e-16 1.86070713419675e+137 0.126682170469527 0.617768868151528 0.255548961378946 0.5 1 2 0.1 0.8 0.1 6 1 -216.90131326435 -6.04921478437837 -143.990743584551 -21.4646814589046 8902150.8544504 8902150.8544504 8902150.8544504
"Aarest_data" 100 0.999999952275848 78.5699397895312 1.04600458332578 0.0256903956785532 2.93062034900322e-152 2.09502298461574 -1.28915900177162e-09 8.88178419700125e-16 0 0.126682170533928 0.617768868053802 0.25554896141227 0.5 1 2 0.1 0.8 0.1 6 1 -216.901313239763 -6.04921476581035 -143.990743563406 -21.4646814674584 1e+07 1e+07 1e+07
