"data_Name" "Iter" "beta1" "beta3" "lambda1" "lambda2" "lambda3" "diffBeta1" "diffBeta3" "diffLambda1" "diffLambda3" "pi1" "pi2" "pi3" "init_beta1" "init_beta2" "init_beta3" "init_pi1" "init_pi2" "init_pi3" "EM_endIter" "tempering" "Qlike" "Q1" "Q2" "Q3" "bpBase" "bp1" "bp3"
"FRT_censord" 1 0.984440007585617 3.94301026631442 0.0462504569515629 0.00967332531208735 1.30218812993891e-10 0.632515775833184 -0.00339788145249287 0 -7.62939453125e-06 0.109150705214622 0.359015798758648 0.53183349602673 0.5 1 5 0.25 0.5 0.25 907 1 -154.80263316805 -13.5266262912225 -57.5144107548847 -55.4009076685474 100 100 100
"FRT_censord" 2 0.986134270079401 3.9386948581502 0.0460657326251709 0.00966505787524121 1.33503992464215e-10 0.632998082951161 -0.00302928724568829 0 0 0.109374436749018 0.358695607880317 0.531929955370665 0.5 1 5 0.25 0.5 0.25 411 1 -154.806890558792 -13.5469758819011 -57.4642575911178 -55.428125715132 112.332403297803 112.332403297803 112.332403297803
"FRT_censord" 3 0.987645266765131 3.93485556656576 0.0459015704824028 0.00965772196470873 1.36496333731295e-10 0.633416757253046 -0.00270024497018539 1.4210854715202e-14 0 0.109572334675029 0.358411780550314 0.532015884774657 0.5 1 5 0.25 0.5 0.25 404 1 -154.810624001467 -13.5649133583566 -57.4197827806497 -55.4523699373218 126.185688306602 126.185688306602 126.185688306602
"FRT_censord" 4 0.988992600267429 3.93143965331663 0.0457556527864895 0.00965121015317636 1.39215039868029e-10 0.633781197835756 -0.0024065998769629 0 -1.52587890625e-05 0.109747502041211 0.358160072918344 0.532092425040445 0.5 1 5 0.25 0.5 0.25 398 1 -154.813903021842 -13.580740682874 -57.3803272707362 -55.4739634267751 141.747416292681 141.747416292681 141.747416292681
"FRT_censord" 5 0.990193812363944 3.9284002240102 0.0456259281594492 0.00964542789568576 1.41679605398424e-10 0.634099210609442 -0.00214461513441933 0 1.52587890625e-05 0.109902649423962 0.35793675270739 0.532160597868649 0.5 1 5 0.25 0.5 0.25 391 1 -154.816787084662 -13.5947195493656 -57.3453106690341 -55.4931950543664 159.228279334109 159.228279334109 159.228279334109
"FRT_censord" 6 0.991264596551993 3.92569562131517 0.0455105810812949 0.00964029192418781 1.43909339707068e-10 0.634377319149117 -0.0019109336391594 0 0 0.110040143685478 0.357738541424059 0.532221314890463 0.5 1 5 0.25 0.5 0.25 385 1 -154.819327055739 -13.6070765279928 -57.3142225656146 -55.5103224338832 178.864952905744 178.864952905744 178.864952905744
"FRT_censord" 7 0.992218988116215 3.92328883585334 0.0454080037668109 0.0096357288135213 1.45923042295826e-10 0.6346210063559 -0.0017025425272692 0 0 0.110162055125347 0.3575625559155 0.532275388959154 0.5 1 5 0.25 0.5 0.25 379 1 -154.821566582081 -13.6180082096326 -57.2866136416804 -55.5255751971581 200.923300256505 200.923300256505 200.923300256505
"FRT_censord" 8 0.993069535290634 3.92114697527574 0.0453167713318153 0.00963167373781092 1.47738775530708e-10 0.634834904558764 -0.00151674033975269 0 0 0.110270198492973 0.357406256587371 0.532323544919656 0.5 1 5 0.25 0.5 0.25 374 1 -154.823543256787 -13.6276856628376 -57.2620877558609 -55.5391580499766 225.701971963392 225.701971963392 225.701971963392
"FRT_censord" 9 0.993827452891108 3.91924080439052 0.0452356204117197 0.0096280694117595 1.4937370120172e-10 0.63502294662506 -0.00135110678490236 0 0 0.110366166697098 0.357267404525531 0.532366428777371 0.5 1 5 0.25 0.5 0.25 368 1 -154.825289544594 -13.6362580161871 -57.2402953835487 -55.5512534065302 253.536449397011 253.536449397011 253.536449397011
"FRT_censord" 10 0.99450276059261 3.91754432766408 0.0451634301336978 0.00962486516211151 1.5084398471055e-10 0.635188486365486 -0.00120347502488727 0 0 0.110451360721164 0.357144022753401 0.532404616525436 0.5 1 5 0.25 0.5 0.25 363 1 -154.826833583535 -13.6438556413621 -57.2209276628302 -55.5620238663374 284.80358684358 284.80358684358 284.80358684358
"FRT_censord" 11 0.99510440742561 3.91603443319734 0.0450992058198749 0.00962201613859351 1.52164732753122e-10 0.635334395790242 -0.00107190635755927 0 0 0.110527013636941 0.357034365074756 0.532438621288303 0.5 1 5 0.25 0.5 0.25 357 1 -154.828199802399 -13.6505926192802 -57.2037116086813 -55.5716142772962 319.926713779738 319.926713779738 319.926713779738
"FRT_censord" 12 0.995640383832728 3.91469056306579 0.0450420642491767 0.00961948260966838 1.53349979664269e-10 0.63546314341022 -0.000954667173111545 0 7.62939453125e-06 0.11059421281886 0.356936886667126 0.532468900514014 0.5 1 5 0.25 0.5 0.25 352 1 -154.82940948469 -13.6565690574648 -57.1884055726138 -55.5801537384137 359.381366380463 359.381366380463 359.381366380463
"FRT_censord" 13 0.996117822110862 3.91349443482527 0.0449912211039258 0.00961722936561238 1.54412687903075e-10 0.635576858434327 -0.000850208026655253 0 0 0.110653917520002 0.356850220830739 0.532495861649259 0.5 1 5 0.25 0.5 0.25 347 1 -154.830481194567 -13.66187284471 -57.1747956573485 -55.5877572373609 403.701725859656 403.701725859656 403.701725859656
"FRT_censord" 14 0.99654308708276 3.91242978360256 0.0449459795629377 0.00961522518216755 1.55364778700996e-10 0.635677383064881 -0.000757144687362654 0 0 0.110706975262466 0.356773156931467 0.532519867806067 0.5 1 5 0.25 0.5 0.25 343 1 -154.831431171052 -13.6665813177866 -57.1626923004556 -55.5945272323706 453.487850812858 453.487850812858 453.487850812858
"FRT_censord" 15 0.996921857252907 3.91148214247883 0.0449057205177966 0.00961344236242516 1.5621716815066e-10 0.635766315886235 -0.000674241005796716 1.4210854715202e-14 -7.62939453125e-06 0.110754134997294 0.356704622685142 0.532541242317564 0.5 1 5 0.25 0.5 0.25 338 1 -154.83227363014 -13.6707625446571 -57.1519275329889 -55.6005549628271 509.413801481638 509.413801481638 509.413801481638
"FRT_censord" 16 0.997259197641665 3.91063863764084 0.0448698936474817 0.0096118563225189 1.5697982229186e-10 0.635845047532291 -0.000600393458491055 0 0 0.110796059650509 0.356643666989014 0.532560273360477 0.5 1 5 0.25 0.5 0.25 333 1 -154.833021055131 -13.6744765854246 -57.1423523109345 -55.6059217292764 572.236765935022 572.236765935022 572.236765935022
"FRT_censord" 17 0.997559625196253 3.90988781530021 0.0448380097707409 0.00961044523786314 1.57661809701107e-10 0.635914790685684 -0.000534617222648137 1.4210854715202e-14 7.62939453125e-06 0.11083333604244 0.356589446375367 0.532577217582193 0.5 1 5 0.25 0.5 0.25 328 1 -154.833684413114 -13.6777764374037 -57.133834413227 -55.6106999364967 642.807311728433 642.807311728433 642.807311728433
"FRT_censord" 18 0.997827167412047 3.90921948268812 0.0448096339287292 0.00960918972521686 1.58271362470441e-10 0.635976605049109 -0.000476033650151919 0 -7.62939453125e-06 0.110866484134495 0.356541212233145 0.532592303632359 0.5 1 5 0.25 0.5 0.25 324 1 -154.834273357948 -13.68070893587 -57.1262564526445 -55.6149540826663 722.080901838547 722.080901838547 722.080901838547
"FRT_censord" 19 0.998065414657668 3.90862457241208 0.0447843794303651 0.00960807256966742 1.58815932971185e-10 0.636031418538616 -0.000423859011974059 0 0 0.110895964483855 0.356498300510545 0.5326057350056 0.5 1 5 0.25 0.5 0.25 319 1 -154.834796385563 -13.6833154470164 -57.1195142746829 -55.6187415796983 811.130830789687 811.130830789687 811.130830789687
"FRT_censord" 20 0.99827756718748 3.90809501271235 0.0447619023048208 0.00960707847203137 1.59302259049543e-10 0.636080044923878 -0.000377394396920749 0 0 0.110922185801895 0.356460121113832 0.532617693084273 0.5 1 5 0.25 0.5 0.25 314 1 -154.835260998494 -13.6856326147098 -57.1135153014344 -55.6221135862929 911.16275611549 911.16275611549 911.16275611549
"FRT_censord" 21 0.998466477262681 3.90762361998636 0.0447418965999261 0.00960619383511613 1.59736419870713e-10 0.636123199051612 -0.000336016652433102 0 -7.62939453125e-06 0.110945510697463 0.356426149893579 0.532628339408958 0.5 1 5 0.25 0.5 0.25 310 1 -154.835673820709 -13.6876928852042 -57.1081772831935 -55.6251156626904 1023.53102189903 1023.53102189903 1023.53102189903
"FRT_censord" 22 0.998634686498441 3.90720400383949 0.0447240902499561 0.00960540657620402 1.60123889080679e-10 0.636161509844902 -0.00029917026788695 0 0 0.110966260668164 0.3563959216488 0.532637817683036 0.5 1 5 0.25 0.5 0.25 305 1 -154.836040695996 -13.6895249590677 -57.1034272077265 -55.6277883493718 1149.75699539774 1149.75699539774 1149.75699539774
"FRT_censord" 23 0.998784459564261 3.90683047315978 0.0447082411208679 0.00960470594879553 1.60469594226184e-10 0.636195531138114 -0.000266360108646779 0 0 0.110984721547834 0.356369022374782 0.532646256077384 0.5 1 5 0.25 0.5 0.25 301 1 -154.836366804714 -13.6911543339615 -57.0992000852047 -55.6301677869796 1291.54966501488 1291.54966501488 1291.54966501488
"FRT_censord" 24 0.998917814168702 3.90649796534284 0.0446941338649963 0.00960408240059345 1.60777960414341e-10 0.636225751377916 -0.000237144913455722 0 0 0.111001146874245 0.356345084550003 0.532653768575752 0.5 1 5 0.25 0.5 0.25 297 1 -154.836656722065 -13.6926035785157 -57.0954382151393 -55.6322861272469 1450.82877849594 1450.82877849594 1450.82877849594
"FRT_censord" 25 0.999036547746332 3.90620197454614 0.0446815768883124 0.00960352743717259 1.61052959461545e-10 0.636252601710567 -0.000211131480433835 -1.4210854715202e-14 7.62939453125e-06 0.111015761853181 0.356323781476474 0.532660456670345 0.5 1 5 0.25 0.5 0.25 292 1 -154.83691449933 -13.6938927137175 -57.0920902993263 -55.6341719977609 1629.75083462065 1629.75083462065 1629.75083462065
"FRT_censord" 26 0.999142261524843 3.90593848746291 0.044670399628846 0.00960303350006279 1.61298155740924e-10 0.63627646296017 -0.000187969470843541 0 -7.62939453125e-06 0.111028766893445 0.356304822221635 0.532666410884921 0.5 1 5 0.25 0.5 0.25 288 1 -154.837143735362 -13.6950395518134 -57.089110648775 -55.6358509192745 1830.73828029537 1830.73828029537 1830.73828029537
"FRT_censord" 27 0.999236381683196 3.90570393554954 0.0446604504217935 0.00960259387077509 1.61516739568552e-10 0.636297671966675 -0.000167346765806542 0 0 0.111040339690609 0.356287948687671 0.532671711621721 0.5 1 5 0.25 0.5 0.25 283 1 -154.837347608247 -13.6960598492783 -57.086458728152 -55.6373455748686 2056.51230834865 2056.51230834865 2056.51230834865
"FRT_censord" 28 0.999320178510231 3.90549513882473 0.0446515942013213 0.0096022025683125 1.6171157084654e-10 0.63631652666912 -0.000148985321068551 0 0 0.111050638598624 0.356272930730618 0.532676430670757 0.5 1 5 0.25 0.5 0.25 279 1 -154.837528948935 -13.696967656276 -57.0840983873346 -55.6386762009407 2310.12970008316 2310.12970008316 2310.12970008316
"FRT_censord" 29 0.999394783356639 3.90530926939692 0.0446437108440759 0.0096018542749996 1.61885206078541e-10 0.636333290953871 -0.000132637465291907 0 0 0.111059804097047 0.356259564100055 0.532680631802898 0.5 1 5 0.25 0.5 0.25 275 1 -154.837690260031 -13.697775411124 -57.0819975418967 -55.6398607853902 2595.02421139974 2595.02421139974 2595.02421139974
"FRT_censord" 30 0.999461203791635 3.90514381017603 0.0446366934480351 0.00960154425978243 1.62039931400614e-10 0.636348198611936 -0.000118082597289515 -1.4210854715202e-14 0 0.111067961082236 0.356247667126609 0.532684371791155 0.5 1 5 0.25 0.5 0.25 270 1 -154.837833762413 -13.6984941637933 -57.0801276524058 -55.6409153424484 2915.05306282518 2915.05306282518 2915.05306282518
"FRT_censord" 31 0.999520337073821 3.9049965178804 0.0446304467984395 0.00960126830989899 1.62177792788963e-10 0.636361456790311 -0.000105124239226484 0 0 0.111075220928622 0.356237077735098 0.53268770133628 0.5 1 5 0.25 0.5 0.25 266 1 -154.837961437387 -13.6991337781938 -57.078463254627 -55.6418541604978 3274.54916287773 3274.54916287773 3274.54916287773
"FRT_censord" 32 0.99957298222434 3.90486539830788 0.0446248862265501 0.00960102268000225 1.62300615663856e-10 0.63637324927341 -9.35874076759546e-05 0 0 0.111081682390975 0.356227652178903 0.532690665430122 0.5 1 5 0.25 0.5 0.25 262 1 -154.838075035447 -13.6997029796738 -57.0769817637996 -55.6426899311569 3678.37977182863 3678.37977182863 3678.37977182863
"FRT_censord" 33 0.999619850766575 3.90474867640236 0.0446199363760678 0.0096008040373542 1.6241003015851e-10 0.636383739114843 -8.33162698299361e-05 0 7.62939453125e-06 0.111087433297167 0.356219262579001 0.532693304123832 0.5 1 5 0.25 0.5 0.25 257 1 -154.838176111256 -13.7002095235193 -57.075663087176 -55.6434339527234 4132.01240011534 4132.01240011534 4132.01240011534
"FRT_censord" 34 0.999661576244615 3.90464476935289 0.0446155301025479 0.00960060941292012 1.62507494149509e-10 0.636393070940642 -7.41720534236379e-05 0 0 0.11109255208247 0.356211794688701 0.53269565322883 0.5 1 5 0.25 0.5 0.25 253 1 -154.838266055696 -13.7006603491544 -57.0744892718746 -55.6440963145319 4641.58883361278 4641.58883361278 4641.58883361278
"FRT_censord" 35 0.999698722794177 3.9045522708333 0.044611607715018 0.0096004361676487 1.62594306246322e-10 0.636401373233914 -6.60311835574134e-05 0 7.62939453125e-06 0.111097108226575 0.356205147293929 0.532697744479496 0.5 1 5 0.25 0.5 0.25 249 1 -154.838346095748 -13.7010615852382 -57.0734444134636 -55.6446859694744 5214.00828799969 5214.00828799969 5214.00828799969
"FRT_censord" 36 0.999731792723914 3.90446992907224 0.0446081160860114 0.00960028195300321 1.62671624995568e-10 0.636408760099675 -5.87836221228599e-05 0 0 0.111101163533045 0.356199230344239 0.532699606122716 0.5 1 5 0.25 0.5 0.25 244 1 -154.838417321704 -13.7014186807335 -57.0725143612335 -55.6452108869705 5857.02081805666 5857.02081805666 5857.02081805666
"FRT_censord" 37 0.999761233267968 3.90439662702579 0.044605007851494 0.00960014467549421 1.62740486416583e-10 0.636415332811072 -5.23313878417753e-05 0 0 0.111104773300742 0.356193963239132 0.532701263460127 0.5 1 5 0.25 0.5 0.25 240 1 -154.838480712352 -13.7017365261898 -57.0716864478225 -55.6456781926175 6579.33224657568 6579.33224657568 6579.33224657568
"FRT_censord" 38 0.99978744262799 3.90433137297489 0.0446022409255264 0.00960002247511143 1.62801811917464e-10 0.636421181433867 -4.65872375059462e-05 0 0 0.111107986435734 0.356189274695692 0.532702738868574 0.5 1 5 0.25 0.5 0.25 236 1 -154.838537128871 -13.7020194296325 -57.0709494710523 -55.6460942005164 7390.72203352578 7390.72203352578 7390.72203352578
"FRT_censord" 39 0.99981077535402 3.9042732832484 0.0445997778217395 0.0095999136953038 1.62856423860475e-10 0.636426385982318 -4.14734910592074e-05 0 0 0.111110846552561 0.356185101130646 0.532704052316793 0.5 1 5 0.25 0.5 0.25 232 1 -154.838587339985 -13.7022712370486 -57.0702934381246 -55.6464645413427 8302.17568131974 8302.17568131974 8302.17568131974
"FRT_censord" 40 0.999831547090806 3.90422157217367 0.0445975852003992 0.00959981686286923 1.62905054444643e-10 0.636431017608155 -3.69209846837748e-05 0 7.62939453125e-06 0.111113392355945 0.356181386114731 0.532705221529324 0.5 1 5 0.25 0.5 0.25 227 1 -154.838632026165 -13.7024953550973 -57.0697094807497 -55.6467942172396 9326.0334688322 9326.0334688322 9326.0334688322
"FRT_censord" 41 0.999850038875079 3.90417553760224 0.0445956333074087 0.00959973066317454 1.62948358907971e-10 0.636435139479467 -3.28681384544893e-05 0 7.62939453125e-06 0.111115658598704 0.356178078962498 0.532706262438798 0.5 1 5 0.25 0.5 0.25 223 1 -154.838671802068 -13.7026948584882 -57.0691896319761 -55.6470877119402 10476.1575278967 10476.1575278967 10476.1575278967
"FRT_censord" 42 0.999866500936356 3.90413455711183 0.0445938957284015 0.00959965392922751 1.62986918712496e-10 0.636438807844542 -2.92601254940905e-05 1.4210854715202e-14 0 0.111117675912743 0.356175135005808 0.532707189081449 0.5 1 5 0.25 0.5 0.25 219 1 -154.838707205363 -13.7028724409457 -57.0687268716942 -55.6473489876969 11768.11952435 11768.11952435 11768.11952435
"FRT_censord" 43 0.999881155968708 3.9040980767903 0.0445923489608929 0.00959958562268247 1.63021251840846e-10 0.63644207272711 -2.60481322413852e-05 -1.4210854715202e-14 -7.62939453125e-06 0.111119471545222 0.356172514507442 0.532708013947337 0.5 1 5 0.25 0.5 0.25 214 1 -154.838738714139 -13.7030304978891 -57.0683149546154 -55.6475815704819 13219.4114846603 13219.4114846603 13219.4114846603
"FRT_censord" 44 0.999894202349942 3.90406560071143 0.0445909719972994 0.0095995248155741 1.63051822504535e-10 0.636444978528258 -2.31886995223363e-05 0 0 0.111121070059622 0.356170181631134 0.532708748309245 0.5 1 5 0.25 0.5 0.25 210 1 -154.838766763021 -13.7031712046397 -57.0679482473653 -55.6477886302244 14849.6826225447 14849.6826225447 14849.6826225447
"FRT_censord" 45 0.999905816627026 3.90403669009587 0.0445897462163783 0.00959947068532499 1.63079041719687e-10 0.636447564825074 -2.0643135535181e-05 -1.4210854715202e-14 0 0.111122493018175 0.356168104927118 0.532709402054708 0.5 1 5 0.25 0.5 0.25 206 1 -154.83879172972 -13.7032964549431 -57.0676218071268 -55.6479729592345 16681.0053720006 16681.0053720006 16681.0053720006
"FRT_censord" 46 0.999916155976814 3.90401095349521 0.0445886550184236 0.00959942249869519 1.63103276437795e-10 0.636449866796331 -1.83769934594125e-05 0 7.62939453125e-06 0.111123759707433 0.356166256259327 0.532709984033241 0.5 1 5 0.25 0.5 0.25 202 1 -154.838813953222 -13.7034079475979 -57.0673312114656 -55.6481370527451 18738.1742286039 18738.1742286039 18738.1742286039
"FRT_censord" 47 0.999925360338483 3.90398804338197 0.0445876836520674 0.00959937960411754 1.6312485263429e-10 0.636451915767301 -1.63596057944915e-05 1.4210854715202e-14 7.62939453125e-06 0.111124887187397 0.356164610742694 0.532710502069909 0.5 1 5 0.25 0.5 0.25 197 1 -154.838833731901 -13.7035071793692 -57.0670725493146 -55.6482831215516 21049.0414451202 21049.0414451202 21049.0414451202
"FRT_censord" 48 0.999933554282154 3.90396764764564 0.0445868189109622 0.00959934141829222 1.63144063259114e-10 0.636453739520991 -1.45636700921159e-05 0 -1.52587890625e-05 0.111125890951652 0.356163145763695 0.532710963284653 0.5 1 5 0.25 0.5 0.25 193 1 -154.838851340731 -13.7035955262068 -57.0668422653824 -55.6484131643732 23644.8941264541 23644.8941264541 23644.8941264541
"FRT_censord" 49 0.999940848748909 3.90394949105624 0.0445860491083408 0.00959930742507175 1.63161166748479e-10 0.636455362859703 -1.29648797795312e-05 0 0 0.111126784495189 0.356161841636905 0.532711373867906 0.5 1 5 0.25 0.5 0.25 189 1 -154.83886701528 -13.7036741705722 -57.0666372658589 -55.6485289311878 26560.8778294668 26560.8778294668 26560.8778294668
"FRT_censord" 50 0.999947342439418 3.90393332780746 0.0445853638233003 0.00959927716418245 1.6317639402197e-10 0.636456807826642 -1.15415957324672e-05 0 7.62939453125e-06 0.111127579922508 0.356160680699676 0.532711739377816 0.5 1 5 0.25 0.5 0.25 185 1 -154.838880968183 -13.7037441784096 -57.0664547744008 -55.6486319890776 29836.4724028334 29836.4724028334 29836.4724028334
"FRT_censord" 51 0.999953123270818 3.90391893999389 0.0445847538010579 0.00959925022689959 1.63189949860362e-10 0.636458094065919 -1.0274553453371e-05 0 0 0.111128287903057 0.356159647387746 0.532712064709197 0.5 1 5 0.25 0.5 0.25 180 1 -154.838893385345 -13.703806483295 -57.0662923449348 -55.6487237226594 33516.0265093885 33516.0265093885 33516.0265093885
"FRT_censord" 52 0.999958269488862 3.90390613090349 0.04458421072907 0.00959922624611438 1.6320201921935e-10 0.636459238972162 -9.14660275697088e-06 1.4210854715202e-14 0 0.111128918242208 0.356158727384539 0.532712354373254 0.5 1 5 0.25 0.5 0.25 176 1 -154.838904441688 -13.7038619599844 -57.066147726252 -55.6488053951047 37649.3580679247 37649.3580679247 37649.3580679247
"FRT_censord" 53 0.99996285075857 3.90389472804906 0.0445837272796769 0.00959920489821395 1.63212764304541e-10 0.636460258107951 -8.1424756572801e-06 0 0 0.111129479372263 0.356157908389091 0.532712612238646 0.5 1 5 0.25 0.5 0.25 172 1 -154.838914283848 -13.7039113451282 -57.0660189851876 -55.6488781015935 42292.428743895 42292.428743895 42292.428743895
"FRT_censord" 54 0.999966929093012 3.90388457705343 0.0445832969072941 0.00959918589412894 1.63222330339368e-10 0.63646116529708 -7.24857993361638e-06 1.4210854715202e-14 0 0.111129978892548 0.356157179311582 0.53271284179587 0.5 1 5 0.25 0.5 0.25 168 1 -154.838923045198 -13.7039553076806 -57.065904378541 -55.6489428263307 47508.101621028 47508.101621028 47508.101621028
"FRT_censord" 55 0.99997055971384 3.90387554047157 0.0445829137834971 0.00959916897647731 1.6323084665152e-10 0.636461972842035 -6.45281520661456e-06 0 0 0.111130423568808 0.356156530278669 0.532713046152523 0.5 1 5 0.25 0.5 0.25 164 1 -154.838930844447 -13.7039944431606 -57.0658023543329 -55.6490004455819 53366.9923120631 53366.9923120631 53366.9923120631
"FRT_censord" 56 0.999973791756546 3.90386749691244 0.0445825727481795 0.00959915391737008 1.63238427479969e-10 0.636462691722187 -5.74440927181286e-06 0 -7.62939453125e-06 0.111130819316427 0.356155952661391 0.532713228022181 0.5 1 5 0.25 0.5 0.25 159 1 -154.838937784045 -13.7040292666157 -57.0657115565665 -55.6490517288059 59948.4250318941 59948.4250318941 59948.4250318941
"FRT_censord" 57 0.999976668985655 3.90386033556847 0.0445822691303591 0.00959914051055124 1.63245177147996e-10 0.636463331623274 -5.11377232470522e-06 0 0 0.111131171708579 0.356155438318353 0.532713389973067 0.5 1 5 0.25 0.5 0.25 155 1 -154.838943964512 -13.7040602799397 -57.0656307046893 -55.6490973914494 67341.5065775083 67341.5065775083 67341.5065775083
"FRT_censord" 58 0.999979230343027 3.90385396041481 0.0445819988455642 0.00959912857564026 1.63251186055573e-10 0.636463901248316 -4.5523671943215e-06 0 0 0.111131485412923 0.35615498044124 0.532713534145837 0.5 1 5 0.25 0.5 0.25 151 1 -154.83894946641 -13.7040878884299 -57.065558728881 -55.6491380413475 75646.3327554629 75646.3327554629 75646.3327554629
"FRT_censord" 59 0.999981510510539 3.90384828514703 0.044581758234021 0.00959911795102866 1.63256535471221e-10 0.636464408317815 -4.05259378766232e-06 0 -7.62939453125e-06 0.111131764676226 0.356154572832284 0.532713662491491 0.5 1 5 0.25 0.5 0.25 147 1 -154.838954364212 -13.7041124657692 -57.0654946549135 -55.6491742286876 84975.3435908645 84975.3435908645 84975.3435908645
"FRT_censord" 60 0.999983540354327 3.90384323293104 0.0445815440382381 0.00959910849286662 1.63261297755917e-10 0.636464859703457 -3.60768633100861e-06 0 7.62939453125e-06 0.11113201327984 0.356154209972671 0.532713776747489 0.5 1 5 0.25 0.5 0.25 143 1 -154.838958724262 -13.7041343447841 -57.06543761527 -55.6492064433572 95454.8456661836 95454.8456661836 95454.8456661836
"FRT_censord" 61 0.999985347359175 3.90383873631142 0.0445813533839593 0.00959910007423039 1.63265536438169e-10 0.636465261551438 -3.21162168859246e-06 0 0 0.111132234483473 0.356153887109047 0.53271387840748 0.5 1 5 0.25 0.5 0.25 138 1 -154.838962602347 -13.7041538066276 -57.0653868631678 -55.6492351109129 107226.722201032 107226.722201032 107226.722201032
"FRT_censord" 62 0.999986955983408 3.90383473252598 0.0445811836381605 0.00959909257885337 1.63269310655202e-10 0.636465619247057 -2.85903792729414e-06 -1.4210854715202e-14 -7.62939453125e-06 0.111132431494335 0.356153599552379 0.532713968953286 0.5 1 5 0.25 0.5 0.25 134 1 -154.838966057476 -13.7041711449113 -57.0653416607183 -55.649260640473 120450.354025878 120450.354025878 120450.354025878
"FRT_censord" 63 0.999988387986226 3.90383116828777 0.0445810325293404 0.00959908590641211 1.63272670601306e-10 0.636465937665147 -2.54516174180708e-06 1.4210854715202e-14 0 0.111132606877485 0.356153343562457 0.532714049560058 0.5 1 5 0.25 0.5 0.25 130 1 -154.838969133359 -13.7041865800024 -57.0653014203579 -55.6492833675113 135304.777457981 135304.777457981 135304.777457981
"FRT_censord" 64 0.999989662822614 3.90382799531791 0.0445808980062122 0.0095990799663781 1.63275661763646e-10 0.636466221119198 -2.26574378103805e-06 0 7.62939453125e-06 0.11113276300701 0.356153115675569 0.532714121317421 0.5 1 5 0.25 0.5 0.25 126 1 -154.838971871459 -13.7042003203993 -57.0652655976801 -55.6493035996054 151991.108295293 151991.108295293 151991.108295293
"FRT_censord" 65 0.999990797681922 3.90382517070845 0.044580778253717 0.00959907467854889 1.63278324572353e-10 0.636466473449895 -2.01700117941073e-06 1.4210854715202e-14 7.62939453125e-06 0.11113290199453 0.356152912808468 0.532714185197002 0.5 1 5 0.25 0.5 0.25 122 1 -154.838974308961 -13.7042125522472 -57.0652337079611 -55.649321610474 170735.264747069 170735.264747069 170735.264747069
"FRT_censord" 66 0.99999180795171 3.90382265620355 0.0445806716484973 0.00959906997125898 1.63280695076582e-10 0.63646669807491 -1.79556636226152e-06 1.4210854715202e-14 0 0.111133025722364 0.356152732214253 0.532714242063383 0.5 1 5 0.25 0.5 0.25 118 1 -154.838976478827 -13.7042234410908 -57.0652053194249 -55.6493376439841 191791.026167249 191791.026167249 191791.026167249
"FRT_censord" 67 0.999992707300775 3.90382041776811 0.0445805767480566 0.00959906578080477 1.63282805350206e-10 0.636466898036916 -1.59844141478516e-06 0 0 0.111133135865215 0.35615257144845 0.532714292686334 0.5 1 5 0.25 0.5 0.25 114 1 -154.838978410447 -13.7042331343443 -57.0651800478089 -55.6493519171561 215443.469003189 215443.469003189 215443.469003189
"FRT_censord" 68 0.999993507934291 3.9038184250787 0.044580492265001 0.00959906205036092 1.63284683970866e-10 0.636467076043918 -1.42295757399324e-06 -1.4210854715202e-14 7.62939453125e-06 0.111133233914954 0.356152428334121 0.532714337750925 0.5 1 5 0.25 0.5 0.25 110 1 -154.838980129919 -13.704241763157 -57.0651575509359 -55.6493646232652 242012.826479438 242012.826479438 242012.826479438
"FRT_censord" 69 0.999994220651706 3.90381665213868 0.0445804170854493 0.00959905873070725 1.63286355432434e-10 0.63646723453736 -1.2667389910348e-06 0 0 0.111133321090588 0.356152301095386 0.532714377814026 0.5 1 5 0.25 0.5 0.25 105 1 -154.838981657316 -13.7042494292279 -57.0651375500231 -55.6493759236013 271858.824273294 271858.824273294 271858.824273294
"FRT_censord" 70 0.999994855145074 3.9038150721098 0.0445803501101973 0.00959905577335008 1.63287845051662e-10 0.636467375574794 -1.12767068571884e-06 0 7.62939453125e-06 0.111133398889126 0.356152187536107 0.532714413574767 0.5 1 5 0.25 0.5 0.25 102 1 -154.838983022877 -13.7042562809647 -57.0651196986912 -55.6493860025158 305385.550883342 305385.550883342 305385.550883342
"FRT_censord" 71 0.999995419991428 3.9038136672546 0.0445802905344013 0.00959905314272573 1.63289169519452e-10 0.636467501181265 -1.00386986900958e-06 0 0 0.111133467953617 0.35615208673297 0.532714445313413 0.5 1 5 0.25 0.5 0.25 97 1 -154.838984232601 -13.7042623530827 -57.0651038533433 -55.6493949558058 343046.928631492 343046.928631492 343046.928631492
"FRT_censord" 72 0.999995922787428 3.90381241501537 0.0445802374572083 0.00959905079903065 1.63290350125328e-10 0.636467612945852 -8.93660420331344e-07 0 7.62939453125e-06 0.11113352961933 0.356151996720934 0.532714473659737 0.5 1 5 0.25 0.5 0.25 94 1 -154.838985315216 -13.704267784808 -57.0650897035216 -55.649402944383 385352.859371053 385352.859371053 385352.859371053
"FRT_censord" 73 0.99999637038278 3.90381130101179 0.0445801902281877 0.00959904871356633 1.63291400404807e-10 0.63646771246356 -7.95550207044471e-07 0 7.62939453125e-06 0.111133584429746 0.356151916718559 0.532714498851695 0.5 1 5 0.25 0.5 0.25 90 1 -154.838986276373 -13.7042726081302 -57.0650771275316 -55.6494100474904 432876.128108306 432876.128108306 432876.128108306
"FRT_censord" 74 0.99999676887658 3.90381030939115 0.044580148183873 0.00959904685706924 1.6329233530686e-10 0.636467801058075 -7.08210961875011e-07 0 0 0.111133633211723 0.356151845516509 0.532714521271768 0.5 1 5 0.25 0.5 0.25 86 1 -154.838987131574 -13.7042769001249 -57.0650659349862 -55.6494163696709 486260.158006536 486260.158006536 486260.158006536
"FRT_censord" 75 0.999997123599439 3.90380942671937 0.0445801107592939 0.00959904520454303 1.63293167495714e-10 0.636467879928272 -6.30460199602112e-07 0 7.62939453125e-06 0.111133676629745 0.356151782143515 0.53271454122674 0.5 1 5 0.25 0.5 0.25 82 1 -154.838987892686 -13.7042807198666 -57.0650559731323 -55.6494219969592 546227.721768435 546227.721768435 546227.721768435
"FRT_censord" 76 0.999997439389274 3.90380864102088 0.0445800774445962 0.00959904373350166 1.63293908260497e-10 0.636467950141665 -5.61245279584455e-07 0 0 0.111133715272796 0.356151725740542 0.532714558986662 0.5 1 5 0.25 0.5 0.25 78 1 -154.838988569959 -13.7042841190168 -57.0650471069638 -55.6494270056325 613590.727341317 613590.727341317 613590.727341317
"FRT_censord" 77 0.999997720492102 3.90380794073094 0.0445800477651494 0.00959904242296801 1.6329456851041e-10 0.636468012619492 -4.99629045691563e-07 -1.4210854715202e-14 7.62939453125e-06 0.111133749769742 0.356151675385146 0.532714574845112 0.5 1 5 0.25 0.5 0.25 75 1 -154.838989175864 -13.7042871587503 -57.0650391910495 -55.6494314739929 689261.21043497 689261.21043497 689261.21043497
"FRT_censord" 78 0.999997970779536 3.90380731809578 0.0445800213622992 0.0095990412571496 1.63295155541844e-10 0.636468068262895 -4.44777334962509e-07 0 0 0.111133780390215 0.35615163069245 0.532714588917335 0.5 1 5 0.25 0.5 0.25 71 1 -154.838989712408 -13.704289851846 -57.0650321656966 -55.649435442933 774263.682681128 774263.682681128 774263.682681128
"FRT_censord" 79 0.999998193560581 3.9038067640477 0.0445799978665036 0.00959904021967075 1.63295677908393e-10 0.636468117804515 -3.9594748102445e-07 -1.4210854715202e-14 0 0.11113380762428 0.356151590942765 0.532714601432955 0.5 1 5 0.25 0.5 0.25 67 1 -154.838990189366 -13.70429224595 -57.0650259174135 -55.6494389737228 869749.002617784 869749.002617784 869749.002617784
"FRT_censord" 80 0.99999839186045 3.90380627004058 0.044579976930122 0.00959903929519105 1.63296143674581e-10 0.636468161882176 -3.52478402021461e-07 0 0 0.111133831957795 0.356151555422728 0.532714612619477 0.5 1 5 0.25 0.5 0.25 64 1 -154.838990616747 -13.7042943900183 -57.065020333629 -55.649442125761 977009.957299226 977009.957299226 977009.957299226
"FRT_censord" 81 0.999998568407389 3.90380583107373 0.044579958313376 0.0095990384731526 1.63296557542071e-10 0.636468201146673 -3.13781548300085e-07 0 0 0.11113385352815 0.356151523939746 0.532714622532104 0.5 1 5 0.25 0.5 0.25 60 1 -154.838990994363 -13.7042962855994 -57.0650153848348 -55.6494449226843 1097498.76549306 1097498.76549306 1097498.76549306
"FRT_censord" 82 0.999998725588062 3.90380543963093 0.0445799417209153 0.00959903774051418 1.63296926608578e-10 0.636468236079581 -2.79333050912101e-07 0 -7.62939453125e-06 0.111133872804677 0.356151495802153 0.53271463139317 0.5 1 5 0.25 0.5 0.25 57 1 -154.838991332748 -13.7042979835005 -57.0650109616317 -55.6494474199079 1232846.73944207 1232846.73944207 1232846.73944207
"FRT_censord" 83 0.999998865483382 3.90380509203629 0.0445799269764131 0.00959903708945542 1.63297254327871e-10 0.636468267205407 -2.48666445656909e-07 1.4210854715202e-14 7.62939453125e-06 0.11113388986747 0.356151470898634 0.532714639233896 0.5 1 5 0.25 0.5 0.25 53 1 -154.83899163108 -13.704299481367 -57.0650070471581 -55.6494496334038 1384886.37139387 1384886.37139387 1384886.37139387
"FRT_censord" 84 0.999998990049037 3.90380478199657 0.0445799138319162 0.00959903650907406 1.63297546644487e-10 0.636468294895074 -2.21366583730287e-07 0 0 0.111133905123635 0.35615144862985 0.532714646246515 0.5 1 5 0.25 0.5 0.25 50 1 -154.838991898618 -13.7043008240528 -57.0650035465979 -55.649451610492 1555676.14393047 1555676.14393047 1555676.14393047
"FRT_censord" 85 0.999999100934877 3.90380450592468 0.0445799021289825 0.00959903599234982 1.6329780693599e-10 0.636468319542654 -1.97063805273956e-07 -1.4210854715202e-14 0 0.111133918712454 0.3561514287941 0.532714652493446 0.5 1 5 0.25 0.5 0.25 47 1 -154.838992137023 -13.7043020204294 -57.0650004284623 -55.6494533713379 1747528.40000769 1747528.40000769 1747528.40000769
"FRT_censord" 86 0.99999919962466 3.9038042602375 0.0445798917146688 0.00959903553251949 1.63298038579517e-10 0.636468341486102 -1.75429114790404e-07 0 0 0.111133930801272 0.356151411147313 0.532714658051415 0.5 1 5 0.25 0.5 0.25 44 1 -154.838992349059 -13.7043030844457 -57.064997654429 -55.6494549381584 1963040.65004027 1963040.65004027 1963040.65004027
"FRT_censord" 87 0.999999287492688 3.90380404162755 0.0445798824458409 0.00959903512329846 1.63298244693004e-10 0.636468361022423 -1.5616957682596e-07 0 0 0.111133941549689 0.356151395457271 0.532714662993039 0.5 1 5 0.25 0.5 0.25 41 1 -154.838992537372 -13.7043040296993 -57.0649951880436 -55.6494563317586 2205130.73990305 2205130.73990305 2205130.73990305
"FRT_censord" 88 0.999999365697431 3.9038038471846 0.0445798742005205 0.00959903475928709 1.63298428020066e-10 0.636468378415309 -1.39024450618308e-07 0 0 0.111133951099045 0.356151381517047 0.532714667383908 0.5 1 5 0.25 0.5 0.25 38 1 -154.838992704463 -13.7043048685902 -57.0649929967623 -55.6494575706357 2477076.35599171 2477076.35599171 2477076.35599171
"FRT_censord" 89 0.999999435348511 3.90380367330751 0.0445798668363255 0.00959903443419643 1.63298591962737e-10 0.636468393871581 -1.23761580539394e-07 0 7.62939453125e-06 0.111133959687165 0.356151368977836 0.532714671335 0.5 1 5 0.25 0.5 0.25 36 1 -154.838992855791 -13.7043056275386 -57.0649910254138 -55.6494586820319 2782559.40220712 2782559.40220712 2782559.40220712
"FRT_censord" 90 0.99999949734385 3.90380351921185 0.0445798603006307 0.00959903414578003 1.63298737249384e-10 0.636468407637736 -1.10174354972514e-07 0 -7.62939453125e-06 0.111133967252268 0.35615135793254 0.532714674815193 0.5 1 5 0.25 0.5 0.25 33 1 -154.838992988051 -13.7043062918941 -57.0649892891856 -55.6494596638874 3125715.84968824 3125715.84968824 3125715.84968824
"FRT_censord" 91 0.999999552536004 3.90380338153007 0.0445798544678476 0.00959903388837835 1.63298867064284e-10 0.636468419870983 -9.80788144033795e-08 0 0 0.111133974044796 0.356151348013896 0.532714677941308 0.5 1 5 0.25 0.5 0.25 31 1 -154.838993107558 -13.7043068915165 -57.0649877298527 -55.6494605435433 3511191.73421514 3511191.73421514 3511191.73421514
"FRT_censord" 92 0.999999601651152 3.9038032597676 0.0445798492982722 0.0095990336604656 1.63298981864003e-10 0.636468430737121 -8.73111645205427e-08 1.4210854715202e-14 0 0.111133979999237 0.35615133931802 0.532714680682744 0.5 1 5 0.25 0.5 0.25 28 1 -154.838993211111 -13.7043074124268 -57.0649863630255 -55.6494613180869 3944206.05943766 3944206.05943766 3944206.05943766
"FRT_censord" 93 0.999999645383369 3.90380315005264 0.0445798446589376 0.00959903345569956 1.63299085314691e-10 0.636468440407011 -7.77256374817625e-08 0 0 0.111133985452959 0.356151331353056 0.532714683193985 0.5 1 5 0.25 0.5 0.25 27 1 -154.838993308006 -13.7043078976913 -57.0649851105851 -55.6494620219463 4430621.45758389 4430621.45758389 4430621.45758389
"FRT_censord" 94 0.999999684306452 3.90380305266823 0.0445798405360601 0.00959903327399384 1.63299177137188e-10 0.636468448958471 -6.91924668672073e-08 0 0 0.111133990274719 0.356151324308182 0.5327146854171 0.5 1 5 0.25 0.5 0.25 25 1 -154.838993393207 -13.7043083251487 -57.0649840028833 -55.6494626457782 4977023.56433211 4977023.56433211 4977023.56433211
"FRT_censord" 95 0.999999718971717 3.90380296619799 0.0445798368692448 0.00959903311256977 1.63299258667425e-10 0.636468456524868 -6.15960971117602e-08 0 0 0.111133994542671 0.356151318072229 0.532714687385101 0.5 1 5 0.25 0.5 0.25 23 1 -154.838993468232 -13.7043087022184 -57.0649830224607 -55.6494631988116 5590810.18251223 5590810.18251223 5590810.18251223
"FRT_censord" 96 0.999999749826407 3.90380288853118 0.0445798335871871 0.00959903296783809 1.63299331902024e-10 0.63646846329357 -5.48337197869841e-08 0 7.62939453125e-06 0.111133998421881 0.356151312405097 0.532714689173022 0.5 1 5 0.25 0.5 0.25 22 1 -154.838993537528 -13.7043090491242 -57.0649821312189 -55.6494636985061 6280291.44183426 6280291.44183426 6280291.44183426
"FRT_censord" 97 0.999999777297977 3.90380281994776 0.0445798306755406 0.00959903284001001 1.63299396568333e-10 0.636468469166635 -4.88137175125303e-08 0 7.62939453125e-06 0.111134001815451 0.35615130744436 0.532714690740188 0.5 1 5 0.25 0.5 0.25 20 1 -154.838993597262 -13.7043093497691 -57.0649813512239 -55.6494641379529 7054802.31071865 7054802.31071865 7054802.31071865
"FRT_censord" 98 0.999999801752914 3.90380275839243 0.0445798280721368 0.00959903272536196 1.63299454611205e-10 0.636468474474045 -4.3454633669171e-08 0 0 0.111134004892882 0.356151302947922 0.532714692159196 0.5 1 5 0.25 0.5 0.25 19 1 -154.83899365224 -13.7043096252268 -57.0649806440778 -55.6494645342387 7924828.98353918 7924828.98353918 7924828.98353918
"FRT_censord" 99 0.99999982348216 3.9038027033768 0.0445798257502666 0.00959903262313577 1.63299506489497e-10 0.636468479165895 -3.86838792110211e-08 0 0 0.111134007660927 0.356151298901978 0.532714693437095 0.5 1 5 0.25 0.5 0.25 18 1 -154.838993702149 -13.7043098747738 -57.0649800076426 -55.6494648897601 8902150.8544504 8902150.8544504 8902150.8544504
"FRT_censord" 100 0.99999984287876 3.90380265423223 0.04457982367369 0.00959903253184361 1.63299552832613e-10 0.636468483303192 -3.44369084359641e-08 0 0 0.111134010143215 0.356151295273734 0.532714694583051 0.5 1 5 0.25 0.5 0.25 17 1 -154.83899374698 -13.7043100992328 -57.0649794368935 -55.6494652079953 1e+07 1e+07 1e+07
