"data_Name" "Iter" "beta1" "beta3" "lambda1" "lambda2" "lambda3" "diffBeta1" "diffBeta3" "diffLambda1" "diffLambda3" "pi1" "pi2" "pi3" "init_beta1" "init_beta2" "init_beta3" "init_pi1" "init_pi2" "init_pi3" "EM_endIter" "tempering" "Qlike" "Q1" "Q2" "Q3" "bpBase" "bp1" "bp3"
"Aarest_data" 1 0.995309896751383 78.6353716298505 1.04594611589636 0.0256914854622329 2.19067840716717e-152 2.12210210493203 -0.000128807266456477 1.77635683940025e-15 -9.30353567098377e+136 0.126630268208333 0.61784773246217 0.255521999329497 0.5 1 2 0.333333333333333 0.333333333333333 0.333333333333333 99 1 -216.921050577466 -6.06410085588852 -144.007815006057 -21.4577638869011 100 100 100
"Aarest_data" 2 0.995816869573626 78.6281883975791 1.04595319725713 0.0256913677142432 2.26179361497701e-152 2.11916786316317 -0.000114676782210665 -1.77635683940025e-15 -9.30353567098377e+136 0.126635921251536 0.617839120015464 0.255524958733 0.5 1 2 0.333333333333333 0.333333333333333 0.333333333333333 19 1 -216.918904122226 -6.06248276117755 -144.005949201716 -21.4585226977222 112.332403297803 112.332403297803 112.332403297803
"Aarest_data" 3 0.996269795235236 78.6217937188519 1.04595936722661 0.0256912625061607 2.32704206963399e-152 2.1165478979743 -0.000102095411662617 0 9.30353567098377e+136 0.126640962894941 0.617831443728438 0.255527593376621 0.5 1 2 0.333333333333333 0.333333333333333 0.333333333333333 19 1 -216.916989156035 -6.06103901456971 -144.004286516218 -21.4591983362913 126.185688306602 126.185688306602 126.185688306602
"Aarest_data" 4 0.996674283014824 78.6161010351094 1.04596475261691 0.0256911685396445 2.3867097002521e-152 2.11420928988574 -9.08935416248369e-05 8.88178419700125e-16 9.30353567098377e+136 0.126645458392458 0.61782460272326 0.255529938884282 0.5 1 2 0.333333333333333 0.333333333333333 0.333333333333333 19 1 -216.915281105058 -6.05975114051873 -144.002804999002 -21.4597999056595 141.747416292681 141.747416292681 141.747416292681
"Aarest_data" 5 0.997035390837948 78.6110332871779 1.04596946109982 0.0256910846433666 2.44111311149779e-152 2.11212241840425 -8.09200853950642e-05 -8.88178419700125e-16 0 0.126649466205464 0.617818506818425 0.25553202697611 0.5 1 2 0.333333333333333 0.333333333333333 0.333333333333333 19 1 -216.913757925439 -6.05860255855451 -144.001485039676 -21.460335515547 159.228279334109 159.228279334109 159.228279334109
"Aarest_data" 6 0.997357673203633 78.6065218738913 1.04597358426127 0.0256910097619166 2.49058663357616e-152 2.11026066154278 -7.20404683605125e-05 2.66453525910038e-15 9.30353567098377e+136 0.126653038679626 0.617813075425765 0.255533885894609 0.5 1 2 0.333333333333333 0.333333333333333 0.333333333333333 19 1 -216.912399858655 -6.05757840201918 -144.000309124314 -21.4608123899055 178.864952905744 178.864952905744 178.864952905744
"Aarest_data" 7 0.997645226276057 78.6025057242414 1.0459772001562 0.0256909429454143 2.53547192128466e-152 2.1086001163936 -6.41348306800182e-05 0 -9.30353567098377e+136 0.126656222660087 0.617808236554998 0.255535540784915 0.5 1 2 0.333333333333333 0.333333333333333 0.333333333333333 18 1 -216.911189207226 -6.0566653513335 -143.999261615964 -21.4612369631169 200.923300256505 200.923300256505 200.923300256505
"Aarest_data" 8 0.997901730013982 78.5989304695604 1.04598037561795 0.0256908833406905 2.57610982032397e-152 2.10711934076557 -5.70964242569971e-05 -2.66453525910038e-15 -1.86070713419675e+137 0.126659060030419 0.617803925933511 0.255537014036071 0.5 1 2 0.333333333333333 0.333333333333333 0.333333333333333 18 1 -216.91011012978 -6.05585147924025 -143.99832856012 -21.461614966367 225.701971963392 225.701971963392 225.701971963392
"Aarest_data" 9 0.998130487133375 78.5957477102442 1.0459831678058 0.0256908301812167 2.61283412709712e-152 2.10579911580649 -5.08301830350888e-05 8.88178419700125e-16 9.30353567098377e+136 0.126661588242617 0.617800086177392 0.255538325579992 0.5 1 2 0.333333333333333 0.333333333333333 0.333333333333333 18 1 -216.909148454895 -6.0551261144725 -143.997497503641 -21.4619515035688 253.536449397011 253.536449397011 253.536449397011
"Aarest_data" 10 0.998334459315523 78.5929143590754 1.04598562586027 0.025690782779585 2.64596702852516e-152 2.10462222737327 -4.5251448085537e-05 -8.88178419700125e-16 9.30353567098377e+136 0.126663840757132 0.617796666080173 0.255539493162695 0.5 1 2 0.333333333333333 0.333333333333333 0.333333333333333 18 1 -216.908291511093 -6.05447971267457 -143.996757338024 -21.4622511202155 284.80358684358 284.80358684358 284.80358684358
"Aarest_data" 11 0.998516300153243 78.5903920585688 1.04598779209783 0.0256907405197759 2.67581586929918e-152 2.10357326803457 -4.02848312361925e-05 3.5527136788005e-15 9.30353567098377e+136 0.126665847458164 0.617793619958412 0.255540532583425 0.5 1 2 0.333333333333333 0.333333333333333 0.333333333333333 18 1 -216.907527974161 -6.05390374255152 -143.99609815619 -21.4625178641958 319.926713779738 319.926713779738 319.926713779738
"Aarest_data" 12 0.998678385693457 78.5881466618295 1.04598970304758 0.025690702850076 2.70267102161525e-152 2.10263845458982 -3.58632023420569e-05 -2.66453525910038e-15 9.30353567098377e+136 0.126667635028187 0.61779090706375 0.255541457908063 0.5 1 2 0.333333333333333 0.333333333333333 0.333333333333333 18 1 -216.906847727444 -6.05339058118212 -143.995511123972 -21.46275534013 359.381366380463 359.381366380463 359.381366380463
"Aarest_data" 13 0.998822842048037 78.5861477704194 1.04599139031482 0.0256906692767317 2.7268046290544e-152 2.10180546379384 -3.19267862565198e-05 -1.77635683940025e-15 1.86070713419675e+137 0.126669227282482 0.617788491058346 0.255542281659172 0.5 1 2 0.333333333333333 0.333333333333333 0.333333333333333 18 1 -216.906241736835 -6.05293342025179 -143.994988365487 -21.4629667578006 403.701725859656 403.701725859656 403.701725859656
"Aarest_data" 14 0.998951570660464 78.5843683233095 1.0459928812713 0.0256906393579257 2.74847002984324e-152 2.10106328260805 -2.84223586319854e-05 -1.77635683940025e-15 1.86070713419675e+137 0.126670645475514 0.617786339539749 0.255543014984737 0.5 1 2 0.333333333333333 0.333333333333333 0.333333333333333 17 1 -216.905701937456 -6.05252618141373 -143.994522859645 -21.4631549751873 453.487850812858 453.487850812858 453.487850812858
"Aarest_data" 15 0.99906627115026 78.5827842288607 1.04599419980616 0.0256906126992253 2.76790172959603e-152 2.10040207341344 -2.53025290319897e-05 8.88178419700125e-16 0 0.126671908555916 0.617784423633088 0.255543667810996 0.5 1 2 0.333333333333333 0.333333333333333 0.333333333333333 17 1 -216.905221132087 -6.05216343834416 -143.994108350571 -21.4633225374381 509.413801481638 509.413801481638 509.413801481638
"Aarest_data" 16 0.999168462138266 78.5813740414337 1.04599536661812 0.0256905889476281 2.78531571086019e-152 2.09981305120039 -2.25251024659201e-05 1.77635683940025e-15 0 0.126673033435656 0.617782717591033 0.255544248973311 0.5 1 2 0.333333333333333 0.333333333333333 0.333333333333333 17 1 -216.904792899132 -6.05184035016353 -143.993739261534 -21.4634717103545 572.236765935022 572.236765935022 572.236765935022
"Aarest_data" 17 0.999259499870831 78.58011866921 1.04599639979807 0.0256905677880422 2.80091008117627e-152 2.09928837431904 -2.00525105142901e-05 1.77635683940025e-15 0 0.126674035190438 0.617781198471614 0.255544766337949 0.5 1 2 0.333333333333333 0.333333333333333 0.333333333333333 17 1 -216.904411510925 -6.05155259825742 -143.993410624082 -21.4636045114637 642.807311728433 642.807311728433 642.807311728433
"Aarest_data" 18 0.999340595249648 78.5790011162454 1.04599731515702 0.0256905489391137 2.81486588826287e-152 2.09882104467164 -1.78513044915007e-05 1.77635683940025e-15 1.86070713419675e+137 0.126674927261186 0.617779845830962 0.255545226907851 0.5 1 2 0.333333333333333 0.333333333333333 0.333333333333333 17 1 -216.904071859416 -6.05129633084422 -143.99311801145 -21.4637227370803 722.080901838547 722.080901838547 722.080901838547
"Aarest_data" 19 0.999412829014697 78.5780062524095 1.04599812653581 0.0256905321497213 2.82734806828961e-152 2.09840481892484 -1.5891704350679e-05 2.66453525910038e-15 0 0.12667572162883 0.617778641453787 0.255545636917383 0.5 1 2 0.333333333333333 0.333333333333333 0.333333333333333 17 1 -216.903769390225 -6.05106811336515 -143.992857479953 -21.4638279865315 811.130830789687 811.130830789687 811.130830789687
"Aarest_data" 20 0.999477165507655 78.5771206085867 1.04599884606982 0.0256905171957704 2.83850646778117e-152 2.09803412817349 -1.41471964596462e-05 -4.44089209850063e-15 1.86070713419675e+137 0.126676428971845 0.617777569111538 0.255546001916617 0.5 1 2 0.333333333333333 0.333333333333333 0.333333333333333 17 1 -216.903500043142 -6.05086488370207 -143.992625516476 -21.4639216837281 911.16275611549 911.16275611549 911.16275611549
"Aarest_data" 21 0.999534464859219 78.576332194251 1.04599948441285 0.0256905038774015 2.848476899627e-152 2.09770400690216 -1.25941756934367e-05 2.66453525910038e-15 9.30353567098377e+136 0.126677058805168 0.617776614348346 0.255546326846486 0.5 1 2 0.333333333333333 0.333333333333333 0.333333333333333 17 1 -216.90326019962 -6.05068391264763 -143.99241899194 -21.4640050964116 1023.53102189903 1023.53102189903 1023.53102189903
"Aarest_data" 22 0.999585494335364 78.5756303356468 1.04600005090456 0.025690492016139 2.85738219352266e-152 2.09741002693924 -1.1211626599561e-05 -8.88178419700125e-16 -9.30353567098377e+136 0.126677619612006 0.617775764282913 0.25554661610508 0.5 1 2 0.333333333333333 0.333333333333333 0.333333333333333 16 1 -216.903046634068 -6.05052276757422 -143.992235118555 -21.4640793531292 1149.75699539774 1149.75699539774 1149.75699539774
"Aarest_data" 23 0.9996309379515 78.5750055296243 1.04600055385007 0.0256904814533398 2.86533325321002e-152 2.09714824165974 -9.98083952197248e-06 8.88178419700125e-16 -9.30353567098377e+136 0.126678118939562 0.617775007451224 0.255546873609213 0.5 1 2 0.333333333333333 0.333333333333333 0.333333333333333 16 1 -216.902856472747 -6.05037928008683 -143.992071415023 -21.4641454589634 1291.54966501488 1291.54966501488 1291.54966501488
"Aarest_data" 24 0.999671405562811 78.5744493174778 1.04600100048313 0.0256904720471042 2.87243002441724e-152 2.09691513304369 -8.88515765495868e-06 1.77635683940025e-15 0 0.126678563521521 0.617774333634187 0.255547102844291 0.5 1 2 0.333333333333333 0.333333333333333 0.333333333333333 16 1 -216.90268715489 -6.05025151886251 -143.991925670082 -21.4642043083853 1450.82877849594 1450.82877849594 1450.82877849594
"Aarest_data" 25 0.999707440763617 78.5739541686909 1.04600139721282 0.0256904636710959 2.87876246865997e-152 2.09670756595973 -7.90975184372655e-06 -4.44089209850063e-15 -9.30353567098377e+136 0.126678959352978 0.617773733733408 0.255547306913614 0.5 1 2 0.333333333333333 0.333333333333333 0.333333333333333 16 1 -216.902536399114 -6.05013776288498 -143.991795914969 -21.464256697821 1629.75083462065 1629.75083462065 1629.75083462065
"Aarest_data" 26 0.99973952802064 78.5735133795164 1.04600174969769 0.0256904562127202 2.88441145377818e-152 2.09652274678851 -7.04142041740852e-06 -8.88178419700125e-16 0 0.12667931177392 0.617773199646235 0.255547488579845 0.5 1 2 0.333333333333333 0.333333333333333 0.333333333333333 16 1 -216.902402173099 -6.05003647896476 -143.991680396486 -21.4643033363224 1830.73828029537 1830.73828029537 1830.73828029537
"Aarest_data" 27 0.99976809908493 78.5731209821523 1.04600206293817 0.0256904495716243 2.8894495936467e-152 2.09635818628509 -6.2684104022992e-06 0 -9.30353567098377e+136 0.126679625540891 0.617772724156743 0.255547650302365 0.5 1 2 0.333333333333333 0.333333333333333 0.333333333333333 16 1 -216.902282666379 -6.04994630124047 -143.991577553396 -21.4643448551162 2056.51230834865 2056.51230834865 2056.51230834865
"Aarest_data" 28 0.999793538638444 78.5727716639254 1.04600234135597 0.0256904436583999 2.89394202737962e-152 2.0962116668932 -5.58025861607803e-06 1.77635683940025e-15 0 0.12667990488999 0.617772300839418 0.255547794270592 0.5 1 2 0.333333333333333 0.333333333333333 0.333333333333333 16 1 -216.902176266444 -6.04986601315103 -143.99148599553 -21.4643818161723 2310.12970008316 2310.12970008316 2310.12970008316
"Aarest_data" 29 0.999816189367067 78.5724606958469 1.04600258883706 0.0256904383932711 2.89794713231274e-152 2.09608121337359 -4.9676503124374e-06 -3.5527136788005e-15 0 0.126680153596287 0.617771923970618 0.255547922433095 0.5 1 2 0.333333333333333 0.333333333333333 0.333333333333333 15 1 -216.902081537257 -6.04979453156182 -143.991404484733 -21.4644147196571 2595.02421139974 2595.02421139974 2595.02421139974
"Aarest_data" 30 0.99983635663239 78.5721838668673 1.04600280890232 0.0256904337055442 2.9015172069327e-152 2.0959650658934 -4.42229303843078e-06 8.88178419700125e-16 1.86070713419675e+137 0.12668037501369 0.617771588460269 0.255548036526041 0.5 1 2 0.333333333333333 0.333333333333333 0.333333333333333 15 1 -216.901997199583 -6.04973089065818 -143.991331919601 -21.4644440112055 2915.05306282518 2915.05306282518 2915.05306282518
"Aarest_data" 31 0.999854312400343 78.5719374294459 1.04600300459155 0.0256904295318546 2.90469904249883e-152 2.09586165716684 -3.93680446819644e-06 1.77635683940025e-15 -9.30353567098377e+136 0.126680572137167 0.617771289769335 0.255548138093499 0.5 1 2 0.333333333333333 0.333333333333333 0.333333333333333 15 1 -216.901922114342 -6.04967423134859 -143.991267318354 -21.4644700871808 3274.54916287773 3274.54916287773 3274.54916287773
"Aarest_data" 32 0.999870298925918 78.5717180470921 1.04600317862564 0.0256904258158954 2.90753449662012e-152 2.09576959127421 -3.50461264986279e-06 5.32907051820075e-15 0 0.126680747630818 0.617771023858641 0.255548228510541 0.5 1 2 0.333333333333333 0.333333333333333 0.333333333333333 15 1 -216.901855267128 -6.049623788249 -143.991209807236 -21.4644933005601 3678.37977182863 3678.37977182863 3678.37977182863
"Aarest_data" 33 0.999884531984985 78.5715227495416 1.04600333341756 0.025690422507512 2.9100609902006e-152 2.09568762497182 -3.11986689638388e-06 -3.5527136788005e-15 -9.30353567098377e+136 0.126680903866956 0.617770787131762 0.255548309001282 0.5 1 2 0.333333333333333 0.333333333333333 0.333333333333333 15 1 -216.901795754599 -6.04957887975764 -143.991158608289 -21.4645139655924 4132.01240011534 4132.01240011534 4132.01240011534
"Aarest_data" 34 0.99989720377681 78.5713488926803 1.04600347110829 0.0256904195620237 2.91231196038328e-152 2.09561465093607 -2.7773588016089e-06 -8.88178419700125e-16 0 0.126681042958213 0.617770576386334 0.255548380655454 0.5 1 2 0.333333333333333 0.333333333333333 0.333333333333333 15 1 -216.901742772239 -6.04953889884575 -143.991113028823 -21.4645323620079 4641.58883361278 4641.58883361278 4641.58883361278
"Aarest_data" 35 0.999908485360943 78.5711941226498 1.04600359359676 0.0256904169396902 2.91431727325774e-152 2.09554968369759 -2.47245164786136e-06 -4.44089209850063e-15 9.30353567098377e+136 0.126681166784485 0.617770388772355 0.25554844444316 0.5 1 2 0.333333333333333 0.333333333333333 0.333333333333333 15 1 -216.901695604156 -6.04950330532823 -143.991072452335 -21.4645487388554 5214.00828799969 5214.00828799969 5214.00828799969
"Aarest_data" 36 0.999918529220745 78.5710563444299 1.04600370254595 0.02569041460492 2.91610358957874e-152 2.0954918448311 -2.20101765080472e-06 8.88178419700125e-16 9.30353567098377e+136 0.126681277023938 0.617770221748596 0.255548501227466 0.5 1 2 0.333333333333333 0.333333333333333 0.333333333333333 14 1 -216.901653612266 -6.04947161802081 -143.991036329304 -21.4645633177083 5857.02081805666 5857.02081805666 5857.02081805666
"Aarest_data" 37 0.999927471052198 78.5709336917395 1.04600379950496 0.0256904125264528 2.91769472221744e-152 2.09544035272489 -1.95938221736469e-06 0 9.30353567098377e+136 0.126681375161609 0.617770073060097 0.255548551778294 0.5 1 2 0.333333333333333 0.333333333333333 0.333333333333333 14 1 -216.90161622883 -6.04944340793057 -143.991004171727 -21.4645762961969 6579.33224657568 6579.33224657568 6579.33224657568
"Aarest_data" 38 0.999935431708765 78.5708245044484 1.04600388577681 0.0256904106760514 2.91911190312564e-152 2.09539451122481 -1.7442740727347e-06 -1.77635683940025e-15 -9.30353567098377e+136 0.126681462528059 0.617769940692504 0.255548596779437 0.5 1 2 0.333333333333333 0.333333333333333 0.333333333333333 14 1 -216.901582948245 -6.04941829385964 -143.990975544044 -21.4645878498837 7390.72203352578 7390.72203352578 7390.72203352578
"Aarest_data" 39 0.999942518802679 78.5707273042529 1.04600396254359 0.0256904090287032 2.92037407836466e-152 2.09535370049683 -1.55278102909051e-06 1.77635683940025e-15 0 0.126681540305202 0.61776982285463 0.255548636840167 0.5 1 2 0.333333333333333 0.333333333333333 0.333333333333333 14 1 -216.901553320349 -6.04939593612898 -143.990950058837 -21.4645981351782 8302.17568131974 8302.17568131974 8302.17568131974
"Aarest_data" 40 0.999948828146477 78.570640775174 1.0460040308557 0.0256904075621395 2.92149814493559e-152 2.09531736869114 -1.38231062862815e-06 -3.5527136788005e-15 1.86070713419675e+137 0.126681609545244 0.617769717951898 0.255548672502859 0.5 1 2 0.333333333333333 0.333333333333333 0.333333333333333 14 1 -216.901526944386 -6.04937603232971 -143.990927371212 -21.4646072913281 9326.0334688322 9326.0334688322 9326.0334688322
"Aarest_data" 41 0.999954445101284 78.5705637456805 1.04600409164734 0.0256904062565087 2.9224991699932e-152 2.09528502417009 -1.23055500722558e-06 0 1.86070713419675e+137 0.126681671185516 0.617769624564139 0.255548704250345 0.5 1 2 0.333333333333333 0.333333333333333 0.333333333333333 14 1 -216.901503463329 -6.04935831305962 -143.990907174024 -21.4646154422883 10476.1575278967 10476.1575278967 10476.1575278967
"Aarest_data" 42 0.999959445580679 78.5704951728449 1.046004145748 0.0256904050941776 2.92339058641268e-152 2.09525622972118 -1.09545960214064e-06 -2.66453525910038e-15 9.30353567098377e+136 0.126681726059539 0.617769541428015 0.255548732512446 0.5 1 2 0.333333333333333 0.333333333333333 0.333333333333333 14 1 -216.901482559702 -6.04934253874841 -143.990889194011 -21.4646226984102 11768.11952435 11768.11952435 11768.11952435
"Aarest_data" 43 0.999963897242688 78.5704341282665 1.04600419389595 0.025690404059415 2.92418436758823e-152 2.09523059568819 -9.75195419528063e-07 2.66453525910038e-15 9.30353567098377e+136 0.126681774910128 0.617769467418062 0.25554875767181 0.5 1 2 0.333333333333333 0.333333333333333 0.333333333333333 14 1 -216.901463950568 -6.04932849589108 -143.990873187763 -21.4646291579369 13219.4114846603 13219.4114846603 13219.4114846603
"Aarest_data" 44 0.999967860303033 78.57037978585 1.04600423672731 0.0256904031381155 2.92489117984972e-152 2.095207775266 -8.68134300446854e-07 8.88178419700125e-16 0 0.126681818400578 0.617769401530842 0.255548780068581 0.5 1 2 0.333333333333333 0.333333333333333 0.333333333333333 13 1 -216.901447384113 -6.04931599470598 -143.990858938356 -21.4646349081948 14849.6826225447 14849.6826225447 14849.6826225447
"Aarest_data" 45 0.999971388375253 78.5703314090186 1.04600427486817 0.0256904023180482 2.92552054363595e-152 2.09518745973466 -7.7282670929435e-07 8.88178419700125e-16 9.30353567098377e+136 0.126681857114722 0.617769342878261 0.255548800007017 0.5 1 2 0.333333333333333 0.333333333333333 0.333333333333333 13 1 -216.901432636172 -6.04930486554172 -143.990846253497 -21.4646400272868 16681.0053720006 16681.0053720006 16681.0053720006
"Aarest_data" 46 0.999974529190823 78.5702883432359 1.04600430881505 0.0256904015879964 2.92608092667968e-152 2.09516937419469 -6.8798237862211e-07 8.88178419700125e-16 2.79106070129513e+137 0.12668189157901 0.61776929066447 0.25554881775652 0.5 1 2 0.333333333333333 0.333333333333333 0.333333333333333 13 1 -216.901419507154 -6.04929495805112 -143.990834961175 -21.464644584382 18738.1742286039 18738.1742286039 18738.1742286039
"Aarest_data" 47 0.999977325284832 78.570250005415 1.04600433903016 0.0256904009380639 2.92657987857807e-152 2.09515327369621 -6.12452588200085e-07 0 9.30353567098377e+136 0.126681922260321 0.617769244182283 0.255548833557396 0.5 1 2 0.333333333333333 0.333333333333333 0.333333333333333 13 1 -216.901407819218 -6.04928613803108 -143.990824908455 -21.4646486411871 21049.0414451202 21049.0414451202 21049.0414451202
"Aarest_data" 48 0.999979814428857 78.5702158765149 1.04600436592361 0.0256904003594874 2.92702412458295e-152 2.0951389407242 -5.45214803082672e-07 4.44089209850063e-15 -9.30353567098377e+136 0.126681949573229 0.617769202803185 0.255548847623585 0.5 1 2 0.333333333333333 0.333333333333333 0.333333333333333 13 1 -216.901397414441 -6.04927828631162 -143.990815959379 -21.4646522526177 23644.8941264541 23644.8941264541 23644.8941264541
"Aarest_data" 49 0.999982030351256 78.5701854944472 1.04600438986138 0.0256903998444156 2.92741965589183e-152 2.09512618104979 -4.85358626178822e-07 0 -1.86070713419675e+137 0.126681973887919 0.617769165966566 0.255548860145516 0.5 1 2 0.333333333333333 0.333333333333333 0.333333333333333 13 1 -216.901388151814 -6.04927129648221 -143.990807992719 -21.4646554675709 26560.8778294668 26560.8778294668 26560.8778294668
"Aarest_data" 50 0.999984003029221 78.5701584478722 1.04600441116853 0.0256903993858842 2.92777180879932e-152 2.09511482204751 -4.32073711920111e-07 8.88178419700125e-16 0 0.126681995533389 0.617769133173878 0.255548871292732 0.5 1 2 0.333333333333333 0.333333333333333 0.333333333333333 13 1 -216.901379906004 -6.04926507396936 -143.990800900645 -21.4646583295713 29836.4724028334 29836.4724028334 29836.4724028334
"Aarest_data" 51 0.999985759158816 78.5701343710146 1.04600443011576 0.0256903989775842 2.92808533090863e-152 2.09510470997104 -3.84638646266922e-07 -8.88178419700125e-16 9.30353567098377e+136 0.126682014804687 0.617769103979666 0.255548881215647 0.5 1 2 0.333333333333333 0.333333333333333 0.333333333333333 12 1 -216.901372565402 -6.04925953476425 -143.990794586916 -21.4646608772505 33516.0265093885 33516.0265093885 33516.0265093885
"Aarest_data" 52 0.999987322508023 78.5701129370268 1.04600444699981 0.0256903986142101 2.92836446655648e-152 2.09509570798921 -3.42411226483819e-07 0 9.30353567098377e+136 0.126682031958296 0.617769077992021 0.255548890049683 0.5 1 2 0.333333333333333 0.333333333333333 0.333333333333333 12 1 -216.901366030657 -6.04925460343987 -143.990788966564 -21.4646631453523 37649.3580679247 37649.3580679247 37649.3580679247
"Aarest_data" 53 0.999988714234782 78.5700938561642 1.04600446202888 0.0256903982907282 2.92861297975361e-152 2.09508769424696 -3.04819728569328e-07 -8.88178419700125e-16 0 0.12668204722872 0.617769054857402 0.255548897913878 0.5 1 2 0.333333333333333 0.333333333333333 0.333333333333333 12 1 -216.901360213316 -6.04925021348709 -143.990783963236 -21.4646651644539 42292.428743895 42292.428743895 42292.428743895
"Aarest_data" 54 0.99998995321188 78.5700768700857 1.04600447540727 0.0256903980027432 2.92883422778272e-152 2.09508056006783 -2.71355183656397e-07 -6.21724893790088e-15 0 0.126682060823066 0.617769034262229 0.255548904914705 0.5 1 2 0.333333333333333 0.333333333333333 0.333333333333333 12 1 -216.901355034474 -6.04924630536943 -143.990779509129 -21.4646669618897 47508.101621028 47508.101621028 47508.101621028
"Aarest_data" 55 0.999991056179187 78.570061748827 1.04600448731612 0.0256903977463713 2.92903120011809e-152 2.09507420905803 -2.41564528380422e-07 3.5527136788005e-15 1.86070713419675e+137 0.126682072925028 0.61776901592803 0.255548911146942 0.5 1 2 0.333333333333333 0.333333333333333 0.333333333333333 12 1 -216.901350424162 -6.04924282627962 -143.990775544004 -21.4646685619936 53366.9923120631 53366.9923120631 53366.9923120631
"Aarest_data" 56 0.999992038050557 78.5700482876453 1.04600449791675 0.0256903975181507 2.92920655912691e-152 2.09506855533907 -2.15044401841169e-07 1.77635683940025e-15 0 0.126682083698262 0.617768999606755 0.255548916694983 0.5 1 2 0.333333333333333 0.333333333333333 0.333333333333333 12 1 -216.901346320033 -6.04923972917133 -143.990772014207 -21.464669986434 59948.4250318941 59948.4250318941 59948.4250318941
"Aarest_data" 57 0.999992912108997 78.5700363043153 1.04600450735281 0.0256903973149951 2.92936267497216e-152 2.09506352242372 -1.91435788110539e-07 -1.77635683940025e-15 0 0.126682093288524 0.61776898507755 0.255548921633926 0.5 1 2 0.333333333333333 0.333333333333333 0.333333333333333 12 1 -216.901342666564 -6.04923697214325 -143.990768871974 -21.4646712544899 67341.5065775083 67341.5065775083 67341.5065775083
"Aarest_data" 58 0.999993690230229 78.5700256365611 1.04600451575271 0.0256903971341341 2.92950165882363e-152 2.09505904192864 -1.70419070855132e-07 -1.77635683940025e-15 0 0.126682101826128 0.617768972143222 0.25554892603065 0.5 1 2 0.333333333333333 0.333333333333333 0.333333333333333 12 1 -216.901339414111 -6.04923451773371 -143.990766074671 -21.4646723833334 75646.3327554629 75646.3327554629 75646.3327554629
"Aarest_data" 59 0.999994382929026 78.5700161403498 1.04600452321476 0.0256903969730404 2.92962538488102e-152 2.09505505329334 -1.51709656392995e-07 -4.44089209850063e-15 9.30353567098377e+136 0.126682109428149 0.61776896062764 0.255548929944211 0.5 1 2 0.333333333333333 0.333333333333333 0.333333333333333 11 1 -216.901336518712 -6.04923233294847 -143.990763584286 -21.4646733881352 84975.3435908645 84975.3435908645 84975.3435908645
"Aarest_data" 60 0.9999949995953 78.5700076862996 1.0460045298728 0.0256903968297135 2.92973553702885e-152 2.09505150247829 -1.35054222027975e-07 -1.77635683940025e-15 -9.30353567098377e+136 0.126682116194036 0.617768950377372 0.255548933428592 0.5 1 2 0.333333333333333 0.333333333333333 0.333333333333333 11 1 -216.901333941129 -6.04923038780071 -143.990761367461 -21.4646742827368 95454.8456661836 95454.8456661836 95454.8456661836
"Aarest_data" 61 0.999995548541371 78.5700001603665 1.04600453579945 0.0256903967021317 2.92983359975008e-152 2.09504834160388 -1.20227333866296e-07 -2.66453525910038e-15 -9.30353567098377e+136 0.126682122216903 0.617768941252657 0.255548936530441 0.5 1 2 0.333333333333333 0.333333333333333 0.333333333333333 11 1 -216.901331646614 -6.04922865626506 -143.990759394051 -21.4646750791267 107226.722201032 107226.722201032 107226.722201032
"Aarest_data" 62 0.999996037256076 78.569993460683 1.04600454107565 0.0256903965885402 2.92992089922007e-152 2.09504552754807 -1.07028185425406e-07 2.66453525910038e-15 0 0.126682127578919 0.617768933129329 0.255548939291752 0.5 1 2 0.333333333333333 0.333333333333333 0.333333333333333 11 1 -216.901329603856 -6.0492271147188 -143.990757637225 -21.4646757880811 120450.354025878 120450.354025878 120450.354025878
"Aarest_data" 63 0.999996472292335 78.5699874965172 1.04600454577218 0.0256903964874317 2.92999861679848e-152 2.0950430225781 -9.52781320506801e-08 -2.66453525910038e-15 -9.30353567098377e+136 0.126682132351985 0.6177689258981 0.255548941749914 0.5 1 2 0.333333333333333 0.333333333333333 0.333333333333333 11 1 -216.901327785472 -6.04922574249142 -143.990756073323 -21.4646764192067 135304.777457981 135304.777457981 135304.777457981
"Aarest_data" 64 0.999996859574391 78.5699821871195 1.04600454995306 0.0256903963974207 2.93006780399023e-152 2.09504079258132 -8.48180263801623e-08 8.88178419700125e-16 -1.86070713419675e+137 0.126682136601103 0.61776891946069 0.255548943938207 0.5 1 2 0.333333333333333 0.333333333333333 0.333333333333333 11 1 -216.901326166696 -6.04922452089566 -143.990754681102 -21.464676981044 151991.108295293 151991.108295293 151991.108295293
"Aarest_data" 65 0.999997204341138 78.5699774606223 1.04600455367488 0.0256903963172907 2.93012939673195e-152 2.09503880739146 -7.55062856683253e-08 -3.5527136788005e-15 9.30353567098377e+136 0.126682140383753 0.617768913729987 0.255548945886261 0.5 1 2 0.333333333333333 0.333333333333333 0.333333333333333 11 1 -216.901324725628 -6.0492234334061 -143.990753441722 -21.464677481201 170735.264747069 170735.264747069 170735.264747069
"Aarest_data" 66 0.999997511263371 78.5699732534157 1.04600455697386 0.0256903962458717 2.93018422348958e-152 2.09503704010033 -6.72168312121357e-08 -1.77635683940025e-15 9.30353567098377e+136 0.126682143752753 0.617768908627292 0.255548947619955 0.5 1 2 0.333333333333333 0.333333333333333 0.333333333333333 10 1 -216.901323442739 -6.04922246545052 -143.990752338246 -21.4646779263285 191791.026167249 191791.026167249 191791.026167249
"Aarest_data" 67 0.999997784480853 78.5699695076984 1.04600455992472 0.0256903961823816 2.93023303715754e-152 2.09503546689845 -5.98374398919077e-08 -1.77635683940025e-15 9.30353567098377e+136 0.126682146750214 0.617768904085977 0.255548949163809 0.5 1 2 0.333333333333333 0.333333333333333 0.333333333333333 10 1 -216.901322300737 -6.04922160363104 -143.990751356084 -21.4646783227075 215443.469003189 215443.469003189 215443.469003189
"Aarest_data" 68 0.999998027717029 78.5699661732122 1.04600456255173 0.0256903961258552 2.93027649240367e-152 2.09503406633107 -5.32681880827113e-08 0 0 0.126682149418747 0.617768900043084 0.255548950538169 0.5 1 2 0.333333333333333 0.333333333333333 0.333333333333333 10 1 -216.90132128405 -6.04922083638299 -143.990750481722 -21.4646786755653 242012.826479438 242012.826479438 242012.826479438
"Aarest_data" 69 0.999998244239548 78.5699632047989 1.0460045648902 0.0256903960755392 2.93031517750401e-152 2.09503281958274 -4.74201513611661e-08 8.88178419700125e-16 0 0.126682151794203 0.617768896444155 0.255548951761642 0.5 1 2 0.333333333333333 0.333333333333333 0.333333333333333 10 1 -216.901320379028 -6.04922015339911 -143.990749703374 -21.4646789896903 271858.824273294 271858.824273294 271858.824273294
"Aarest_data" 70 0.999998436992862 78.5699605622667 1.04600456697193 0.0256903960307466 2.93034961607113e-152 2.09503170969904 -4.22141397393716e-08 -8.88178419700125e-16 0 0.126682153908888 0.617768893240312 0.2555489528508 0.5 1 2 0.333333333333333 0.333333333333333 0.333333333333333 10 1 -216.901319573353 -6.04921954539155 -143.990749010472 -21.4646792693263 305385.550883342 305385.550883342 305385.550883342
"Aarest_data" 71 0.999998608586756 78.5699582098595 1.04600456882511 0.0256903959908706 2.93038027395077e-152 2.0950307216526 -3.75796815887952e-08 1.77635683940025e-15 -9.30353567098377e+136 0.126682155791432 0.617768890388185 0.255548953820383 0.5 1 2 0.333333333333333 0.333333333333333 0.333333333333333 10 1 -216.901318856123 -6.04921900412803 -143.990748393637 -21.4646795182636 343046.928631492 343046.928631492 343046.928631492
"Aarest_data" 72 0.999998761365234 78.5699561156933 1.04600457047508 0.0256903959553615 2.93040756655889e-152 2.09502984194646 -3.34539933533051e-08 4.44089209850063e-15 0 0.126682157467553 0.617768887848926 0.255548954683522 0.5 1 2 0.333333333333333 0.333333333333333 0.333333333333333 10 1 -216.901318217534 -6.04921852221473 -143.990747844475 -21.4646797398706 385352.859371053 385352.859371053 385352.859371053
"Aarest_data" 73 0.999998897326695 78.5699542518574 1.04600457193019 0.0256903959236925 2.93043185755671e-152 2.09502905906106 -2.978125479558e-08 -2.66453525910038e-15 -9.30353567098377e+136 0.126682158960622 0.617768885587986 0.255548955451392 0.5 1 2 0.333333333333333 0.333333333333333 0.333333333333333 9 1 -216.90131764924 -6.0492180934971 -143.990747355568 -21.4646799370283 432876.128108306 432876.128108306 432876.128108306
"Aarest_data" 74 0.999999018386039 78.5699525922292 1.04600457323899 0.0256903958955678 2.93045348732834e-152 2.09502836199685 -2.6511713713262e-08 -1.77635683940025e-15 9.30353567098377e+136 0.126682160288599 0.617768883575935 0.255548956135466 0.5 1 2 0.333333333333333 0.333333333333333 0.333333333333333 9 1 -216.901317143235 -6.04921771162069 -143.99074692041 -21.4646801126603 486260.158006536 486260.158006536 486260.158006536
"Aarest_data" 75 0.999999126150741 78.5699511148016 1.04600457440408 0.025690395870533 2.93047274263161e-152 2.0950277414838 -2.36011246101953e-08 -8.88178419700125e-16 0 0.126682161470733 0.617768881784822 0.255548956744444 0.5 1 2 0.333333333333333 0.333333333333333 0.333333333333333 9 1 -216.901316692797 -6.04921737168128 -143.990746533035 -21.4646802690114 546227.721768435 546227.721768435 546227.721768435
"Aarest_data" 76 0.999999222086027 78.5699497995685 1.04600457544128 0.0256903958482459 2.9304898841621e-152 2.09502718908502 -2.10100878916819e-08 3.5527136788005e-15 -1.86070713419675e+137 0.126682162523103 0.617768880190333 0.255548957286564 0.5 1 2 0.333333333333333 0.333333333333333 0.333333333333333 9 1 -216.90131629181 -6.04921706905737 -143.990746188184 -21.464680408199 613590.727341317 613590.727341317 613590.727341317
"Aarest_data" 77 0.999999307488577 78.569948628735 1.04600457636459 0.0256903958284058 2.93050514380619e-152 2.09502669733415 -1.87034885357207e-08 -1.77635683940025e-15 1.86070713419675e+137 0.126682163459934 0.6177688787709 0.255548957769166 0.5 1 2 0.333333333333333 0.333333333333333 0.333333333333333 9 1 -216.901315934844 -6.04921679965861 -143.990745881195 -21.4646805321034 689261.21043497 689261.21043497 689261.21043497
"Aarest_data" 78 0.999999383502993 78.5699475864364 1.04600457718641 0.0256903958107499 2.93051872830348e-152 2.09502625964053 -1.66501337162117e-08 -8.88178419700125e-16 -1.86070713419675e+137 0.126682164293779 0.617768877507431 0.255548958198789 0.5 1 2 0.333333333333333 0.333333333333333 0.333333333333333 9 1 -216.90131561712 -6.04921655987436 -143.990745607931 -21.4646806424094 774263.682681128 774263.682681128 774263.682681128
"Aarest_data" 79 0.999999451195936 78.56994665858 1.04600457791825 0.0256903957950209 2.9305308213047e-152 2.09502586986228 -1.48222127904774e-08 -1.77635683940025e-15 -9.30353567098377e+136 0.126682165036343 0.617768876382414 0.255548958581243 0.5 1 2 0.333333333333333 0.333333333333333 0.333333333333333 9 1 -216.901315334173 -6.04921634633994 -143.990745364622 -21.4646807406 869749.002617784 869749.002617784 869749.002617784
"Aarest_data" 80 0.999999511447377 78.5699458325815 1.04600457856964 0.0256903957810234 2.93054158680488e-152 2.09502552293246 -1.3194956238749e-08 -8.88178419700125e-16 -9.30353567098377e+136 0.126682165697275 0.617768875381012 0.255548958921712 0.5 1 2 0.333333333333333 0.333333333333333 0.333333333333333 9 1 -216.901315082335 -6.04921615627939 -143.990745148043 -21.4646808280147 977009.957299226 977009.957299226 977009.957299226
"Aarest_data" 81 0.999999565082275 78.5699450976381 1.04600457913849 0.025690395768496 2.93055116558617e-152 2.09502521408978 -1.17463301307907e-08 -1.77635683940025e-15 -9.30353567098377e+136 0.126682166286811 0.617768874488862 0.255548959224326 0.5 1 2 0.333333333333333 0.333333333333333 0.333333333333333 8 1 -216.901314858151 -6.04921598721367 -143.990744955161 -21.4646809057177 1097498.76549306 1097498.76549306 1097498.76549306
"Aarest_data" 82 0.999999612820559 78.5699444430049 1.04600457965574 0.0256903957574151 2.93055969768509e-152 2.09502493921235 -1.04567732250871e-08 2.66453525910038e-15 0 0.126682166810356 0.617768873695452 0.255548959494192 0.5 1 2 0.333333333333333 0.333333333333333 0.333333333333333 8 1 -216.901314658615 -6.04921583661254 -143.990744783554 -21.4646809750039 1232846.73944207 1232846.73944207 1232846.73944207
"Aarest_data" 83 0.999999655327537 78.5699438602352 1.04600458011636 0.0256903957475466 2.93056729317968e-152 2.09502469445688 -9.30877774862893e-09 -8.88178419700125e-16 -9.30353567098377e+136 0.126682167276523 0.617768872989041 0.255548959734436 0.5 1 2 0.333333333333333 0.333333333333333 0.333333333333333 8 1 -216.901314480945 -6.04921570251412 -143.990744630768 -21.4646810366836 1384886.37139387 1384886.37139387 1384886.37139387
"Aarest_data" 84 0.999999693168003 78.5699433414558 1.04600458052642 0.0256903957387612 2.93057405467598e-152 2.09502447657125 -8.28682544806725e-09 -4.44089209850063e-15 9.30353567098377e+136 0.126682167691513 0.617768872360189 0.255548959948298 0.5 1 2 0.333333333333333 0.333333333333333 0.333333333333333 8 1 -216.901314322779 -6.04921558313731 -143.990744494757 -21.4646810915909 1555676.14393047 1555676.14393047 1555676.14393047
"Aarest_data" 85 0.999999726848869 78.5699428796244 1.0460045808914 0.0256903957309429 2.93058007395655e-152 2.09502428263661 -7.37705363462737e-09 -8.88178419700125e-16 0 0.126682168060885 0.617768871800432 0.255548960138684 0.5 1 2 0.333333333333333 0.333333333333333 0.333333333333333 8 1 -216.901314182001 -6.04921547688293 -143.990744373688 -21.4646811404704 1747528.40000769 1747528.40000769 1747528.40000769
"Aarest_data" 86 0.999999756845944 78.5699424684833 1.04600458121646 0.0256903957239763 2.9305854325739e-152 2.09502410991327 -6.56714149727122e-09 0 -9.30353567098377e+136 0.126682168389858 0.617768871301975 0.255548960308167 0.5 1 2 0.333333333333333 0.333333333333333 0.333333333333333 8 1 -216.901314056616 -6.04921538225004 -143.990744265883 -21.4646811839837 1963040.65004027 1963040.65004027 1963040.65004027
"Aarest_data" 87 0.999999783523713 78.5699421024932 1.04600458150556 0.0256903957177872 2.93059020272365e-152 2.09502395630253 -5.84615378329545e-09 2.66453525910038e-15 -9.30353567098377e+136 0.126682168682427 0.617768870858524 0.255548960459048 0.5 1 2 0.333333333333333 0.333333333333333 0.333333333333333 8 1 -216.901313945111 -6.04921529808852 -143.990744169964 -21.4646812227208 2205130.73990305 2205130.73990305 2205130.73990305
"Aarest_data" 88 0.999999807328154 78.5699417770795 1.04600458175305 0.0256903957121865 2.93059444402184e-152 2.09502381922446 -5.2043631626475e-09 -3.5527136788005e-15 -1.86070713419675e+137 0.12668216894457 0.617768870462565 0.255548960592865 0.5 1 2 0.333333333333333 0.333333333333333 0.333333333333333 7 1 -216.901313845613 -6.04921522310685 -143.990744084407 -21.4646812570866 2477076.35599171 2477076.35599171 2477076.35599171
"Aarest_data" 89 0.999999828455469 78.5699414869951 1.04600458198308 0.0256903957072951 2.93059822486297e-152 2.09502369757451 -4.63298732711337e-09 -8.88178419700125e-16 -9.30353567098377e+136 0.126682169176158 0.617768870111358 0.255548960712484 0.5 1 2 0.333333333333333 0.333333333333333 0.333333333333333 7 1 -216.901313757305 -6.04921515644386 -143.990744008428 -21.4646812877967 2782559.40220712 2782559.40220712 2782559.40220712
"Aarest_data" 90 0.999999847289086 78.5699412287573 1.04600458218817 0.0256903957029286 2.93060159063209e-152 2.0950235891316 -4.12435952057422e-09 0 0 0.126682169382599 0.617768869798429 0.255548960818973 0.5 1 2 0.333333333333333 0.333333333333333 0.333333333333333 7 1 -216.901313678584 -6.04921509701765 -143.99074394074 -21.4646813151364 3125715.84968824 3125715.84968824 3125715.84968824
"Aarest_data" 91 0.999999864074844 78.569940998858 1.04600458237097 0.0256903956990323 2.93060458705162e-152 2.09502349248016 -3.67155195135638e-09 -1.77635683940025e-15 0 0.126682169566592 0.617768869519635 0.255548960913773 0.5 1 2 0.333333333333333 0.333333333333333 0.333333333333333 7 1 -216.901313608422 -6.04921504405304 -143.990743880442 -21.4646813394751 3511191.73421514 3511191.73421514 3511191.73421514
"Aarest_data" 92 0.999999879005346 78.5699407942209 1.04600458253359 0.0256903956955695 2.93060725421596e-152 2.09502340651121 -3.2684894790691e-09 0 -9.30353567098377e+136 0.126682169730246 0.617768869271594 0.25554896099816 0.5 1 2 0.333333333333333 0.333333333333333 0.333333333333333 7 1 -216.901313546015 -6.04921499694209 -143.990743826792 -21.4646813611413 3944206.05943766 3944206.05943766 3944206.05943766
"Aarest_data" 93 0.999999892287991 78.5699406120282 1.04600458267827 0.0256903956924911 2.93060962884958e-152 2.09502333003051 -2.90965118665554e-09 -8.88178419700125e-16 9.30353567098377e+136 0.126682169875838 0.617768869050875 0.255548961073287 0.5 1 2 0.333333333333333 0.333333333333333 0.333333333333333 7 1 -216.901313490497 -6.04921495503072 -143.990743779048 -21.4646813804273 4430621.45758389 4430621.45758389 4430621.45758389
"Aarest_data" 94 0.999999904108755 78.5699404498473 1.04600458280701 0.0256903956897526 2.93061174265959e-152 2.09502326196723 -2.59022669979458e-09 -3.5527136788005e-15 -1.86070713419675e+137 0.126682170005406 0.617768868854427 0.255548961140167 0.5 1 2 0.333333333333333 0.333333333333333 0.333333333333333 7 1 -216.901313441087 -6.04921491773214 -143.990743736552 -21.4646813975965 4977023.56433211 4977023.56433211 4977023.56433211
"Aarest_data" 95 0.999999914621796 78.5699403058917 1.04600458291139 0.0256903956872588 2.93061361892439e-152 2.09502320141944 -2.30583907523396e-09 -8.88178419700125e-16 0 0.126682170121604 0.617768868679213 0.255548961199184 0.5 1 2 0.333333333333333 0.333333333333333 0.333333333333333 6 1 -216.901313397154 -6.04921488466714 -143.990743698711 -21.4646814127573 5590810.18251223 5590810.18251223 5590810.18251223
"Aarest_data" 96 0.999999923995485 78.569940177334 1.04600458301433 0.0256903956850909 2.9306152945034e-152 2.0950231474476 -2.05269401476471e-09 0 9.30353567098377e+136 0.126682170224273 0.617768868523492 0.255548961252236 0.5 1 2 0.333333333333333 0.333333333333333 0.333333333333333 6 1 -216.901313357971 -6.04921485508115 -143.990743665022 -21.4646814263748 6280291.44183426 6280291.44183426 6280291.44183426
"Aarest_data" 97 0.999999932348774 78.569940062875 1.0460045831063 0.0256903956831581 2.9306167863246e-152 2.09502309935124 -1.82735249154575e-09 -1.77635683940025e-15 9.30353567098377e+136 0.12668217031574 0.617768868384793 0.255548961299468 0.5 1 2 0.333333333333333 0.333333333333333 0.333333333333333 6 1 -216.901313323053 -6.04921482871312 -143.990743635017 -21.4646814385007 7054802.31071865 7054802.31071865 7054802.31071865
"Aarest_data" 98 0.999999939762453 78.5699399609837 1.04600458318799 0.0256903956814485 2.93061811434368e-152 2.09502305666503 -1.62675917181332e-09 0 1.86070713419675e+137 0.126682170396911 0.617768868261574 0.255548961341515 0.5 1 2 0.333333333333333 0.333333333333333 0.333333333333333 6 1 -216.901313292069 -6.04921480531036 -143.990743608353 -21.4646814492942 7924828.98353918 7924828.98353918 7924828.98353918
"Aarest_data" 99 0.99999994639377 78.5699398702728 1.04600458326096 0.0256903956799112 2.9306192966416e-152 2.09502301848335 -1.44814293889794e-09 1.77635683940025e-15 0 0.126682170469527 0.617768868151526 0.255548961378947 0.5 1 2 0.333333333333333 0.333333333333333 0.333333333333333 6 1 -216.901313264349 -6.04921478437837 -143.990743584551 -21.4646814589038 8902150.8544504 8902150.8544504 8902150.8544504
"Aarest_data" 100 0.999999952275848 78.5699397895243 1.04600458332578 0.025690395678553 2.93062034909223e-152 2.09502298461574 -1.28915900177162e-09 4.44089209850063e-15 -1.86070713419675e+137 0.126682170533928 0.617768868053806 0.255548961412266 0.5 1 2 0.333333333333333 0.333333333333333 0.333333333333333 6 1 -216.901313239762 -6.04921476581035 -143.990743563407 -21.4646814674591 1e+07 1e+07 1e+07
