"data_Name" "Iter" "beta1" "lambda1" "lambda2" "diffBeta1" "diffBeta2" "diffLambda1" "pi1" "pi2" "init_beta1" "init_beta2" "init_pi1" "init_pi2" "EM_endIter" "tempering" "Q1" "Q2" "bpBase" "bp1"
"V1" "LFP" 1 0.192989098249296 0.00203753868006187 4.02430575981876e-06 -3.94250049708944e-05 -45.7685980606505 2.72182276717103e-12 0.466099243621698 0.53390075637829 0.5 1 0.5 0.5 12 0.1 -165.854069025918 -163.353311581823 1e+05 1e+05
"V11" "LFP" 2 0.192486426573612 0.00207925019705071 3.94632111804769e-06 -3.52240355141475e-05 -44.7915617635335 3.49942297361849e-13 0.463667035740532 0.536332964259479 0.5 1 0.5 0.5 10 0.109090909080808 -167.297179755383 -161.168947276526 112332.403297803 112332.403297803
"V12" "LFP" 3 0.192009570878295 0.0021208947220343 3.86931606738659e-06 -3.14649962405156e-05 -43.8116963831179 2.95186097787337e-12 0.461357638886717 0.538642361113265 0.5 1 0.5 0.5 10 0.118181818161616 -168.762259679449 -158.953513152733 126185.688306602 126185.688306602
"V13" "LFP" 4 0.191558564321051 0.0021623938149673 3.79328323209205e-06 -2.81019989074593e-05 -42.8299161528579 4.96713781217295e-12 0.459174228048403 0.540825771951615 0.5 1 0.5 0.5 10 0.127272727242424 -170.24890412605 -156.708313904491 141747.416292681 141747.416292681
"V14" "LFP" 5 0.191133392743644 0.00220366658225407 3.71821576840271e-06 -2.50938400938594e-05 -41.8471436152206 9.32143251475281e-13 0.457119931829929 0.542880068170092 0.5 1 0.5 0.5 10 0.136363636323232 -171.756684836906 -154.434707736043 159228.279334109 159228.279334109
"V15" "LFP" 6 0.190733995200944 0.00224463000073033 3.6441072853689e-06 -2.24035888578555e-05 -40.8643049191015 3.40572015034013e-12 0.455197837089148 0.54480216291084 0.5 1 0.5 0.5 11 0.14545454540404 -173.285152584324 -152.134099888066 178864.952905743 178864.952905743
"V16" "LFP" 7 0.19036026477447 0.00228519926373949 3.57095176680135e-06 -1.99980522097576e-05 -39.8823251719509 1.15862874849881e-12 0.453410994083533 0.546589005916455 0.5 1 0.5 0.5 11 0.154545454484848 -174.833839725786 -149.807936112703 200923.300256505 200923.300256505
"V17" "LFP" 8 0.19001204970076 0.0023252881422844 3.49874349236941e-06 -1.78475934404787e-05 -38.9021237246687 -3.85291798465914e-12 0.451762423959986 0.548237576040023 0.5 1 0.5 0.5 11 0.163636363565657 -176.402263190431 -147.457695551677 225701.971963392 225701.971963392
"V18" "LFP" 9 0.189689154749676 0.0023648093609648 3.42747696251456e-06 -1.59254986442647e-05 -37.9246096649047 -6.07291994469961e-12 0.450255126438914 0.549744873561071 0.5 1 0.5 0.5 12 0.172727272646465 -177.989927242013 -145.08488385317 253536.449397011 253536.449397011
"V19" "LFP" 10 0.189391342852629 0.00240367498332644 3.35714682685868e-06 -1.42078009446323e-05 -36.9506774833243 7.16982029302926e-12 0.448892088565327 0.551107911434682 0.5 1 0.5 0.5 12 0.181818181727273 -179.59632624334 -142.691026303521 284803.58684358 284803.58684358
"V110" "LFP" 11 0.189118336979676 0.00244179680033675 3.2877478153404e-06 -1.26731101346422e-05 -35.9812028844556 -2.15694129224175e-12 0.447676295374731 0.55232370462527 0.5 1 0.5 0.5 12 0.190909090808081 -181.220947631947 -140.277660772191 319926.713779738 319926.713779738
"V111" "LFP" 12 0.188869822196639 0.00247908672162157 3.21927467608442e-06 -1.13022118455319e-05 -35.0170389528017 -7.93143328792212e-13 0.446610740736963 0.553389259263022 0.5 1 0.5 0.5 12 0.199999999888889 -182.863274589067 -137.846331131791 359381.366380463 359381.366380463
"V112" "LFP" 13 0.188645447907946 0.00251545716254934 3.15172211818835e-06 -1.00778529201762e-05 -34.0590125841336 -4.06119582407882e-12 0.445698439710686 0.554301560289298 0.5 1 0.5 0.5 13 0.209090908969697 -184.522788758642 -135.398580768955 403701.725859655 403701.725859655
"V113" "LFP" 14 0.18844483021958 0.00255082142683604 3.08508476256909e-06 -8.98454695175133e-06 -33.1079213362736 -2.23510099317537e-12 0.444942441050294 0.55505755894972 0.5 1 0.5 0.5 13 0.218181818050505 -186.198972620134 -132.935946691464 453487.850812858 453487.850812858
"V114" "LFP" 15 0.188267554446769 0.00258509407594554 3.01935709734372e-06 -8.00851265125857e-06 -32.1645305461166 2.39408493030169e-12 0.444345841805381 0.555654158194631 0.5 1 0.5 0.5 13 0.227272727131313 -187.89131203919 -130.459953645104 509413.801481638 509413.801481638
"V115" "LFP" 16 0.188113177666286 0.00261819128885631 2.95453344281441e-06 -7.13732330837047e-06 -31.229570946298 2.70494737719673e-12 0.443911801576097 0.556088198423916 0.5 1 0.5 0.5 13 0.236363636212121 -189.599298311351 -127.97210907326 572236.765935022 572236.765935022
"V116" "LFP" 17 0.18798123133549 0.00265003120454556 2.89060792250757e-06 -6.35989434272233e-06 -30.3037366264368 4.08117983852208e-13 0.443643558214093 0.556356441785921 0.5 1 0.5 0.5 14 0.245454545292929 -191.322430188157 -125.473898362579 642807.311728432 642807.311728432
"V117" "LFP" 18 0.187871223894322 0.00268053425047268 2.82757444381603e-06 -5.66620741437873e-06 -29.3876834886808 4.68647343154771e-12 0.443544443203092 0.556455556796908 0.5 1 0.5 0.5 14 0.254545454373737 -193.060215403459 -122.966780951476 722080.901838547 722080.901838547
"V118" "LFP" 19 0.187782643404079 0.00270962344689248 2.76542668268111e-06 -5.047399781688e-06 -28.4820279758096 4.53193038651989e-12 0.443617899267658 0.556382100732358 0.5 1 0.5 0.5 14 0.263636363454545 -194.812172385471 -120.452186511582 811130.830789687 811130.830789687
"V119" "LFP" 20 0.187714960096034 0.00273722469613759 2.70415807862314e-06 -4.49550631742568e-06 -27.5873463214141 -5.86863890816858e-12 0.443867497040627 0.556132502959387 0.5 1 0.5 0.5 14 0.272727272535354 -196.577831306963 -117.931512189295 911162.75611549 911162.75611549
"V120" "LFP" 21 0.1877149592059 0.00273722471368931 2.70415807862314e-06 -4.00195659722158e-06 -27.5873463214141 4.73265870937212e-12 0.443867497040627 0.556132502959387 0.5 1 0.5 0.5 1 0.281818181616162 -196.577831306966 -117.931512189295 1023531.02189903 1023531.02189903
"V121" "LFP" 22 0.187714958413476 0.0027372247293151 2.70415807862314e-06 -3.5626129317734e-06 -27.5873463214141 -3.39639427693328e-12 0.443867497040627 0.556132502959387 0.5 1 0.5 0.5 1 0.29090909069697 -196.577831306963 -117.931512189295 1149756.99539774 1149756.99539774
"V122" "LFP" 23 0.187714957708036 0.00273722474322506 2.70415807862314e-06 -3.17149027750929e-06 -27.5873463214141 2.62412314100402e-12 0.443867497040627 0.556132502959387 0.5 1 0.5 0.5 1 0.299999999777778 -196.577831306965 -117.931512189295 1291549.66501488 1291549.66501488
"V123" "LFP" 24 0.187714957080065 0.00273722475560765 2.70415807862314e-06 -2.82329855849639e-06 -27.5873463214141 3.08997272213674e-12 0.443867497040627 0.556132502959387 0.5 1 0.5 0.5 1 0.309090908858586 -196.577831306966 -117.931512189295 1450828.77849594 1450828.77849594
"V124" "LFP" 25 0.187714956520986 0.0027372247666322 2.70415807862314e-06 -2.51335833922894e-06 -27.5873463214141 -5.50715029135063e-12 0.443867497040627 0.556132502959387 0.5 1 0.5 0.5 1 0.318181817939394 -196.577831306963 -117.931512189295 1629750.83462065 1629750.83462065
"V125" "LFP" 26 0.187714956023348 0.00273722477644455 2.70415807862314e-06 -2.23741463400984e-06 -27.5873463214141 2.32036612146658e-12 0.443867497040627 0.556132502959387 0.5 1 0.5 0.5 1 0.327272727020202 -196.577831306965 -117.931512189295 1830738.28029537 1830738.28029537
"V126" "LFP" 27 0.187714955580303 0.00273722478518101 2.70415807862314e-06 -1.99179635274049e-06 -27.5873463214141 -2.56727972214321e-12 0.443867497040627 0.556132502959387 0.5 1 0.5 0.5 1 0.33636363610101 -196.577831306963 -117.931512189295 2056512.30834865 2056512.30834865
"V127" "LFP" 28 0.187714955185914 0.0027372247929577 2.70415807862314e-06 -1.77312745108793e-06 -27.5873463214141 -4.31166213843426e-12 0.443867497040627 0.556132502959387 0.5 1 0.5 0.5 1 0.345454545181818 -196.577831306964 -117.931512189295 2310129.70008316 2310129.70008316
"V128" "LFP" 29 0.187714954834796 0.002737224799881 2.70415807862314e-06 -1.57844718273736e-06 -27.5873463214141 3.51851880964205e-12 0.443867497040627 0.556132502959387 0.5 1 0.5 0.5 1 0.354545454262626 -196.577831306965 -117.931512189295 2595024.21139974 2595024.21139974
"V129" "LFP" 30 0.18771495452225 0.00273722480604405 2.70415807862314e-06 -1.40517042268584e-06 -27.5873463214141 1.38244971026324e-12 0.443867497040627 0.556132502959387 0.5 1 0.5 0.5 1 0.363636363343434 -196.577831306965 -117.931512189295 2915053.06282518 2915053.06282518
"V130" "LFP" 31 0.187714954244009 0.00273722481153078 2.70415807862314e-06 -1.25089852076599e-06 -27.5873463214141 -7.75957076371014e-12 0.443867497040627 0.556132502959387 0.5 1 0.5 0.5 1 0.372727272424242 -196.577831306963 -117.931512189295 3274549.16287773 3274549.16287773
"V131" "LFP" 32 0.18771495399638 0.00273722481641331 2.70415807862314e-06 -1.11359807419831e-06 -27.5873463214141 -1.85851334322251e-12 0.443867497040627 0.556132502959387 0.5 1 0.5 0.5 1 0.381818181505051 -196.577831306965 -117.931512189295 3678379.77182863 3678379.77182863
"V132" "LFP" 33 0.187714953775873 0.00273722482076138 2.70415807862314e-06 -9.91344080603085e-07 -27.5873463214141 4.32143210105096e-12 0.443867497040627 0.556132502959387 0.5 1 0.5 0.5 1 0.390909090585859 -196.577831306965 -117.931512189295 4132012.40011534 4132012.40011534
"V133" "LFP" 34 0.18771495357952 0.00273722482463315 2.70415807862314e-06 -8.82479184838303e-07 -27.5873463214141 -4.80948614267618e-13 0.443867497040627 0.556132502959387 0.5 1 0.5 0.5 1 0.399999999666667 -196.577831306965 -117.931512189295 4641588.83361278 4641588.83361278
"V134" "LFP" 35 0.187714953404804 0.00273722482807829 2.70415807862314e-06 -7.85606061981525e-07 -27.5873463214141 4.23883150801885e-12 0.443867497040627 0.556132502959387 0.5 1 0.5 0.5 1 0.409090908747475 -196.577831306965 -117.931512189295 5214008.28799969 5214008.28799969
"V135" "LFP" 36 0.187714953249247 0.00273722483114605 2.70415807862314e-06 -6.99365216405567e-07 -27.5873463214141 -7.13340497782156e-12 0.443867497040627 0.556132502959387 0.5 1 0.5 0.5 1 0.418181817828283 -196.577831306962 -117.931512189295 5857020.81805666 5857020.81805666
"V136" "LFP" 37 0.187714953110781 0.00273722483387626 2.70415807862314e-06 -6.2258700950224e-07 -27.5873463214141 4.9693582582222e-13 0.443867497040627 0.556132502959387 0.5 1 0.5 0.5 1 0.427272726909091 -196.577831306964 -117.931512189295 6579332.24657568 6579332.24657568
"V137" "LFP" 38 0.187714952987451 0.00273722483630793 2.70415807862314e-06 -5.54193377411138e-07 -27.5873463214141 1.92512672470002e-12 0.443867497040627 0.556132502959387 0.5 1 0.5 0.5 1 0.436363635989899 -196.577831306965 -117.931512189295 7390722.03352578 7390722.03352578
"V138" "LFP" 39 0.187714952877732 0.0027372248384717 2.70415807862314e-06 -4.9338805752086e-07 -27.5873463214141 -7.38964445190504e-13 0.443867497040627 0.556132502959387 0.5 1 0.5 0.5 1 0.445454545070707 -196.577831306963 -117.931512189295 8302175.68131974 8302175.68131974
"V139" "LFP" 40 0.187714952780066 0.00273722484039719 2.70415807862314e-06 -4.39233588167554e-07 -27.5873463214141 6.7683636473248e-12 0.443867497040627 0.556132502959387 0.5 1 0.5 0.5 1 0.454545454151515 -196.577831306965 -117.931512189295 9326033.46883218 9326033.46883218
"V140" "LFP" 41 0.187714952693036 0.00273722484211348 2.70415807862314e-06 -3.9096991599763e-07 -27.5873463214141 -1.39488420813905e-12 0.443867497040627 0.556132502959387 0.5 1 0.5 0.5 1 0.463636363232323 -196.577831306964 -117.931512189295 10476157.5278967 10476157.5278967
"V141" "LFP" 42 0.187714952615639 0.00273722484363939 2.70415807862314e-06 -3.48044522979762e-07 -27.5873463214141 7.03037628113634e-12 0.443867497040627 0.556132502959387 0.5 1 0.5 0.5 1 0.472727272313131 -196.577831306966 -117.931512189295 11768119.52435 11768119.52435
"V142" "LFP" 43 0.187714952546724 0.00273722484499827 2.70415807862314e-06 -3.09853248836589e-07 -27.5873463214141 2.18491891246231e-12 0.443867497040627 0.556132502959387 0.5 1 0.5 0.5 1 0.481818181393939 -196.577831306966 -117.931512189295 13219411.4846603 13219411.4846603
"V143" "LFP" 44 0.187714952485388 0.00273722484620811 2.70415807862314e-06 -2.75847270359009e-07 -27.5873463214141 -1.55120361000627e-12 0.443867497040627 0.556132502959387 0.5 1 0.5 0.5 1 0.490909090474748 -196.577831306963 -117.931512189295 14849682.6225447 14849682.6225447
"V144" "LFP" 45 0.187714952430748 0.00273722484728517 2.70415807862314e-06 -2.45533811948917e-07 -27.5873463214141 3.87956333725015e-12 0.443867497040627 0.556132502959387 0.5 1 0.5 0.5 1 0.499999999555556 -196.577831306966 -117.931512189295 16681005.3720006 16681005.3720006
"V145" "LFP" 46 0.187714952382143 0.0027372248482436 2.70415807862314e-06 -2.1860569177079e-07 -27.5873463214141 8.28181967449382e-12 0.443867497040627 0.556132502959387 0.5 1 0.5 0.5 1 0.509090908636364 -196.577831306966 -117.931512189295 18738174.2286038 18738174.2286038
"V146" "LFP" 47 0.18771495233887 0.00273722484909716 2.70415807862314e-06 -1.94611601500583e-07 -27.5873463214141 1.60316204755873e-13 0.443867497040627 0.556132502959387 0.5 1 0.5 0.5 1 0.518181817717172 -196.577831306964 -117.931512189295 21049041.4451202 21049041.4451202
"V147" "LFP" 48 0.187714952300293 0.00273722484985752 2.70415807862314e-06 -1.73219262933344e-07 -27.5873463214141 8.43014547058374e-12 0.443867497040627 0.556132502959387 0.5 1 0.5 0.5 1 0.52727272679798 -196.577831306966 -117.931512189295 23644894.1264541 23644894.1264541
"V148" "LFP" 49 0.187714952265988 0.00273722485053441 2.70415807862314e-06 -1.54220543890915e-07 -27.5873463214141 -2.91455748424596e-12 0.443867497040627 0.556132502959387 0.5 1 0.5 0.5 1 0.536363635878788 -196.577831306963 -117.931512189295 26560877.8294668 26560877.8294668
"V149" "LFP" 50 0.187714952235495 0.00273722485113527 2.70415807862314e-06 -1.37292971658098e-07 -27.5873463214141 3.08375547319883e-12 0.443867497040627 0.556132502959387 0.5 1 0.5 0.5 1 0.545454544959596 -196.577831306966 -117.931512189295 29836472.4028334 29836472.4028334
"V150" "LFP" 51 0.187714952208293 0.00273722485167208 2.70415807862314e-06 -1.22221905485276e-07 -27.5873463214141 -2.91722201950506e-12 0.443867497040627 0.556132502959387 0.5 1 0.5 0.5 1 0.554545454040404 -196.577831306963 -117.931512189295 33516026.5093884 33516026.5093884
"V151" "LFP" 52 0.187714952184115 0.00273722485214845 2.70415807862314e-06 -1.08807142851219e-07 -27.5873463214141 2.70494737719673e-12 0.443867497040627 0.556132502959387 0.5 1 0.5 0.5 1 0.563636363121212 -196.577831306965 -117.931512189295 37649358.0679247 37649358.0679247
"V152" "LFP" 53 0.187714952162552 0.00273722485257389 2.70415807862314e-06 -9.6863175258477e-08 -27.5873463214141 -2.77688982919244e-12 0.443867497040627 0.556132502959387 0.5 1 0.5 0.5 1 0.57272727220202 -196.577831306964 -117.931512189295 42292428.7438951 42292428.7438951
"V153" "LFP" 54 0.187714952143366 0.002737224852952 2.70415807862314e-06 -8.62130775658443e-08 -27.5873463214141 7.24353910186437e-12 0.443867497040627 0.556132502959387 0.5 1 0.5 0.5 1 0.581818181282828 -196.577831306965 -117.931512189295 47508101.621028 47508101.621028
"V154" "LFP" 55 0.18771495212628 0.00273722485328894 2.70415807862314e-06 -7.67483925301349e-08 -27.5873463214141 1.00230934663159e-12 0.443867497040627 0.556132502959387 0.5 1 0.5 0.5 1 0.590909090363636 -196.577831306965 -117.931512189295 53366992.3120631 53366992.3120631
"V155" "LFP" 56 0.187714952111089 0.00273722485358855 2.70415807862314e-06 -6.83212135754729e-08 -27.5873463214141 8.59312621059871e-13 0.443867497040627 0.556132502959387 0.5 1 0.5 0.5 1 0.599999999444444 -196.577831306964 -117.931512189295 59948425.0318942 59948425.0318942
"V156" "LFP" 57 0.187714952097624 0.00273722485385382 2.70415807862314e-06 -6.08365269272326e-08 -27.5873463214141 7.4424910678772e-12 0.443867497040627 0.556132502959387 0.5 1 0.5 0.5 1 0.609090908525253 -196.577831306966 -117.931512189295 67341506.5775083 67341506.5775083
"V157" "LFP" 58 0.187714952085572 0.00273722485409186 2.70415807862314e-06 -5.41866711500916e-08 -27.5873463214141 -7.63478169574228e-12 0.443867497040627 0.556132502959387 0.5 1 0.5 0.5 1 0.618181817606061 -196.577831306963 -117.931512189295 75646332.7554629 75646332.7554629
"V158" "LFP" 59 0.187714952074795 0.00273722485430397 2.70415807862314e-06 -4.81773554383835e-08 -27.5873463214141 9.84234915790694e-12 0.443867497040627 0.556132502959387 0.5 1 0.5 0.5 1 0.627272726686869 -196.577831306966 -117.931512189295 84975343.5908646 84975343.5908646
"V159" "LFP" 60 0.187714952065301 0.00273722485449163 2.70415807862314e-06 -4.2953757883879e-08 -27.5873463214141 1.04360964314765e-13 0.443867497040627 0.556132502959387 0.5 1 0.5 0.5 1 0.636363635767677 -196.577831306963 -117.931512189295 95454845.6661835 95454845.6661835
"V160" "LFP" 61 0.187714952056797 0.00273722485465929 2.70415807862314e-06 -3.8229217125263e-08 -27.5873463214141 -5.3517190679031e-12 0.443867497040627 0.556132502959387 0.5 1 0.5 0.5 1 0.645454544848485 -196.577831306963 -117.931512189295 107226722.201032 107226722.201032
"V161" "LFP" 62 0.18771495204918 0.00273722485480911 2.70415807862314e-06 -3.39803420956741e-08 -27.5873463214141 7.33146876541468e-12 0.443867497040627 0.556132502959387 0.5 1 0.5 0.5 1 0.654545453929293 -196.577831306966 -117.931512189295 120450354.025878 120450354.025878
"V162" "LFP" 63 0.187714952042456 0.00273722485494188 2.70415807862314e-06 -3.02747480418475e-08 -27.5873463214141 2.03836947321179e-13 0.443867497040627 0.556132502959387 0.5 1 0.5 0.5 1 0.663636363010101 -196.577831306965 -117.931512189295 135304777.457981 135304777.457981
"V163" "LFP" 64 0.187714952036438 0.00273722485506056 2.70415807862314e-06 -2.69402278263442e-08 -27.5873463214141 3.38573613589688e-12 0.443867497040627 0.556132502959387 0.5 1 0.5 0.5 1 0.672727272090909 -196.577831306964 -117.931512189295 151991108.295293 151991108.295293
"V164" "LFP" 65 0.18771495203117 0.00273722485516467 2.70415807862314e-06 -2.40332838075119e-08 -27.5873463214141 -2.38609132452439e-12 0.443867497040627 0.556132502959387 0.5 1 0.5 0.5 1 0.681818181171717 -196.577831306963 -117.931512189295 170735264.747069 170735264.747069
"V165" "LFP" 66 0.187714952026386 0.00273722485525884 2.70415807862314e-06 -2.13649116176384e-08 -27.5873463214141 -1.0556000518136e-12 0.443867497040627 0.556132502959387 0.5 1 0.5 0.5 1 0.690909090252525 -196.577831306964 -117.931512189295 191791026.167249 191791026.167249
"V166" "LFP" 67 0.187714952022134 0.00273722485534273 2.70415807862314e-06 -1.90137825484271e-08 -27.5873463214141 -1.15152332114121e-12 0.443867497040627 0.556132502959387 0.5 1 0.5 0.5 1 0.699999999333333 -196.577831306964 -117.931512189295 215443469.003189 215443469.003189
"V167" "LFP" 68 0.18771495201842 0.00273722485541559 2.70415807862314e-06 -1.69302438735031e-08 -27.5873463214141 8.37374614093278e-12 0.443867497040627 0.556132502959387 0.5 1 0.5 0.5 1 0.709090908414141 -196.577831306966 -117.931512189295 242012826.479438 242012826.479438
"V168" "LFP" 69 0.187714952015049 0.00273722485548215 2.70415807862314e-06 -1.50774042140256e-08 -27.5873463214141 7.63344942811273e-12 0.443867497040627 0.556132502959387 0.5 1 0.5 0.5 1 0.71818181749495 -196.577831306966 -117.931512189295 271858824.273294 271858824.273294
"V169" "LFP" 70 0.187714952012057 0.00273722485554118 2.70415807862314e-06 -1.34098456783249e-08 -27.5873463214141 3.10018677396329e-12 0.443867497040627 0.556132502959387 0.5 1 0.5 0.5 1 0.727272726575758 -196.577831306965 -117.931512189295 305385550.883342 305385550.883342
"V170" "LFP" 71 0.187714952009367 0.00273722485559456 2.70415807862314e-06 -1.19381695640186e-08 -27.5873463214141 -3.16546788781125e-12 0.443867497040627 0.556132502959387 0.5 1 0.5 0.5 1 0.736363635656566 -196.577831306963 -117.931512189295 343046928.631492 343046928.631492
"V171" "LFP" 72 0.187714952007017 0.00273722485564088 2.70415807862314e-06 -1.0631168834152e-08 -27.5873463214141 -1.22568621918617e-12 0.443867497040627 0.556132502959387 0.5 1 0.5 0.5 1 0.745454544737374 -196.577831306963 -117.931512189295 385352859.371053 385352859.371053
"V172" "LFP" 73 0.187714952004957 0.00273722485568142 2.70415807862314e-06 -9.47500211623264e-09 -27.5873463214141 -1.64268598723538e-12 0.443867497040627 0.556132502959387 0.5 1 0.5 0.5 1 0.754545453818182 -196.577831306964 -117.931512189295 432876128.108306 432876128.108306
"V173" "LFP" 74 0.187714952003101 0.00273722485571777 2.70415807862314e-06 -8.45059844323259e-09 -27.5873463214141 5.15543163714938e-12 0.443867497040627 0.556132502959387 0.5 1 0.5 0.5 1 0.76363636289899 -196.577831306965 -117.931512189295 486260158.006536 486260158.006536
"V174" "LFP" 75 0.187714952001401 0.0027372248557513 2.70415807862314e-06 -7.50563344809052e-09 -27.5873463214141 7.55884244085792e-12 0.443867497040627 0.556132502959387 0.5 1 0.5 0.5 1 0.772727271979798 -196.577831306965 -117.931512189295 546227721.768434 546227721.768434
"V175" "LFP" 76 0.187714951999911 0.00273722485578098 2.70415807862314e-06 -6.6817733568314e-09 -27.5873463214141 -6.27098373229273e-12 0.443867497040627 0.556132502959387 0.5 1 0.5 0.5 1 0.781818181060606 -196.577831306963 -117.931512189295 613590727.341318 613590727.341318
"V176" "LFP" 77 0.187714951998623 0.00273722485580606 2.70415807862314e-06 -5.9433773458295e-09 -27.5873463214141 4.14956957683899e-12 0.443867497040627 0.556132502959387 0.5 1 0.5 0.5 1 0.790909090141414 -196.577831306966 -117.931512189295 689261210.43497 689261210.43497
"V177" "LFP" 78 0.187714951997425 0.00273722485582955 2.70415807862314e-06 -5.28729060533806e-09 -27.5873463214141 9.07762753854513e-12 0.443867497040627 0.556132502959387 0.5 1 0.5 0.5 1 0.799999999222222 -196.577831306966 -117.931512189295 774263682.681127 774263682.681127
"V178" "LFP" 79 0.187714951996339 0.00273722485585116 2.70415807862314e-06 -4.68642724626989e-09 -27.5873463214141 5.74074121573176e-12 0.443867497040627 0.556132502959387 0.5 1 0.5 0.5 1 0.80909090830303 -196.577831306965 -117.931512189295 869749002.617785 869749002.617785
"V179" "LFP" 80 0.187714951995426 0.00273722485586935 2.70415807862314e-06 -4.18933154833212e-09 -27.5873463214141 -3.65663055390542e-12 0.443867497040627 0.556132502959387 0.5 1 0.5 0.5 1 0.818181817383838 -196.577831306964 -117.931512189295 977009957.299226 977009957.299226
"V180" "LFP" 81 0.1877149519946 0.00273722485588558 2.70415807862314e-06 -3.73648845197749e-09 -27.5873463214141 1.72573066947734e-12 0.443867497040627 0.556132502959387 0.5 1 0.5 0.5 1 0.827272726464647 -196.577831306964 -117.931512189295 1097498765.49306 1097498765.49306
"V181" "LFP" 82 0.187714951993845 0.00273722485590016 2.70415807862314e-06 -3.30587113239744e-09 -27.5873463214141 3.27915472553286e-12 0.443867497040627 0.556132502959387 0.5 1 0.5 0.5 1 0.836363635545455 -196.577831306966 -117.931512189295 1232846739.44207 1232846739.44207
"V182" "LFP" 83 0.187714951993196 0.00273722485591311 2.70415807862314e-06 -2.9521913802455e-09 -27.5873463214141 2.48334686148155e-12 0.443867497040627 0.556132502959387 0.5 1 0.5 0.5 1 0.845454544626263 -196.577831306965 -117.931512189295 1384886371.39387 1384886371.39387
"V183" "LFP" 84 0.187714951992589 0.002737224855925 2.70415807862314e-06 -2.60737920143583e-09 -27.5873463214141 6.85451695403572e-12 0.443867497040627 0.556132502959387 0.5 1 0.5 0.5 1 0.854545453707071 -196.577831306966 -117.931512189295 1555676143.93047 1555676143.93047
"V184" "LFP" 85 0.187714951992123 0.00273722485593448 2.70415807862314e-06 -2.37790231949475e-09 -27.5873463214141 -4.95470331429715e-12 0.443867497040627 0.556132502959387 0.5 1 0.5 0.5 1 0.863636362787879 -196.577831306964 -117.931512189295 1747528400.00769 1747528400.00769
"V185" "LFP" 86 0.187714951991613 0.00273722485594459 2.70415807862314e-06 -2.0844197479164e-09 -27.5873463214141 -7.94342369658807e-12 0.443867497040627 0.556132502959387 0.5 1 0.5 0.5 1 0.872727271868687 -196.577831306963 -117.931512189295 1963040650.04027 1963040650.04027
"V186" "LFP" 87 0.187714951991194 0.00273722485595251 2.70415807862314e-06 -1.8282833025296e-09 -27.5873463214141 6.53033183084517e-12 0.443867497040627 0.556132502959387 0.5 1 0.5 0.5 1 0.881818180949495 -196.577831306966 -117.931512189295 2205130739.90305 2205130739.90305
"V187" "LFP" 88 0.187714951990856 0.0027372248559594 2.70415807862314e-06 -1.66375002663699e-09 -27.5873463214141 2.1076473899484e-12 0.443867497040627 0.556132502959387 0.5 1 0.5 0.5 1 0.890909090030303 -196.577831306964 -117.931512189295 2477076355.99172 2477076355.99172
"V188" "LFP" 89 0.18771495199049 0.00273722485596664 2.70415807862314e-06 -1.44714817906788e-09 -27.5873463214141 1.28652644093563e-12 0.443867497040627 0.556132502959387 0.5 1 0.5 0.5 1 0.899999999111111 -196.577831306964 -117.931512189295 2782559402.20712 2782559402.20712
"V189" "LFP" 90 0.187714951990216 0.0027372248559721 2.70415807862314e-06 -1.30424382405181e-09 -27.5873463214141 -7.01660951563099e-12 0.443867497040627 0.556132502959387 0.5 1 0.5 0.5 1 0.909090908191919 -196.577831306964 -117.931512189295 3125715849.68824 3125715849.68824
"V190" "LFP" 91 0.187714951989934 0.00273722485597781 2.70415807862314e-06 -1.16804699246131e-09 -27.5873463214141 -5.69455593790735e-12 0.443867497040627 0.556132502959387 0.5 1 0.5 0.5 1 0.918181817272727 -196.577831306963 -117.931512189295 3511191734.21514 3511191734.21514
"V191" "LFP" 92 0.187714951989766 0.00273722485598102 2.70415807862314e-06 -1.07382902569952e-09 -27.5873463214141 -3.47188944260779e-12 0.443867497040627 0.556132502959387 0.5 1 0.5 0.5 1 0.927272726353535 -196.577831306963 -117.931512189295 3944206059.43765 3944206059.43765
"V192" "LFP" 93 0.187714951989517 0.00273722485598556 2.70415807862314e-06 -8.91503759703483e-10 -27.5873463214141 4.20197210360129e-12 0.443867497040627 0.556132502959387 0.5 1 0.5 0.5 1 0.936363635434344 -196.577831306966 -117.931512189295 4430621457.58388 4430621457.58388
"V193" "LFP" 94 0.187714951989358 0.00273722485598869 2.70415807862314e-06 -8.29828650239506e-10 -27.5873463214141 6.22657481130773e-12 0.443867497040627 0.556132502959387 0.5 1 0.5 0.5 1 0.945454544515152 -196.577831306966 -117.931512189295 4977023564.33211 4977023564.33211
"V194" "LFP" 95 0.18771495198921 0.00273722485599164 2.70415807862314e-06 -7.40300265533733e-10 -27.5873463214141 4.46531700504238e-12 0.443867497040627 0.556132502959387 0.5 1 0.5 0.5 1 0.95454545359596 -196.577831306966 -117.931512189295 5590810182.51222 5590810182.51222
"V195" "LFP" 96 0.187714951989016 0.00273722485599559 2.70415807862314e-06 -6.30080876362626e-10 -27.5873463214141 5.12256903562047e-12 0.443867497040627 0.556132502959387 0.5 1 0.5 0.5 1 0.963636362676768 -196.577831306965 -117.931512189295 6280291441.83426 6280291441.83426
"V196" "LFP" 97 0.187714951988955 0.00273722485599696 2.70415807862314e-06 -6.19223783360212e-10 -27.5873463214141 -1.3855583347322e-13 0.443867497040627 0.556132502959387 0.5 1 0.5 0.5 1 0.972727271757576 -196.577831306964 -117.931512189295 7054802310.71864 7054802310.71864
"V197" "LFP" 98 0.187714951988776 0.00273722485600025 2.70415807862314e-06 -4.89762896904722e-10 -27.5873463214141 4.23172608066125e-12 0.443867497040627 0.556132502959387 0.5 1 0.5 0.5 1 0.981818180838384 -196.577831306965 -117.931512189295 7924828983.53917 7924828983.53917
"V198" "LFP" 99 0.187714951988691 0.00273722485600179 2.70415807862314e-06 -4.38859615314868e-10 -27.5873463214141 9.14557318765219e-12 0.443867497040627 0.556132502959387 0.5 1 0.5 0.5 1 0.990909089919192 -196.577831306966 -117.931512189295 8902150854.4504 8902150854.4504
"V199" "LFP" 100 0.187714951988611 0.00273722485600386 2.70415807862314e-06 -4.18424406234408e-10 -27.5873463214141 -6.00675065243195e-12 0.443867497040627 0.556132502959387 0.5 1 0.5 0.5 1 0.999999999 -196.577831306963 -117.931512189295 1e+10 1e+10
