"data_Name" "Iter" "beta1" "beta3" "lambda1" "lambda2" "lambda3" "diffBeta1" "diffBeta3" "diffLambda1" "diffLambda3" "pi1" "pi2" "pi3" "init_beta1" "init_beta2" "init_beta3" "init_pi1" "init_pi2" "init_pi3" "EM_endIter" "tempering" "Qlike" "Q1" "Q2" "Q3" "bpBase" "bp1" "bp3"
"FRT_censord" 1 0.911365563903076 3.9923024300814 0.0195958948321067 0.0103004588723355 9.87188266246419e-11 0.101850420964745 -0.00334190819052793 0 0 0.456149752057441 3.23556515673491e-07 0.543849924386043 0.5 1 5 0.333333333333333 0.333333333333333 0.333333333333333 6144 1 -148.270504698059 -70.9439009768463 -5.16269118692056e-05 -56.6475068319297 100 100 100
"FRT_censord" 2 0.911852003282915 3.99142893906097 0.019555974170672 0.0103026504649023 9.92125558655916e-11 0.091228245910294 -0.00297588578416708 0 0 0.456095529962138 2.46643543135573e-07 0.543904223394319 0.5 1 5 0.333333333333333 0.333333333333333 0.333333333333333 122 1 -148.268001649097 -70.9344140806327 -3.93534490525834e-05 -56.6548225578313 112.332403297803 112.332403297803 112.332403297803
"FRT_censord" 3 0.912291253993174 3.99065908796386 0.0195200024138131 0.0103046546531435 9.96497155921978e-11 0.0816671882922009 -0.00264986036524562 0 0 0.456046855225242 1.88036981703726e-07 0.543952956737776 0.5 1 5 0.333333333333333 0.333333333333333 0.333333333333333 118 1 -148.265726206532 -70.9259054464368 -3.00016158009976e-05 -56.6613482593894 126.185688306602 126.185688306602 126.185688306602
"FRT_censord" 4 0.912687381212161 3.9899800625837 0.0194876242689291 0.0103064827091332 1.00036869669748e-10 0.0730696409678515 -0.00235948138872288 0 1.52587890625e-05 0.456003189843657 1.42907748948634e-07 0.543996667248594 0.5 1 5 0.333333333333333 0.333333333333333 0.333333333333333 116 1 -148.263661438582 -70.9182786525762 -2.28006187363252e-05 -56.6671688248609 141.747416292681 141.747416292681 141.747416292681
"FRT_censord" 5 0.913044190837859 3.98938070965561 0.0194585102291746 0.0103081461579826 1.00379823712034e-10 0.0653455343618745 -0.00210086705288859 1.13686837721616e-13 0 0.455964042806265 1.08387235995095e-07 0.544035848806499 0.5 1 5 0.333333333333333 0.333333333333333 0.333333333333333 114 1 -148.261791325057 -70.9114460232248 -1.72925694392849e-05 -56.6723599869573 159.228279334109 159.228279334109 159.228279334109
"FRT_censord" 6 0.913365230081918 3.9888513111123 0.0194323557379444 0.0103096565451252 1.00683708075134e-10 0.0584119877361857 -0.00187055480522957 0 0 0.455928967628132 8.19106908960667e-08 0.544070950461177 0.5 1 5 0.333333333333333 0.333333333333333 0.333333333333333 113 1 -148.26010026566 -70.9053280751813 -1.30681305376212e-05 -56.6769893651334 178.864952905744 178.864952905744 178.864952905744
"FRT_censord" 7 0.913653791103961 3.98838339499505 0.0194088802110674 0.0103110252541404 1.00953050760002e-10 0.0521929406733577 -0.00166545683939745 0 -1.52587890625e-05 0.455897558348388 6.18835374591647e-08 0.544102379768075 0.5 1 5 0.333333333333333 0.333333333333333 0.333333333333333 111 1 -148.25857356508 -70.8998527508929 -9.87280047096145e-06 -56.6811173031008 200.923300256505 200.923300256505 200.923300256505
"FRT_censord" 8 0.913912917581052 3.98796956254362 0.0193878259468293 0.0103122633522102 1.01191849572031e-10 0.0466187709557104 -0.0014828201440551 0 0 0.455869446727237 4.66533249516057e-08 0.544130506619439 0.5 1 5 0.333333333333333 0.333333333333333 0.333333333333333 110 1 -148.257197084764 -70.8949548434614 -7.44287914130919e-06 -56.6847977375885 225.701971963392 225.701971963392 225.701971963392
"FRT_censord" 9 0.914145413358254 3.98760335048074 0.0193689569161711 0.0103133814851609 1.01403630371168e-10 0.0416259028975432 -0.00132019066666089 1.13686837721616e-13 -1.52587890625e-05 0.455844298962266 3.51169875526181e-08 0.544155665920747 0.5 1 5 0.333333333333333 0.333333333333333 0.333333333333333 109 1 -148.255957621262 -70.8905753819566 -5.60234003203629e-06 -56.6880788143281 253.536449397011 253.536449397011 253.536449397011
"FRT_censord" 10 0.914353852910108 3.98727910371408 0.0193520575162354 0.0103143897925728 1.01591504378745e-10 0.0371564134124753 -0.00117538121209293 -1.13686837721616e-13 0 0.455821812837201 2.64061181847879e-08 0.544178160756681 0.5 1 5 0.333333333333333 0.333333333333333 0.333333333333333 108 1 -148.254842817291 -70.8866610822889 -4.2126100318766e-06 -56.6910035503817 284.80358684358 284.80358684358 284.80358684358
"FRT_censord" 11 0.91454059273966 3.98699186889081 0.0193369312995851 0.0103152978521873 1.0175821722504e-10 0.033157645665014 -0.00104644270437859 0 0 0.455801715117543 1.98446931379119e-08 0.544198265037764 0.5 1 5 0.333333333333333 0.333333333333333 0.333333333333333 107 1 -148.25384117717 -70.8831638561625 -3.16581944577428e-06 -56.6936103736927 319.926713779738 319.926713779738 319.926713779738
"FRT_censord" 12 0.914707784254798 3.98673730327916 0.0193233996421686 0.0103161146498042 1.01906192055846e-10 0.0295818173638196 -0.000931638480118124 0 0 0.455783759080761 1.49112416208158e-08 0.544216226007997 0.5 1 5 0.333333333333333 0.333333333333333 0.333333333333333 106 1 -148.252942057851 -70.8800403509247 -2.3787628110304e-06 -56.6959336054831 359.381366380463 359.381366380463 359.381366380463
"FRT_censord" 13 0.914857386462991 3.98651159487595 0.0193113004793643 0.0103168485625921 1.02037568403807e-10 0.0263856524341008 -0.000829421308722544 0 -1.52587890625e-05 0.45576772220109 1.12064912162358e-08 0.544232266592418 0.5 1 5 0.333333333333333 0.333333333333333 0.333333333333333 105 1 -148.252135650245 -70.877251521166 -1.78773454337014e-06 -56.6980038983434 403.701725859656 403.701725859656 403.701725859656
"FRT_censord" 14 0.914991179162626 3.98631139411564 0.019300487042265 0.0103175073589402 1.02154236061613e-10 0.0235300203614699 -0.000738412860698645 0 0 0.455753404003967 8.42656898870286e-09 0.544246587569464 0.5 1 5 0.333333333333333 0.333333333333333 0.333333333333333 104 1 -148.251412948018 -70.8747622352096 -1.3442517803054e-06 -56.6998486236445 453.487850812858 453.487850812858 453.487850812858
"FRT_censord" 15 0.915110775985415 3.9861337556664 0.0192908266380354 0.0103180982100154 1.02257864424018e-10 0.0209795931288639 -0.000657385371930275 -1.13686837721616e-13 0 0.455740624123724 6.35902366828474e-09 0.544259369517253 0.5 1 5 0.333333333333333 0.333333333333333 0.333333333333333 102 1 -148.250765720197 -70.87254092178 -1.01441840374289e-06 -56.7014922066411 509.413801481638 509.413801481638 509.413801481638
"FRT_censord" 16 0.915217637186494 3.9859760837295 0.0192821995004868 0.0103186277043424 1.02349930889559e-10 0.0187025202296169 -0.00058524527677406 0 0 0.455729220246941 4.8039056289713e-09 0.544270774949154 0.5 1 5 0.333333333333333 0.333333333333333 0.333333333333333 101 1 -148.250186431831 -70.8705591954408 -7.66334400141013e-07 -56.702956485284 572.236765935022 572.236765935022 572.236765935022
"FRT_censord" 17 0.9153130819601 3.98583609322696 0.0192744976635087 0.0103191018790618 1.02431740695776e-10 0.0166701228591819 -0.000521018600785794 0 0 0.455719046746512 3.63377649366742e-09 0.544280949619711 0.5 1 5 0.333333333333333 0.333333333333333 0.333333333333333 100 1 -148.249668243418 -70.8687916137022 -5.79668289016895e-07 -56.7042609157832 642.807311728433 642.807311728433 642.807311728433
"FRT_censord" 18 0.915398300257479 3.98571176785127 0.0192676239359459 0.0103195262446614 1.02504449314603e-10 0.0148566079088823 -0.000463837931661715 0 1.52587890625e-05 0.455709972869592 2.75274500059723e-09 0.544290024377663 0.5 1 5 0.333333333333333 0.333333333333333 0.333333333333333 99 1 -148.249204944855 -70.8672153502071 -4.39121865020205e-07 -56.7054228699374 722.080901838547 722.080901838547 722.080901838547
"FRT_censord" 19 0.91547436396717 3.98560132769856 0.0192614909242819 0.0103199058175859 1.025690796865e-10 0.0132388018980194 -0.000412930798084687 1.13686837721616e-13 0 0.455701881366069 2.08877810566575e-09 0.544298116545153 0.5 1 5 0.333333333333333 0.333333333333333 0.333333333333333 98 1 -148.248790910133 -70.8658099502181 -3.33203363403126e-07 -56.7064578459646 811.130830789687 811.130830789687 811.130830789687
"FRT_censord" 20 0.915542237431134 3.98550320035005 0.0192560201269873 0.010320245153114 1.02626537825557e-10 0.011795904644643 -0.000367609307843964 0 -1.52587890625e-05 0.455694667170035 1.58782649369828e-09 0.544305331242139 0.5 1 5 0.333333333333333 0.333333333333333 0.333333333333333 97 1 -148.248421051966 -70.8645570960057 -2.53290161470477e-07 -56.7073796681158 911.16275611549 911.16275611549 911.16275611549
"FRT_censord" 21 0.915602787276697 3.98541599571861 0.0192511410953606 0.0103205483786566 1.02677626515835e-10 0.0105092620140965 -0.00032726091045987 0 0 0.455688236195836 1.20936218660881e-09 0.544311762594801 0.5 1 5 0.333333333333333 0.333333333333333 0.333333333333333 96 1 -148.248090777848 -70.8634403932937 -1.9291680576119e-07 -56.7082006652804 1023.53102189903 1023.53102189903 1023.53102189903
"FRT_censord" 22 0.915656791514821 3.98533848495282 0.0192467906588113 0.0103208192275182 1.02723056851035e-10 0.00936215777689853 -0.000291340163464326 0 -1.52587890625e-05 0.455682504305912 9.25661289396406e-10 0.544317494768427 0.5 1 5 0.333333333333333 0.333333333333333 0.333333333333333 94 1 -148.247795950768 -70.8624451891641 -1.47660506124621e-07 -56.7089318192332 1149.75699539774 1149.75699539774 1149.75699539774
"FRT_censord" 23 0.915704947928104 3.9852695775664 0.0192429122357405 0.0103210610662257 1.02763461048907e-10 0.00833962384747622 -0.000259361395052338 0 1.52587890625e-05 0.455677396048785 7.10052648007977e-10 0.544322603241162 0.5 1 5 0.333333333333333 0.333333333333333 0.333333333333333 93 1 -148.247532840809 -70.8615583469678 -1.13266512793269e-07 -56.7095829565689 1291.54966501488 1291.54966501488 1291.54966501488
"FRT_censord" 24 0.915747882079389 3.98520831068688 0.0192394551378885 0.0103212769334285 1.02799398189036e-10 0.00742826088154658 -0.000230892165056673 1.13686837721616e-13 0 0.455672844160173 5.45897938303065e-10 0.544327155293929 0.5 1 5 0.333333333333333 0.333333333333333 0.333333333333333 92 1 -148.247298097908 -70.8607681623613 -8.70805770864239e-08 -56.7101628009789 1450.82877849594 1450.82877849594 1450.82877849594
"FRT_censord" 25 0.915786154034113 3.98515382990563 0.0192363740283812 0.0103214695618867 1.02831365102531e-10 0.0066160874677621 -0.000205547439719567 0 1.52587890625e-05 0.455668788465142 4.20678072342518e-10 0.54433121111418 0.5 1 5 0.333333333333333 0.333333333333333 0.333333333333333 91 1 -148.24708871364 -70.8600641672847 -6.71055914812435e-08 -56.7106791411419 1629.75083462065 1629.75083462065 1629.75083462065
"FRT_censord" 26 0.915820265109253 3.98510537788956 0.0192336283572315 0.0103216414086761 1.02859802731598e-10 0.00589239131925723 -0.000182984401604358 0 0 0.455665175212148 3.24965131068264e-10 0.544334824462887 0.5 1 5 0.333333333333333 0.333333333333333 0.333333333333333 90 1 -148.246901988188 -70.8594370140495 -5.18375772960484e-08 -56.7111389177744 1830.73828029537 1830.73828029537 1830.73828029537
"FRT_censord" 27 0.91585066372977 3.98506228388096 0.0192311818735694 0.0103217946813345 1.02885102039932e-10 0.00524759998572932 -0.000162897826349706 1.13686837721616e-13 0 0.455661956471706 2.52383628732708e-10 0.54433804327591 0.5 1 5 0.333333333333333 0.333333333333333 0.333333333333333 88 1 -148.246735502437 -70.8588783704605 -4.02594937899761e-08 -56.711548303694 2056.51230834865 2056.51230834865 2056.51230834865
"FRT_censord" 28 0.915877750815342 3.9850239501535 0.0192290021989257 0.0103219313573603 1.02907611816553e-10 0.00467316304493437 -0.000145015964662321 0 1.52587890625e-05 0.455659089261054 1.96511213662724e-10 0.544340910542435 0.5 1 5 0.333333333333333 0.333333333333333 0.333333333333333 87 1 -148.246587085452 -70.8583807639916 -3.13468389117859e-08 -56.7119128341699 2310.12970008316 2310.12970008316 2310.12970008316
"FRT_censord" 29 0.915901884618879 3.98498984872759 0.0192270604046688 0.0103220532122227 1.02927640389835e-10 0.00416144590653289 -0.000129096874161405 0 -1.52587890625e-05 0.455656535414582 1.53403861073713e-10 0.544343464432014 0.5 1 5 0.333333333333333 0.333333333333333 0.333333333333333 86 1 -148.246454797021 -70.8579375630244 -2.44704562881777e-08 -56.7122374068254 2595.02421139974 2595.02421139974 2595.02421139974
"FRT_censord" 30 0.915923385151844 3.98495951004255 0.0192253306664976 0.0103221618352565 1.02945462204487e-10 0.00370563385222056 -0.00011492515292133 0 -1.52587890625e-05 0.455654260819893 1.20067815200139e-10 0.544345739060039 0.5 1 5 0.333333333333333 0.333333333333333 0.333333333333333 85 1 -148.246336900412 -70.8575428407081 -1.91527798674698e-08 -56.7125263957652 2915.05306282518 2915.05306282518 2915.05306282518
"FRT_censord" 31 0.915942538157944 3.98493251709943 0.0192237899354296 0.0103222586490567 1.02961321158073e-10 0.00329964575406905 -0.000102309029990977 -1.13686837721616e-13 0 0.455652235050131 9.42268484541271e-11 0.544347764855642 0.5 1 5 0.333333333333333 0.333333333333333 0.333333333333333 84 1 -148.246231842625 -70.8571913114373 -1.50307056150045e-08 -56.7127836974574 3274.54916287773 3274.54916287773 3274.54916287773
"FRT_censord" 32 0.915959598698665 3.98490849948372 0.0192224176453267 0.010322344926206 1.02975434038951e-10 0.00293805651128309 -9.10777747051839e-05 -1.13686837721616e-13 0 0.455650430971497 7.41472250671947e-11 0.544349568954356 0.5 1 5 0.333333333333333 0.333333333333333 0.333333333333333 83 1 -148.246138235629 -70.8568782623764 -1.18276688038312e-08 -56.7130127826498 3678.37977182863 3678.37977182863 3678.37977182863
"FRT_censord" 33 0.915974794377223 3.9848871289737 0.0192211954462384 0.0103224218054503 1.02987993037753e-10 0.00261602739928435 -8.10793894743256e-05 -1.13686837721616e-13 0 0.455648824458805 5.86773285736846e-11 0.544351175482518 0.5 1 5 0.333333333333333 0.333333333333333 0.333333333333333 81 1 -148.246054840397 -70.8565995045337 -9.35996413547059e-09 -56.7132167307853 4132.01240011534 4132.01240011534 4132.01240011534
"FRT_censord" 34 0.915988328255483 3.98486811130742 0.0192201069837744 0.0103224903016069 1.02999170582457e-10 0.00232924358358844 -7.21785554773646e-05 -1.13686837721616e-13 0 0.455647393809292 4.65632003247271e-11 0.544352606144145 0.5 1 5 0.333333333333333 0.333333333333333 0.333333333333333 80 1 -148.24598054753 -70.8563512678984 -7.42756251850138e-09 -56.7133983191734 4641.58883361278 4641.58883361278 4641.58883361278
"FRT_censord" 35 0.916000381437664 3.98485118743095 0.0192191376643433 0.0103225513239183 1.03009118504351e-10 0.00207385810765004 -6.42548032345758e-05 1.13686837721616e-13 -1.52587890625e-05 0.455646119869017 3.70528958737894e-11 0.54435388009393 0.5 1 5 0.333333333333333 0.333333333333333 0.333333333333333 79 1 -148.245914369337 -70.8561302275803 -5.91051510562374e-09 -56.713559987736 5214.00828799969 5214.00828799969 5214.00828799969
"FRT_censord" 36 0.916011115423692 3.98483612624667 0.0192182744809702 0.0103226056833919 1.03017972314381e-10 0.00184644172436776 -5.72008837593785e-05 1.13686837721616e-13 0 0.455644985506686 2.95676602448517e-11 0.544355014463746 0.5 1 5 0.333333333333333 0.333333333333333 0.333333333333333 78 1 -148.245855423524 -70.8559334094264 -4.7165001365919e-09 -56.7137039201465 5857.02081805666 5857.02081805666 5857.02081805666
"FRT_censord" 37 0.916020674201595 3.98482272228217 0.0192175058395571 0.0103226541039591 1.03025852540164e-10 0.00164393798951323 -5.09213182766644e-05 -1.13686837721616e-13 0 0.455643975456688 2.36610944824211e-11 0.544356024519651 0.5 1 5 0.333333333333333 0.333333333333333 0.333333333333333 77 1 -148.245802922893 -70.8557581634085 -3.77430914621297e-09 -56.7138320610077 6579.33224657568 6579.33224657568 6579.33224657568
"FRT_censord" 38 0.916029186121339 3.98481079371179 0.0192168214030634 0.0103226972325386 1.03032865860417e-10 0.00146362309055093 -4.53311068397966e-05 0 -1.52587890625e-05 0.455643076184889 1.90439257715973e-11 0.544356923796067 0.5 1 5 0.333333333333333 0.333333333333333 0.333333333333333 75 1 -148.245756166209 -70.8556021409691 -3.0377980220228e-09 -56.713946130059 7390.72203352578 7390.72203352578 7390.72203352578
"FRT_censord" 39 0.916036765590547 3.98480017625173 0.0192162119708802 0.010322735643616 1.03039108722825e-10 0.0013030699305574 -4.03545786866744e-05 0 0 0.455642275437148 1.5371431211593e-11 0.544357724547481 0.5 1 5 0.333333333333333 0.333333333333333 0.333333333333333 74 1 -148.24571452539 -70.8554632137036 -2.45197772611423e-09 -56.7140476932736 8302.17568131974 8302.17568131974 8302.17568131974
"FRT_censord" 40 0.916043514555383 3.98479072627822 0.0192156693341935 0.0103227698521616 1.03044665435186e-10 0.00116011603091692 -3.59243684329158e-05 0 0 0.45564156248718 1.24426659620139e-11 0.544358437500377 0.5 1 5 0.333333333333333 0.333333333333333 0.333333333333333 73 1 -148.245677443018 -70.8553395206954 -1.98479418424656e-09 -56.7141381115349 9326.0334688322 9326.0334688322 9326.0334688322
"FRT_censord" 41 0.916049523859972 3.98478231523295 0.0192151861828542 0.010322800316559 1.03049611488978e-10 0.00103283486023287 -3.19805048221156e-05 -1.13686837721616e-13 0 0.455640927719143 1.0100861344227e-11 0.544359072270756 0.5 1 5 0.333333333333333 0.333333333333333 0.333333333333333 72 1 -148.24564442135 -70.8552293931113 -1.61124019463885e-09 -56.7142186073619 10476.1575278967 10476.1575278967 10476.1575278967
"FRT_censord" 42 0.916054874440135 3.9847748296537 0.0192147560006211 0.0103228274463467 1.03054013512763e-10 0.000919510232336052 -2.84695992149864e-05 0 0 0.455640362636807 8.24762617755899e-12 0.544359637354945 0.5 1 5 0.333333333333333 0.333333333333333 0.333333333333333 70 1 -148.245615017665 -70.8551313572318 -1.31562072098361e-09 -56.714290257163 11768.11952435 11768.11952435 11768.11952435
"FRT_censord" 43 0.916059638411876 3.98476816597252 0.0192143729941542 0.0103228516040769 1.03057932369088e-10 0.000818613453013484 -2.53441232587193e-05 0 0 0.455639859473021 6.75387731893281e-12 0.544360140520226 0.5 1 5 0.333333333333333 0.333333333333333 0.333333333333333 69 1 -148.245588834687 -70.8550440637007 -1.07734494539619e-09 -56.714354054571 13219.4114846603 13219.4114846603 13219.4114846603
"FRT_censord" 44 0.916063880006526 3.98476223458217 0.0192140319922183 0.0103228731153346 1.03061420693289e-10 0.000728782926209703 -2.2561765668172e-05 0 0 0.455639411503784 5.54669204357474e-12 0.544360588490669 0.5 1 5 0.333333333333333 0.333333333333333 0.333333333333333 68 1 -148.245565521016 -70.8549663464607 -8.84780521390621e-10 -56.7144108501813 14849.6826225447 14849.6826225447 14849.6826225447
"FRT_censord" 45 0.916067656441605 3.98475695493673 0.0192137283924368 0.0103228922694805 1.03064525815011e-10 0.000648805959940546 -2.00848596634273e-05 0 -1.52587890625e-05 0.45563901267876 4.56850714971983e-12 0.544360987316672 0.5 1 5 0.333333333333333 0.333333333333333 0.333333333333333 67 1 -148.245544762718 -70.8548971556423 -7.28745201283288e-10 -56.7144614122634 16681.0053720006 16681.0053720006 16681.0053720006
"FRT_censord" 46 0.916071018680266 3.98475225536352 0.0192134580958261 0.0103229093243515 1.03067289855151e-10 0.000577602538697874 -1.78798731980123e-05 -1.13686837721616e-13 1.52587890625e-05 0.455638657609882 3.7737774930439e-12 0.544361342386344 0.5 1 5 0.333333333333333 0.333333333333333 0.333333333333333 66 1 -148.245526280101 -70.8548355563214 -6.01973814731495e-10 -56.7145064248401 18738.1742286039 18738.1742286039 18738.1742286039
"FRT_censord" 47 0.916074012108479 3.98474807298412 0.019213217448044 0.0103229245104372 1.03069749759289e-10 0.000514210852429642 -1.59169551352534e-05 0 0 0.455638341567701 3.13558922711557e-12 0.544361658429163 0.5 1 5 0.333333333333333 0.333333333333333 0.333333333333333 64 1 -148.24550982493 -70.854780728612 -5.00173173539206e-10 -56.7145464848217 21049.0414451202 21049.0414451202 21049.0414451202
"FRT_censord" 48 0.916076677157756 3.98474434922517 0.019213003206011 0.010322938030837 1.03071939979709e-10 0.000457774394774901 -1.41695312407819e-05 0 0 0.455638060141428 2.61293041703925e-12 0.544361939855959 0.5 1 5 0.333333333333333 0.333333333333333 0.333333333333333 63 1 -148.245495173396 -70.8547319057201 -4.16801242920897e-10 -56.714582158769 23644.8941264541 23644.8941264541 23644.8941264541
"FRT_censord" 49 0.916079049823703 3.98474103449046 0.019212812470868 0.010322950068655 1.03073889660756e-10 0.000407530461949079 -1.26139444489581e-05 0 0 0.455637809596331 2.18375501988835e-12 0.544362190401485 0.5 1 5 0.333333333333333 0.333333333333333 0.333333333333333 62 1 -148.24548212874 -70.8546884403967 -3.48341337098109e-10 -56.7146139171222 26560.8778294668 26560.8778294668 26560.8778294668
"FRT_censord" 50 0.916081162164369 3.98473808382972 0.0192126426647514 0.0103229607862885 1.03075625228907e-10 0.000362799902170252 -1.12291347207361e-05 1.13686837721616e-13 0 0.455637586545143 1.83041164986316e-12 0.544362413453026 0.5 1 5 0.333333333333333 0.333333333333333 0.333333333333333 61 1 -148.245470514891 -70.8546497449454 -2.91977787734732e-10 -56.7146421895975 29836.4724028334 29836.4724028334 29836.4724028334
"FRT_censord" 51 0.916083042726862 3.98473545723552 0.0192124914922261 0.0103229703283798 1.03077170206369e-10 0.00032297798033909 -9.996353909969e-06 -1.13686837721616e-13 0 0.455637387971731 1.53873429275125e-12 0.544362612026731 0.5 1 5 0.333333333333333 0.333333333333333 0.333333333333333 60 1 -148.245460175033 -70.8546152960697 -2.45450898092336e-10 -56.7146673587866 33516.0265093885 33516.0265093885 33516.0265093885
"FRT_censord" 52 0.916084716927214 3.98473311999902 0.0192123569055306 0.0103229788243986 1.03078544990362e-10 0.000287526238153646 -8.89891199307158e-06 0 -1.52587890625e-05 0.455637211259048 1.30115010546085e-12 0.544362788739651 0.5 1 5 0.333333333333333 0.333333333333333 0.333333333333333 58 1 -148.245450970432 -70.8545846404553 -2.07552682053581e-10 -56.7146897532426 37649.3580679247 37649.3580679247 37649.3580679247
"FRT_censord" 53 0.916086207407605 3.98473103861799 0.0192122370925664 0.0103229863877541 1.03079769302769e-10 0.000255965241485967 -7.92195120169481e-06 0 0 0.455637053878197 1.10347703160902e-12 0.5443629461207 0.5 1 5 0.333333333333333 0.333333333333333 0.333333333333333 57 1 -148.245442774873 -70.8545573378726 -1.76020887811565e-10 -56.7147097004897 42292.428743895 42292.428743895 42292.428743895
"FRT_censord" 54 0.916087534318008 3.98472918579312 0.0192121304290486 0.0103229931212886 1.03080859185736e-10 0.000227868119161201 -7.05224484676137e-06 0 0 0.45563691376955 9.38581827241413e-13 0.544363086229511 0.5 1 5 0.333333333333333 0.333333333333333 0.333333333333333 56 1 -148.245435478535 -70.854533031735 -1.49717654698266e-10 -56.7147274582934 47508.101621028 47508.101621028 47508.101621028
"FRT_censord" 55 0.916088715603028 3.98472753642118 0.0192120354722413 0.0103229991159924 1.03081829401672e-10 0.00020285480719906 -6.27801819064189e-06 0 0 0.455636789038059 8.00672015333263e-13 0.54436321096114 0.5 1 5 0.333333333333333 0.333333333333333 0.333333333333333 55 1 -148.245428982807 -70.8545113932725 -1.27718995008296e-10 -56.7147432669308 53366.9923120631 53366.9923120631 53366.9923120631
"FRT_censord" 56 0.916089767239904 3.98472606815466 0.0192119509376293 0.0103230044528863 1.03082693092988e-10 0.000180586921878501 -5.58878924294959e-06 0 0 0.455636677996279 6.85032937925479e-13 0.544363322003036 0.5 1 5 0.333333333333333 0.333333333333333 0.333333333333333 54 1 -148.245423199878 -70.8544921297323 -1.09272849693244e-10 -56.7147573403547 59948.4250318941 59948.4250318941 59948.4250318941
"FRT_censord" 57 0.916090703450133 3.98472476199915 0.0192118756777135 0.0103230092046115 1.03083461419658e-10 0.000160763193193247 -4.9752266448877e-06 0 0 0.45563657921022 5.89550949634176e-13 0.54436342078919 0.5 1 5 0.333333333333333 0.333333333333333 0.333333333333333 52 1 -148.245418052475 -70.8544749930686 -9.40420599832679e-11 -56.7147698569941 67341.5065775083 67341.5065775083 67341.5065775083
"FRT_censord" 58 0.91609153690664 3.98472359844432 0.0192118086820479 0.0103230134343872 1.03084145878164e-10 0.000143115397776228 -4.42902351238672e-06 1.13686837721616e-13 1.52587890625e-05 0.455636491204924 5.08869738729895e-13 0.544363508794567 0.5 1 5 0.333333333333333 0.333333333333333 0.333333333333333 51 1 -148.24541346914 -70.8544597259207 -8.11722143742422e-11 -56.7147810106278 75646.3327554629 75646.3327554629 75646.3327554629
"FRT_censord" 59 0.916092278881739 3.98472256263053 0.0192117490402479 0.0103230171999286 1.0308475519728e-10 0.000127404736652181 -3.94278490034594e-06 1.13686837721616e-13 0 0.455636412858241 4.40522119051393e-13 0.544363587141319 0.5 1 5 0.333333333333333 0.333333333333333 0.333333333333333 50 1 -148.245409388804 -70.854446134349 -7.02697597234556e-11 -56.7147909401199 84975.3435908645 84975.3435908645 84975.3435908645
"FRT_censord" 60 0.916092939414644 3.98472164053545 0.0192116959452214 0.010323020552173 1.03085297624315e-10 0.000113418609643645 -3.50992766584568e-06 0 0 0.455636343110564 3.8247670998736e-13 0.544363656889054 0.5 1 5 0.333333333333333 0.333333333333333 0.333333333333333 49 1 -148.245405756286 -70.8544340345343 -6.10106604615469e-11 -56.7147997797647 95454.8456661836 95454.8456661836 95454.8456661836
"FRT_censord" 61 0.916093527443282 3.98472081967122 0.0192116486784503 0.0103230235364658 1.03085780504321e-10 0.000100967742753255 -3.12459140161536e-06 -1.13686837721616e-13 0 0.45563628101811 3.33057159655023e-13 0.544363718981557 0.5 1 5 0.333333333333333 0.333333333333333 0.333333333333333 48 1 -148.245402522449 -70.8544232627462 -5.31275134535175e-11 -56.7148076491945 107226.722201032 107226.722201032 107226.722201032
"FRT_censord" 62 0.916094050921175 3.98472008981989 0.0192116065963923 0.0103230261934909 1.03086209836509e-10 8.98836302027917e-05 -2.78155906840993e-06 1.13686837721616e-13 1.52587890625e-05 0.455636225809068 2.91734509117801e-13 0.54436377419064 0.5 1 5 0.333333333333333 0.333333333333333 0.333333333333333 46 1 -148.24539964446 -70.8544136858238 -4.65359417008416e-11 -56.7148146428585 120450.354025878 120450.354025878 120450.354025878
"FRT_censord" 63 0.916094516940237 3.98471943928632 0.0192115691372951 0.0103230285585468 1.03086592521621e-10 8.00162568950213e-05 -2.47618636706193e-06 0 0 0.455636176598326 2.56291322393113e-13 0.544363823401417 0.5 1 5 0.333333333333333 0.333333333333333 0.333333333333333 45 1 -148.245397081535 -70.8544051487433 -4.08822313666434e-11 -56.7148208797215 135304.777457981 135304.777457981 135304.777457981
"FRT_censord" 64 0.91609493180363 3.98471886015268 0.0192115357903326 0.0103230306639585 1.03086933206231e-10 7.12320699136626e-05 -2.20433886255478e-06 0 -1.52587890625e-05 0.45563613278779 2.25817336058783e-13 0.544363867211984 0.5 1 5 0.333333333333333 0.333333333333333 0.333333333333333 44 1 -148.245394799905 -70.8543975484756 -3.60211819124115e-11 -56.714826432237 151991.108295293 151991.108295293 151991.108295293
"FRT_censord" 65 0.91609530112616 3.98471834458983 0.0192115061040951 0.0103230325382321 1.03087236495415e-10 6.34121730413995e-05 -1.96233602878237e-06 0 1.52587890625e-05 0.455636093785517 1.99552937596204e-13 0.544363906214283 0.5 1 5 0.333333333333333 0.333333333333333 0.333333333333333 43 1 -148.245392768708 -70.8543907823397 -3.18316238706907e-11 -56.7148313753857 170735.264747069 170735.264747069 170735.264747069
"FRT_censord" 66 0.91609562990653 3.98471788561818 0.019211479676756 0.0103230342067345 1.03087506494699e-10 5.64507185956131e-05 -1.7469013897653e-06 0 0 0.455636059063755 1.76862843300412e-13 0.544363940936068 0.5 1 5 0.333333333333333 0.333333333333333 0.333333333333333 42 1 -148.245390960461 -70.8543847587815 -2.82122200751343e-11 -56.7148357760545 191791.026167249 191791.026167249 191791.026167249
"FRT_censord" 67 0.916095922591017 3.98471747792712 0.0192114561467099 0.0103230356921305 1.03087746317068e-10 5.0253475876616e-05 -1.55511816046783e-06 0 -1.52587890625e-05 0.455636028221421 1.57678125289834e-13 0.544363971778421 0.5 1 5 0.333333333333333 0.333333333333333 0.333333333333333 40 1 -148.245389351614 -70.8543794089601 -2.51519754492214e-11 -56.7148396816763 215443.469003189 215443.469003189 215443.469003189
"FRT_censord" 68 0.916096183149006 3.9847171141878 0.0192114352032214 0.0103230370143445 1.03087960295213e-10 4.47365565179325e-05 -1.3843898116761e-06 0 0 0.455636000703292 1.4098866921788e-13 0.544363999296567 0.5 1 5 0.333333333333333 0.333333333333333 0.333333333333333 39 1 -148.24538791855 -70.8543746350839 -2.24897618746662e-11 -56.7148431693889 242012.826479438 242012.826479438 242012.826479438
"FRT_censord" 69 0.916096415103695 3.98471679035159 0.019211416559019 0.0103230381913539 1.03088150800171e-10 3.98252796998122e-05 -1.23240481286757e-06 1.13686837721616e-13 0 0.455635976203657 1.26437238217949e-13 0.544364023796217 0.5 1 5 0.333333333333333 0.333333333333333 0.333333333333333 38 1 -148.245386642766 -70.8543703848352 -2.01685947905412e-11 -56.7148462746407 271858.824273294 271858.824273294 271858.824273294
"FRT_censord" 70 0.916096621594819 3.9847165020561 0.0192113999616221 0.0103230392391159 1.03088320397834e-10 3.54531616366671e-05 -1.09710543227948e-06 -1.13686837721616e-13 0 0.455635954392592 1.13721848651081e-13 0.544364045607294 0.5 1 5 0.333333333333333 0.333333333333333 0.333333333333333 37 1 -148.245385507018 -70.854366600996 -1.81403033458256e-11 -56.7148490391664 305385.550883342 305385.550883342 305385.550883342
"FRT_censord" 71 0.916096805417578 3.98471624540035 0.0192113851863389 0.010323040171818 1.03088471382936e-10 3.15610160654956e-05 -9.76659883633602e-07 0 1.52587890625e-05 0.455635934975044 1.02586691466981e-13 0.544364065024854 0.5 1 5 0.333333333333333 0.333333333333333 0.333333333333333 36 1 -148.245384495935 -70.8543632323814 -1.63640822210762e-11 -56.7148515003559 343046.928631492 343046.928631492 343046.928631492
"FRT_censord" 72 0.916096969060364 3.98471601691115 0.0192113720331428 0.0103230410020897 1.03088605798579e-10 2.80961534429025e-05 -8.69437407402529e-07 0 0 0.455635917688313 9.28146242378766e-14 0.544364082311594 0.5 1 5 0.333333333333333 0.333333333333333 0.333333333333333 35 1 -148.245383595836 -70.854360233419 -1.48052939959191e-11 -56.7148536915004 385352.859371053 385352.859371053 385352.859371053
"FRT_censord" 73 0.9160971147346 3.98471581439652 0.0192113603200959 0.0103230417409197 1.03088724923381e-10 2.50116678373047e-05 -7.7398634346082e-07 0 0 0.455635902367078 8.44692833992471e-14 0.544364097632837 0.5 1 5 0.333333333333333 0.333333333333333 0.333333333333333 33 1 -148.245382795454 -70.854357576166 -1.34740896012032e-11 -56.7148556301612 432876.128108306 432876.128108306 432876.128108306
"FRT_censord" 74 0.916097244419909 3.98471563333648 0.0192113498962734 0.0103230423988174 1.03088831437488e-10 2.22658022366318e-05 -6.89014328258963e-07 -1.13686837721616e-13 0 0.455635888668493 7.71009288025482e-14 0.54436411133143 0.5 1 5 0.333333333333333 0.333333333333333 0.333333333333333 32 1 -148.245382082143 -70.854355199699 -1.22987288754616e-11 -56.7148573664442 486260.158006536 486260.158006536 486260.158006536
"FRT_censord" 75 0.916097359868383 3.98471547211038 0.0192113406169869 0.0103230429844135 1.03088926284287e-10 1.98213833186855e-05 -6.13370964686055e-07 0 0 0.455635876470406 7.05827959283979e-14 0.544364123529524 0.5 1 5 0.333333333333333 0.333333333333333 0.333333333333333 31 1 -148.245381447094 -70.8543530835066 -1.12589910106878e-11 -56.7148589127044 546227.721768435 546227.721768435 546227.721768435
"FRT_censord" 76 0.916097462642764 3.9847153285751 0.0192113323564428 0.0103230435056731 1.03089010724048e-10 1.76453184437264e-05 -5.46032090653625e-07 0 -1.52587890625e-05 0.455635865610714 6.48062055688035e-14 0.544364134389221 0.5 1 5 0.333333333333333 0.333333333333333 0.333333333333333 30 1 -148.245380881751 -70.8543511994989 -1.03375400730516e-11 -56.7148602893411 613590.727341317 613590.727341317 613590.727341317
"FRT_censord" 77 0.916097554134385 3.98471520079113 0.0192113250027918 0.0103230439696603 1.03089085897672e-10 1.57081476714893e-05 -4.86086015882847e-07 0 -1.52587890625e-05 0.455635855942705 5.96778068697512e-14 0.544364144057236 0.5 1 5 0.333333333333333 0.333333333333333 0.333333333333333 29 1 -148.245380378465 -70.8543495222264 -9.51948522741815e-12 -56.7148615149382 689261.21043497 689261.21043497 689261.21043497
"FRT_censord" 78 0.916097635581851 3.98471508703052 0.0192113184564694 0.0103230443826616 1.03089152821656e-10 1.39836450898656e-05 -4.32721101617517e-07 0 0 0.455635847335654 5.51172664285113e-14 0.544364152664291 0.5 1 5 0.333333333333333 0.333333333333333 0.333333333333333 28 1 -148.245379930424 -70.8543480290118 -8.79201211414735e-12 -56.7148626060595 774263.682681128 774263.682681128 774263.682681128
"FRT_censord" 79 0.916097708087801 3.98471498575493 0.0192113126288407 0.0103230447502735 1.03089212400938e-10 1.24484637638034e-05 -3.85214839582204e-07 0 0 0.455635839673195 5.10553277098276e-14 0.544364160326753 0.5 1 5 0.333333333333333 0.333333333333333 0.333333333333333 27 1 -148.245379531567 -70.8543466996687 -8.14407329726373e-12 -56.7148635774496 869749.002617784 869749.002617784 869749.002617784
"FRT_censord" 80 0.916097772633829 3.98471489559521 0.0192113074410004 0.0103230450774776 1.03089265440941e-10 1.10818196787932e-05 -3.42924067808781e-07 0 0 0.455635832851745 4.74321784753861e-14 0.544364167148208 0.5 1 5 0.333333333333333 0.333333333333333 0.333333333333333 26 1 -148.245379176495 -70.8543455162281 -7.56612784531972e-12 -56.714864442233 977009.957299226 977009.957299226 977009.957299226
"FRT_censord" 81 0.916097830089769 3.98471481622826 0.019211302818859 0.0103230453679066 1.03089312120966e-10 9.86521054358036e-06 -3.05276159906498e-07 0 0 0.455635826847455 4.43263962341056e-14 0.5443641731525 0.5 1 5 0.333333333333333 0.333333333333333 0.333333333333333 24 1 -148.245378861324 -70.8543444752878 -7.07071002095718e-12 -56.7148652000554 1097498.76549306 1097498.76549306 1097498.76549306
"FRT_censord" 82 0.916097879802686 3.98471477955152 0.0192112985895335 0.0103230455097171 1.03089333220384e-10 8.78216503252816e-06 -2.71761443570995e-07 0 -1.52587890625e-05 0.455635824929752 4.38074035995274e-14 0.544364175070204 0.5 1 5 0.333333333333333 0.333333333333333 0.333333333333333 5 1 -148.245378666861 -70.8543441750563 -6.98792307091335e-12 -56.7148653160602 1232846.73944207 1232846.73944207 1232846.73944207
"FRT_censord" 83 0.916097926777682 3.98471468131345 0.0192112950470184 0.0103230458609695 1.03089391488342e-10 7.81802065574766e-06 -2.41926130684078e-07 0 0 0.455635816639528 4.05789235281401e-14 0.544364183360432 0.5 1 5 0.333333333333333 0.333333333333333 0.333333333333333 27 1 -148.24537832956 -70.8543427044476 -6.47293314854958e-12 -56.714866493623 1384886.37139387 1384886.37139387 1384886.37139387
"FRT_censord" 84 0.916097966176952 3.9847146516016 0.0192112916981259 0.0103230459729147 1.03089408597143e-10 6.95972356368202e-06 -2.15366263489614e-07 1.13686837721616e-13 1.52587890625e-05 0.455635815070697 4.01038057909312e-14 0.544364184929263 0.5 1 5 0.333333333333333 0.333333333333333 0.333333333333333 5 1 -148.245378174801 -70.854342457476 -6.39714489279191e-12 -56.7148665942095 1555676.14393047 1555676.14393047 1555676.14393047
"FRT_censord" 85 0.916098003402017 3.98471457415321 0.0192112888890066 0.0103230462490447 1.03089454531252e-10 6.19565394543997e-06 -1.91722293152452e-07 0 0 0.455635808531696 3.73676625689593e-14 0.544364191468267 0.5 1 5 0.333333333333333 0.333333333333333 0.333333333333333 25 1 -148.245377907915 -70.8543412977285 -5.96068992398897e-12 -56.7148675219772 1747528.40000769 1747528.40000769 1747528.40000769
"FRT_censord" 86 0.916098034627873 3.98471455004016 0.0192112862374957 0.0103230463384066 1.03089468430002e-10 5.51546688143389e-06 -1.70674056221287e-07 0 0 0.455635807245152 3.69301422746894e-14 0.544364192754811 0.5 1 5 0.333333333333333 0.333333333333333 0.333333333333333 5 1 -148.245377784687 -70.8543410940364 -5.89089901502877e-12 -56.714867609309 1963040.65004027 1963040.65004027 1963040.65004027
"FRT_censord" 87 0.916098062640457 3.98471452647872 0.0192112838810816 0.0103230464344122 1.03089482070516e-10 4.90995365964864e-06 -1.51936603742797e-07 0 0 0.455635805806198 3.66053665863337e-14 0.544364194193765 0.5 1 5 0.333333333333333 0.333333333333333 0.333333333333333 4 1 -148.245377664636 -70.8543408594013 -5.83909252393656e-12 -56.7148677315744 2205130.73990305 2205130.73990305 2205130.73990305
"FRT_censord" 88 0.916098089584358 3.98471445367431 0.0192112819626451 0.0103230466869355 1.03089525409076e-10 4.37091637905951e-06 -1.35256236433179e-07 0 0 0.455635799416029 3.41078986037793e-14 0.544364200583937 0.5 1 5 0.333333333333333 0.333333333333333 0.333333333333333 25 1 -148.245377433714 -70.8543397161873 -5.44070976060456e-12 -56.7148686779784 2477076.35599171 2477076.35599171 2477076.35599171
"FRT_censord" 89 0.916098111321361 3.98471443617797 0.0192112801013133 0.0103230467397106 1.03089535491774e-10 3.89105681364299e-06 -1.2040713670558e-07 1.13686837721616e-13 0 0.455635798662734 3.38079419403691e-14 0.544364201337232 0.5 1 5 0.333333333333333 0.333333333333333 0.333333333333333 4 1 -148.245377358013 -70.8543395997792 -5.3928622707185e-12 -56.7148687227065 2782559.40220712 2782559.40220712 2782559.40220712
"FRT_censord" 90 0.916098131290698 3.98471442017757 0.0192112784311223 0.0103230468120757 1.03089544751492e-10 3.46387837879547e-06 -1.07188228071209e-07 0 -1.52587890625e-05 0.455635797558734 3.35106228462779e-14 0.544364202441232 0.5 1 5 0.333333333333333 0.333333333333333 0.333333333333333 4 1 -148.245377265602 -70.8543394186938 -5.34543551199141e-12 -56.7148688172741 3125715.84968824 3125715.84968824 3125715.84968824
"FRT_censord" 91 0.916098150383766 3.98471436875051 0.0192112770759256 0.0103230469940926 1.03089575368964e-10 3.08359756928667e-06 -9.54205603420633e-08 0 -1.52587890625e-05 0.455635792990783 3.15013264192691e-14 0.544364207009185 0.5 1 5 0.333333333333333 0.333333333333333 0.333333333333333 22 1 -148.245377099261 -70.8543386014861 -5.02492327305527e-12 -56.7148694925259 3511191.73421514 3511191.73421514 3511191.73421514
"FRT_censord" 92 0.916098165721916 3.98471435574665 0.0192112757656233 0.0103230470322063 1.03089582878628e-10 2.74506563613386e-06 -8.49448156259314e-08 0 -1.52587890625e-05 0.455635792408844 3.12242920692615e-14 0.544364207591125 0.5 1 5 0.333333333333333 0.333333333333333 0.333333333333333 4 1 -148.24537704517 -70.8543385100593 -4.98073223016971e-12 -56.7148695329682 3944206.05943766 3944206.05943766 3944206.05943766
"FRT_censord" 93 0.916098179812104 3.98471434396249 0.019211274589466 0.0103230470837714 1.03089589709033e-10 2.4436992944743e-06 -7.56191411710461e-08 -1.13686837721616e-13 0 0.455635791592143 3.09496938326788e-14 0.544364208407826 0.5 1 5 0.333333333333333 0.333333333333333 0.333333333333333 4 1 -148.245376979466 -70.8543383753343 -4.93692978322234e-12 -56.7148696063491 4430621.45758389 4430621.45758389 4430621.45758389
"FRT_censord" 94 0.916098192128371 3.98471433243869 0.0192112735525822 0.010323047125344 1.03089596399269e-10 2.17541833080759e-06 -6.73172664278354e-08 -1.13686837721616e-13 1.52587890625e-05 0.45563579093588 3.07679711467712e-14 0.544364209064089 0.5 1 5 0.333333333333333 0.333333333333333 0.333333333333333 3 1 -148.245376929103 -70.8543382675219 -4.90794234827424e-12 -56.7148696673017 4977023.56433211 4977023.56433211 4977023.56433211
"FRT_censord" 95 0.916098203323721 3.98471432192246 0.0192112726249641 0.0103230471713543 1.03089602520163e-10 1.93659048619566e-06 -5.9926840378921e-08 -1.13686837721616e-13 -1.52587890625e-05 0.455635790183401 3.05873153381885e-14 0.544364209816569 0.5 1 5 0.333333333333333 0.333333333333333 0.333333333333333 3 1 -148.245376874878 -70.8543381414589 -4.87912509611005e-12 -56.7148697431556 5590810.18251223 5590810.18251223 5590810.18251223
"FRT_censord" 96 0.916098213394042 3.98471431160008 0.0192112718008794 0.010323047218521 1.03089608550426e-10 1.72398229381088e-06 -5.33477688691164e-08 0 1.52587890625e-05 0.455635789375358 3.04077201597696e-14 0.544364210624612 0.5 1 5 0.333333333333333 0.333333333333333 0.333333333333333 3 1 -148.24537682164 -70.8543380041668 -4.85047703019789e-12 -56.7148698315239 6280291.44183426 6280291.44183426 6280291.44183426
"FRT_censord" 97 0.916098223536532 3.98471426671102 0.0192112711956903 0.010323047365656 1.03089635396244e-10 1.53471527397642e-06 -4.74909711556393e-08 0 0 0.455635785270365 2.86687558872755e-14 0.544364214729607 0.5 1 5 0.333333333333333 0.333333333333333 0.333333333333333 21 1 -148.245376696978 -70.8543372622008 -4.57308673638827e-12 -56.7148704707405 7054802.31071865 7054802.31071865 7054802.31071865
"FRT_censord" 98 0.916098230771412 3.98471425903939 0.0192112705593665 0.010323047374418 1.03089639837892e-10 1.36622681878862e-06 -4.22771577746062e-08 0 0 0.455635785140662 2.85844668005716e-14 0.544364214859309 0.5 1 5 0.333333333333333 0.333333333333333 0.333333333333333 2 1 -148.245376684432 -70.8543372443439 -4.55964139016261e-12 -56.7148704767441 7924828.98353918 7924828.98353918 7924828.98353918
"FRT_censord" 99 0.916098237828789 3.98471425391199 0.0192112699688767 0.0103230473975972 1.03089642794094e-10 1.21623583027031e-06 -3.7635750516074e-08 -1.13686837721616e-13 0 0.455635784770148 2.84166312812298e-14 0.544364215229823 0.5 1 5 0.333333333333333 0.333333333333333 0.333333333333333 3 1 -148.245376651061 -70.8543371843421 -4.53286916349388e-12 -56.7148705053527 8902150.8544504 8902150.8544504 8902150.8544504
"FRT_censord" 100 0.916098244158091 3.98471424860992 0.0192112694460089 0.0103230474228711 1.03089645872992e-10 1.08271157017725e-06 -3.35039018750649e-08 0 0 0.455635784346232 2.8249781158234e-14 0.54436421565374 0.5 1 5 0.333333333333333 0.333333333333333 0.333333333333333 3 1 -148.245376618439 -70.8543371135512 -4.50625412207216e-12 -56.7148705457844 1e+07 1e+07 1e+07
