"filename" "beta1" "beta3" "lambda1" "lambda2" "lambda3" "diffBeta1" "diffBeta3" "diffLambda1" "diffLambda3" "pi1" "pi2" "pi3" "init_beta1" "init_beta2" "init_beta3" "init_pi1" "init_pi2" "init_pi3" "tempering" "Qlike" "Q1" "Q2" "Q3" "bpBase"
"SerumReversal" 0.483973597991224 1.00696665374108 0.0815854731386994 0.00274247720150293 0.00261843123248798 -0.0128343073603787 -14.3540936067579 5.68017854973846e-14 4.46531700504238e-13 0.373297795840424 0.314013567384628 0.312688636774949 0.5 1 2 0.333333333333333 0.333333333333333 0.333333333333333 0.6 -697.196762321658 -211.564611961805 -162.290299908969 -161.269568094826 10
"SerumReversal" 0.483965728308448 1.0000069174753 0.0816099011658684 0.00272986686333951 0.0027297412821913 -1.26997848326482e-05 -14.2975616886478 -6.78623823802127e-15 5.50004486399303e-13 0.373709072897336 0.313146130560746 0.313144796541918 0.5 1 2 0.333333333333333 0.333333333333333 0.333333333333333 0.604040404030303 -697.053452005967 -211.8126233226 -161.590036598526 -161.589011197316 10110.9090909091
"SerumReversal" 0.483956800809716 1.00000349908761 0.0817963691225201 0.00272211077376893 0.002722047375589 -6.35658582837095e-06 -14.1396866557155 2.66037192275803e-14 4.11448652926083e-13 0.374925443775505 0.312537621071155 0.31253693515334 0.5 1 2 0.333333333333333 0.333333333333333 0.333333333333333 0.608080808060606 -696.843584741869 -212.573641463594 -161.120492648738 -161.119967140885 20211.8181818182
"SerumReversal" 0.483956952131283 1.00000235957864 0.0819761856055343 0.00271431471362574 0.00271427204757731 -4.23838756091754e-06 -13.9810743002356 1.58068003131007e-14 -3.71258579434652e-13 0.376168748700035 0.311915859668221 0.311915391631744 0.5 1 2 0.333333333333333 0.333333333333333 0.333333333333333 0.612121212090909 -696.63154964463 -213.349862816251 -160.643269716401 -160.642911803718 30312.7272727273
"SerumReversal" 0.483966198309897 1.00000179022941 0.0821491443411437 0.0027064772503484 0.0027064449456571 -3.17722049203439e-06 -13.8217610133172 -3.66373598126302e-15 -8.90398865749376e-13 0.377439317339922 0.311280521465218 0.31128016119486 0.5 1 2 0.333333333333333 0.333333333333333 0.333333333333333 0.616161616121212 -696.417327335528 -214.141454223043 -160.158186507347 -160.157911774861 40413.6363636364
"SerumReversal" 0.483984551031895 1.00000144902905 0.0823150721003762 0.00269859791691541 0.00269857182378616 -2.53898949154063e-06 -13.6617642460853 -3.26544347117874e-14 -7.66942065411058e-13 0.378737646449982 0.310631324684107 0.310631028865911 0.5 1 2 0.333333333333333 0.333333333333333 0.333333333333333 0.620202020151515 -696.200884320106 -214.948687666734 -159.665104129042 -159.66487918461 50514.5454545454
"SerumReversal" 0.484012019840296 1.00000122191891 0.0824738007526467 0.00269067640794783 0.00269065445126056 -2.11226014812382e-06 -13.5010986379071 -4.64905891561784e-15 -3.07309733216243e-13 0.380064272408457 0.309967990310661 0.309967737280882 0.5 1 2 0.333333333333333 0.333333333333333 0.333333333333333 0.624242424181818 -695.982183226125 -215.77185864071 -159.163889208553 -159.163697352359 60615.4545454545
"SerumReversal" 0.48404861281737 1.00000106006868 0.082625162951446 0.00268271246216868 0.00268269345502476 -1.80640086000494e-06 -13.3397783018384 5.45397060847108e-15 -1.27897692436818e-13 0.3814197560786 0.30929023327927 0.30929001064213 0.5 1 2 0.333333333333333 0.333333333333333 0.333333333333333 0.628282828212121 -695.761184061419 -216.611276117084 -158.654407032973 -158.654238710939 70716.3636363636
"SerumReversal" 0.484094336563074 1.00000093896415 0.0827689913691196 0.00267470583455158 0.00267468903594678 -1.57609031248285e-06 -13.1778174592597 -4.35901315043452e-14 1.72040159895914e-12 0.382804677669353 0.308597761158333 0.308597561172314 0.5 1 2 0.333333333333333 0.333333333333333 0.333333333333333 0.632323232242424 -695.537844491525 -217.467259247172 -158.136520356625 -158.136369603001 80817.2727272727
"SerumReversal" 0.484149196114676 1.0000008450732 0.0829051186350203 0.00266665628802776 0.00266664120312112 -1.39614795102716e-06 -13.0152306811121 1.88321580552042e-14 1.0893508317622e-12 0.384219634617813 0.307890273945699 0.307890091436488 0.5 1 2 0.333333333333333 0.333333333333333 0.333333333333333 0.636363636272727 -695.312119863231 -218.340135997824 -157.610089173309 -157.609952001964 90918.1818181818
"SerumReversal" 0.48421319539719 1.00000077025784 0.0830333768274096 0.00265856358642058 0.00265854986841141 -1.25146459595271e-06 -12.8520328697454 5.30131494258512e-15 4.75175454539567e-14 0.385665244589309 0.307167462036681 0.307167293374009 0.5 1 2 0.333333333333333 0.333333333333333 0.333333333333333 0.64040404030303 -695.083962987208 -219.230244664425 -157.074969578024 -157.074843193466 101019.090909091
"SerumReversal" 0.484286337104604 1.00000070926316 0.0831535977148363 0.00265042749400962 0.00265041489166327 -1.13242481347697e-06 -12.6882393556347 2.81163980986321e-14 -1.50457424297201e-12 0.387142144389026 0.30642900652911 0.306428849081864 0.5 1 2 0.333333333333333 0.333333333333333 0.333333333333333 0.644444444333333 -694.853324050374 -220.137933173378 -156.531013965165 -156.530896342059 111120
"SerumReversal" 0.484368622938645 1.00000065869569 0.0832656126151357 0.00264224777332828 0.00264223609716692 -1.03261811545963e-06 -12.523865874477 5.38458166943201e-15 3.59268170768701e-13 0.388650991857774 0.305674578181584 0.305674429960642 0.5 1 2 0.333333333333333 0.333333333333333 0.333333333333333 0.648484848363636 -694.620150394696 -221.063560028462 -155.978070503015 -155.977960111433 121220.909090909
"SerumReversal" 0.484460053456333 1.00000061616153 0.0833692527452198 0.00263402418626526 0.00263401329036522 -9.47606508816534e-07 -12.358928652947 -8.47655279301307e-14 4.30766533554561e-14 0.390192464638337 0.304903837945763 0.3049036974159 0.5 1 2 0.333333333333333 0.333333333333333 0.333333333333333 0.652525252393939 -694.384386409288 -222.007493540252 -155.415983483492 -155.415879143642 131321.818181818
"SerumReversal" 0.48456062860299 1.00000057991637 0.0834643487555688 0.00262575649006404 0.00262574626022083 -8.74219949764665e-07 -12.193444301227 -4.01206845523916e-14 4.07673894642357e-13 0.391767264446483 0.30411643479773 0.304116300755787 0.5 1 2 0.333333333333333 0.333333333333333 0.333333333333333 0.656565656424242 -694.145973186912 -222.970114068014 -154.844592190625 -154.844492978667 141422.727272727
"SerumReversal" 0.484670347676326 1.00000054872138 0.0835507309718217 0.00261744443805443 0.00261743478261154 -8.10133542472613e-07 -12.0274298616772 -4.10921296989386e-14 1.06581410364015e-14 0.39337611681976 0.303312005851548 0.303311877328692 0.5 1 2 0.333333333333333 0.333333333333333 0.333333333333333 0.660606060454545 -693.904848344233 -223.951813782389 -154.2637310363 -154.263636209294 151523.636363636
"SerumReversal" 0.484789209273465 1.00000052164691 0.0836282296794149 0.00260908778058688 0.0026090786248121 -7.53603842440498e-07 -11.8609028650439 -8.02136135291676e-14 -1.06581410364015e-13 0.395019770652179 0.302490176572389 0.302490052775432 0.5 1 2 0.333333333333333 0.333333333333333 0.333333333333333 0.664646464484848 -693.660945841769 -224.952996303744 -153.673229752452 -153.673138703129 161624.545454545
"SerumReversal" 0.484917211924147 1.00000049797993 0.0836966745627264 0.00260068626051685 0.00260067754266118 -7.03297445170392e-07 -11.6938812033097 1.99562588676372e-14 5.74651437545981e-13 0.396699003253693 0.301650558237949 0.301650438508358 0.5 1 2 0.333333333333333 0.333333333333333 0.333333333333333 0.668686868515151 -693.414195556226 -225.974079357776 -153.072912074393 -153.072824299532 171725.454545455
"SerumReversal" 0.485054353789754 1.0000004771358 0.0837558953290784 0.00259223961634861 0.00259223128528907 -6.58177384593728e-07 -11.5263832581181 2.6256774532385e-14 7.59836638053457e-13 0.398414617829951 0.30079274918946 0.30079263298059 0.5 1 2 0.333333333333333 0.333333333333333 0.333333333333333 0.672727272545455 -693.164523152538 -227.015493275612 -152.462596515105 -152.4625115977 181826.363636364
"SerumReversal" 0.485200633271573 1.00000045871676 0.0838057212051742 0.00258374757813299 0.00258373959002236 -6.17424802840105e-07 -11.3584277861488 6.43929354282591e-14 4.9293902293357e-14 0.400167448308989 0.2999163324265 0.299916219264512 0.5 1 2 0.333333333333333 0.333333333333333 0.333333333333333 0.676767676575758 -692.911849625835 -228.077683507516 -151.842095135053 -151.842012714842 191927.272727273
"SerumReversal" 0.485356049080169 1.00000044234257 0.0838459811214986 0.00257520986768151 0.00257520218557984 -5.80384863724248e-07 -11.1900339575857 -1.20320420293751e-14 1.22568621918617e-12 0.40195835974082 0.299020875387473 0.299020764871707 0.5 1 2 0.333333333333333 0.333333333333333 0.333333333333333 0.680808080606061 -692.656091011872 -229.161110702343 -151.211213517866 -151.211133290951 202028.181818182
"SerumReversal" 0.485520600282514 1.00000042772946 0.0838765039559718 0.00256662619923491 0.00256661879137529 -5.46527331835023e-07 -11.0212213993802 2.72004641033163e-15 6.3904437297424e-13 0.40378824847142 0.2981059298727 0.298105821655879 0.5 1 2 0.333333333333333 0.333333333333333 0.333333333333333 0.684848484636364 -692.397158087677 -230.26625065742 -150.56975083093 -150.56967253479 212129.090909091
"SerumReversal" 0.485694286916629 1.00000041464296 0.0838971180563186 0.0025579962754354 0.00255798911432549 -5.15418122404299e-07 -10.8520100959676 -3.54716256367738e-14 -5.27133892092024e-13 0.405658046938574 0.297171029641205 0.297170923420221 0.5 1 2 0.333333333333333 0.333333333333333 0.333333333333333 0.688888888666667 -692.134955843301 -231.393596784398 -149.917498616544 -149.917422022912 222230
"SerumReversal" 0.485877110114879 1.0000004029249 0.083907651414615 0.00254931978749112 0.00254931284855965 -4.86698979784705e-07 -10.6824204240509 -3.26544347117874e-14 -4.59188242984965e-13 0.407568724403335 0.296215690048851 0.296215585547814 0.5 1 2 0.333333333333333 0.333333333333333 0.333333333333333 0.69292929269697 -691.86938310531 -232.543660341413 -149.254240710866 -149.254165613149 232330.909090909
"SerumReversal" 0.486069072197332 1.0000003923825 0.0839079319054567 0.00254059641563244 0.00254058967779794 -4.60070992858164e-07 -10.5124732014063 -1.58345558887163e-14 4.03677091753707e-13 0.409521287336548 0.2952394078411 0.295239304822352 0.5 1 2 0.333333333333333 0.333333333333333 0.333333333333333 0.696969696727273 -691.600332155322 -233.71697046355 -148.579753251354 -148.579679472273 242431.818181818
"SerumReversal" 0.486270177438398 1.00000038289978 0.0838977866611918 0.00253182582417801 0.00253181926850057 -4.35283254773822e-07 -10.3421895637209 1.93178806284777e-14 1.29229960066368e-13 0.41151678541013 0.294241658171913 0.294241556417957 0.5 1 2 0.333333333333333 0.333333333333333 0.333333333333333 0.701010100757576 -691.32768805291 -234.914077246688 -147.893803179981 -147.893730558331 252532.727272727
"SerumReversal" 0.486480431934196 1.00000037432283 0.0838770426516179 0.00252300766410528 0.00252300127441443 -4.12123284831978e-07 -10.1715910839471 1.89015469942433e-14 -5.30242516560975e-13 0.413556309899628 0.293221895387612 0.29322179471276 0.5 1 2 0.333333333333333 0.333333333333333 0.333333333333333 0.705050504787879 -691.051328283325 -236.135550666093 -147.196148809326 -147.196077208068 262633.636363636
"SerumReversal" 0.48669984438285 1.00000036663157 0.0838455260846238 0.00251414156826461 0.00251413532885426 -3.90409923056723e-07 -10.0006996586269 4.29656310529936e-14 -6.20392626160537e-13 0.415640999718201 0.292179550032984 0.292179450248815 0.5 1 2 0.333333333333333 0.333333333333333 0.333333333333333 0.709090908818182 -690.77112200405 -237.381983654085 -146.486538339809 -146.486467621303 272734.545454545
"SerumReversal" 0.486928426337145 1.00000035970539 0.083803062520515 0.00250522715089508 0.00250522104822869 -3.69987986914566e-07 -9.8295375441671 7.5994766035592e-14 -1.16129328375791e-12 0.417772042943686 0.29111402805653 0.291113928999784 0.5 1 2 0.333333333333333 0.333333333333333 0.333333333333333 0.713131312848485 -690.486929469092 -238.653992692309 -145.764709584258 -145.764639630003 282835.454545455
"SerumReversal" 0.487166192423341 1.00000035345553 0.0837494770764224 0.00249626400783727 0.00249625802998678 -3.50723581732382e-07 -9.65812740168893 -4.1813774664945e-14 6.49258424800792e-13 0.419950677998217 0.290024710238262 0.290024611763521 0.5 1 2 0.333333333333333 0.333333333333333 0.333333333333333 0.717171716878788 -690.198601429062 -239.952218201875 -145.030389825947 -145.030320531186 292936.363636364
"SerumReversal" 0.487413161259707 1.00000034785582 0.0836845937096595 0.00248725171088437 0.0024872458464587 -3.32500462718599e-07 -9.48649217672917 6.68076705068188e-14 2.8288482667449e-13 0.42217820073983 0.288910948648537 0.288910850611634 0.5 1 2 0.333333333333333 0.333333333333333 0.333333333333333 0.721212120909091 -689.905978185845 -241.277328139978 -144.28329407616 -144.283225338093 303037.272727273
"SerumReversal" 0.487669355453465 1.00000034284525 0.083608235778675 0.00247818981006736 0.00247818404879546 -3.15217306479099e-07 -9.31465522046008 3.58879592710082e-14 -1.7874590696465e-12 0.424455963609493 0.28777206706108 0.287771969329427 0.5 1 2 0.333333333333333 0.333333333333333 0.333333333333333 0.725252524939394 -689.608888999366 -242.630017236026 -143.523125491262 -143.523057216244 313138.181818182
"SerumReversal" 0.487934802628705 1.00000033838055 0.0835202252406218 0.00246907782742809 0.00246907215985031 -2.98785352015329e-07 -9.14264016187481 -5.07927033766009e-14 7.88702436693711e-13 0.42678538357373 0.286607356989055 0.286607259437215 0.5 1 2 0.333333333333333 0.333333333333333 0.333333333333333 0.729292928969697 -689.307150983202 -244.011011006399 -142.749573432402 -142.749505532776 323239.090909091
"SerumReversal" 0.488209535519544 1.00000033442456 0.0834203831612893 0.00245991525894891 0.00245990967630826 -2.83126468048067e-07 -8.97047102206608 -2.27873275804313e-14 -3.46389583683049e-13 0.429167941946085 0.285416077772682 0.285415980281233 0.5 1 2 0.333333333333333 0.333333333333333 0.333333333333333 0.733333333 -689.000568362053 -245.421065311679 -141.962313735759 -141.962246128986 333340
"SerumReversal" 0.488493593064595 1.00000033094538 0.0833085288935487 0.00245070156812411 0.00245069606227245 -2.68171703510234e-07 -8.79817209444317 2.02615701994091e-15 2.00284233642378e-13 0.431605192808243 0.284197452368688 0.284197354823068 0.5 1 2 0.333333333333333 0.333333333333333 0.333333333333333 0.737373737030303 -688.68893120307 -246.86097057578 -141.161006675731 -141.160939283556 343440.909090909
"SerumReversal" 0.488787020597904 1.0000003279181 0.0831844805431532 0.00244143618753842 0.00244143075081505 -2.53859582244331e-07 -8.6257680563746 2.37310171513627e-14 -1.36157751740029e-12 0.434098763511223 0.282950667099926 0.282950569388851 0.5 1 2 0.333333333333333 0.333333333333333 0.333333333333333 0.741414141060606 -688.372014498606 -248.331551656359 -140.345297087302 -140.345229834613 353541.818181818
"SerumReversal" 0.489089871032965 1.00000032531687 0.0830480541123712 0.00243211851214846 0.00243211313739207 -2.40135449303125e-07 -8.45328385499475 -1.16018306073329e-14 -1.23012711128467e-13 0.436650363769954 0.281674867107027 0.281674769123019 0.5 1 2 0.333333333333333 0.333333333333333 0.333333333333333 0.745454545090909 -688.049576692603 -249.833672363902 -139.514812191075 -139.514745006257 363642.727272727
"SerumReversal" 0.489402205156583 1.0000003231219 0.0828990639285841 0.00242274790054127 0.00242274258098636 -2.26950476189813e-07 -8.28074481925191 9.71445146547012e-16 -1.18260956583072e-12 0.439261786883143 0.280369155739425 0.280369057377432 0.5 1 2 0.333333333333333 0.333333333333333 0.333333333333333 0.749494949121212 -687.721358554252 -251.368235654292 -138.66916156435 -138.669094378293 373743.636363636
"SerumReversal" 0.489724092927955 1.00000032131669 0.0827373217360885 0.0024133236678098 0.00241331839702916 -2.14260523989651e-07 -8.10817654975838 6.94166946146879e-14 2.88657986402541e-14 0.441934919716705 0.279032589563375 0.279032490719921 0.5 1 2 0.333333333333333 0.333333333333333 0.333333333333333 0.753535353151515 -687.387081449912 -252.936188551289 -137.80793477995 -137.807867525475 383844.545454545
"SerumReversal" 0.490055613883559 1.00000031988509 0.0825626370939723 0.0024038450865127 0.00240383985840986 -2.02025972839692e-07 -7.93560503447604 8.52096171399808e-15 7.53619389115556e-13 0.444671744704525 0.277664177361014 0.277664077934461 0.5 1 2 0.333333333333333 0.333333333333333 0.333333333333333 0.757575757181818 -687.04644596395 -254.538522679876 -136.930701217367 -136.930633829374 393945.454545455
"SerumReversal" 0.490396858580925 1.00000031882063 0.0823748163973568 0.00239431137901055 0.00239430618766015 -1.90210954542636e-07 -7.76305654135484 -3.68594044175552e-14 -6.67021993194794e-13 0.447474350972408 0.276262874569979 0.276262774457613 0.5 1 2 0.333333333333333 0.333333333333333 0.333333333333333 0.761616161212121 -686.699129854171 -256.17627971162 -136.037007459427 -136.036939872945 404046.363636364
"SerumReversal" 0.490747929126214 1.00000031811344 0.0821736632513409 0.00238472171815219 0.00238471655785461 -1.78782784132636e-07 -7.59055774082714 -7.31359417471822e-14 -5.88862292261183e-13 0.450344937211362 0.274827581844631 0.274827480944007 0.5 1 2 0.333333333333333 0.333333333333333 0.333333333333333 0.765656565242424 -686.344786363484 -257.850552269867 -135.126376930449 -135.126309081533 414147.272727273
"SerumReversal" 0.491108940797808 1.00000031775751 0.0819589774001143 0.00237507521890581 0.0023750700841244 -1.67711675658211e-07 -7.41813560046511 7.01938507319255e-14 -5.71098723867181e-13 0.45328582424172 0.273357138775267 0.273357036983013 0.5 1 2 0.333333333333333 0.333333333333333 0.333333333333333 0.769696969272727 -685.983041780642 -259.562490038601 -134.198306982972 -134.198238807939 424248.181818182
"SerumReversal" 0.491480022780107 1.00000031774906 0.0817305549902911 0.00236537093821777 0.00236536582354308 -1.56970429543435e-07 -7.24581750282168 1.99007477164059e-14 8.90398865749376e-13 0.456299459497172 0.271850321645734 0.271850218857094 0.5 1 2 0.333333333333333 0.333333333333333 0.333333333333333 0.77373737330303 -685.613493329375 -261.313301416433 -133.252268182763 -133.252199617887 434349.090909091
"SerumReversal" 0.491861319672027 1.00000031808647 0.0814881878541666 0.00235560786868662 0.00235560276880234 -1.46533892575462e-07 -7.07363121439704 1.33060229501325e-13 6.83897383169096e-13 0.459388428338955 0.270305837776387 0.270305733884658 0.5 1 2 0.333333333333333 0.333333333333333 0.333333333333333 0.777777777333333 -685.235706436276 -263.104258803961 -132.287701816425 -132.287632797583 444450
"SerumReversal" 0.492252993063599 1.00000031877023 0.0812316628114806 0.00234578493225256 0.00234577984190291 -1.36378901061107e-07 -6.90160487014919 1.54876111935209e-14 6.75015598972095e-13 0.462555465893236 0.268722319605484 0.26872221450128 0.5 1 2 0.333333333333333 0.333333333333333 0.333333333333333 0.781818181363636 -684.849211732988 -264.936704087505 -131.304017315154 -131.303947777403 454550.909090909
"SerumReversal" 0.492655222674284 1.00000031980296 0.0809607617063735 0.00233590097837113 0.00233589589232895 -1.26484167140006e-07 -6.72976708098163 3.7025937871249e-14 -4.60520510614515e-13 0.46580346476823 0.267098320830482 0.267098214401287 0.5 1 2 0.333333333333333 0.333333333333333 0.333333333333333 0.785858585393939 -684.453502093294 -266.812051800282 -130.300590826454 -130.300520703748 464651.818181818
"SerumReversal" 0.493068208200137 1.00000032119103 0.0806752605937013 0.00232595477676714 0.0023259496897772 -1.16829539820174e-07 -6.55814692085309 6.63635812969687e-14 -1.88737914186277e-12 0.469135489047291 0.265432309411847 0.265432201540862 0.5 1 2 0.333333333333333 0.333333333333333 0.333333333333333 0.789898989424242 -684.048028978184 -268.731795580247 -129.276762181624 -129.276691406105 474752.727272727
"SerumReversal" 0.493492171291906 1.00000032293687 0.0803749288995105 0.00231594500988199 0.0023159399167259 -1.07396459725351e-07 -6.38677392560062 -4.55746551608627e-14 1.10622622173651e-12 0.472554789343746 0.263722660044453 0.263722550611801 0.5 1 2 0.333333333333333 0.333333333333333 0.333333333333333 0.793939393454545 -683.632198383078 -270.697515082274 -128.231831655318 -128.231760158192 484853.636363636
"SerumReversal" 0.493927357115804 1.00000032505243 0.0800595293296926 0.00230587026987107 0.00230586516522068 -9.81673906608194e-08 -6.21567821560976 9.57567358739198e-15 -1.16617826506626e-12 0.476064813856621 0.261967648631789 0.26196753751159 0.5 1 2 0.333333333333333 0.333333333333333 0.333333333333333 0.797979797484848 -683.205366724022 -272.710880603356 -127.165057857635 -127.164985567292 494954.545454545
"SerumReversal" 0.494374036745976 1.00000032754944 0.0797288168153382 0.00229572904939939 0.00229572392782564 -8.91257627699815e-08 -6.04489049061998 -1.27953203588049e-13 4.12114786740858e-13 0.479669226839973 0.260165443049796 0.260165330110232 0.5 1 2 0.333333333333333 0.333333333333333 0.333333333333333 0.802020201515152 -682.766835801326 -274.773661568177 -126.075653752658 -126.075580594802 505055.454545455
"SerumReversal" 0.494832509419429 1.0000003304422 0.079382537862307 0.00228551973478806 0.00228551459072563 -8.02560862211976e-08 -5.87444210148202 -6.95277169171504e-14 -1.72750702631674e-13 0.48337192561376 0.258314094641873 0.258313979744367 0.5 1 2 0.333333333333333 0.333333333333333 0.333333333333333 0.806060605545455 -682.315847413034 -276.887734063853 -124.962783159984 -124.962709057188 515156.363636364
"SerumReversal" 0.495303105015285 1.00000033375013 0.0790204298267641 0.00227524059849686 0.00227523542617143 -7.15430701347941e-08 -5.70436512864391 -7.86037901434611e-14 5.00044450291171e-13 0.487177059398508 0.256411528801941 0.256411411799551 0.5 1 2 0.333333333333333 0.333333333333333 0.333333333333333 0.810101009575758 -681.851577327709 -279.055089177976 -123.825556881674 -123.825481752426 525257.272727273
"SerumReversal" 0.495786187097784 1.00000033749159 0.0786422196876634 0.00226488978819373 0.00226488458164584 -6.29726741863124e-08 -5.53469241078616 -3.52495810318487e-15 -1.46549439250521e-12 0.491089053096831 0.254455533082797 0.254455413820371 0.5 1 2 0.333333333333333 0.333333333333333 0.333333333333333 0.814141413606061 -681.373128288368 -281.277843791986 -122.663027653568 -122.662951412534 535358.181818182
"SerumReversal" 0.496282155593772 1.00000034168977 0.0782476236107866 0.00225446532057435 0.00225446007359282 -5.45309717381315e-08 -5.3654577062722 -2.95319324550292e-14 5.51558798633778e-13 0.495112627412364 0.252443747137386 0.25244362545025 0.5 1 2 0.333333333333333 0.333333333333333 0.333333333333333 0.818181817636364 -680.879522645714 -283.558249176704 -121.474186187642 -121.474108744897 545459.090909091
"SerumReversal" 0.496791450425923 1.00000034637195 0.0778363455483383 0.00224396506879319 0.0022439597748621 -4.6204661430238e-08 -5.19669574482808 3.65263375101677e-14 -5.32907051820075e-15 0.499252827482376 0.250373648402545 0.250373524115079 0.5 1 2 0.333333333333333 0.333333333333333 0.333333333333333 0.822222221666667 -680.369693556108 -285.898703902133 -120.257955139436 -120.25787639971 555560
"SerumReversal" 0.497314555169177 1.00000035156963 0.0774080761860952 0.00223338675175857 0.0022333814040038 -3.79806976980035e-08 -5.02844235625564 8.14903700074865e-14 -6.97442104069523e-13 0.503515051381956 0.248242537846889 0.248242410771155 0.5 1 2 0.333333333333333 0.333333333333333 0.333333333333333 0.82626262569697 -679.842475307384 -288.301766379432 -119.013183281328 -119.013103143294 565660.909090909
"SerumReversal" 0.497852001143303 1.0000003573201 0.0769624917063137 0.00222272792181956 0.00222272251293358 -2.37574226957804e-08 -4.86073460342746 5.00710584105946e-14 1.00408570347099e-12 0.507905082482954 0.246047523791605 0.246047393725441 0.5 1 2 0.333333333333333 0.333333333333333 0.333333333333333 0.830303029727273 -679.296592319101 -290.770169134071 -117.738638863777 -117.738557219024 575761.818181818
"SerumReversal" 0.498404372113553 1.00000036366183 0.0764992523560458 0.00221198595125049 0.00221198047348908 -2.51106939685997e-08 -4.69361093426109 -6.52256026967279e-15 6.82565115539546e-13 0.512429125653628 0.243785503809783 0.24378537053659 0.5 1 2 0.333333333333333 0.333333333333333 0.333333333333333 0.834343433757576 -678.730646654112 -293.306834751027 -116.433002198324 -116.432918931424 585862.727272727
"SerumReversal" 0.498972309055304 1.00000037064594 0.0760180010954653 0.00220115801750092 0.00220115246250904 -1.46980028148391e-08 -4.52711135658404 6.9111383282916e-15 3.09530179265494e-13 0.517093847331046 0.241453144692257 0.241453007976697 0.5 1 2 0.333333333333333 0.333333333333333 0.333333333333333 0.838383837787879 -678.143103835658 -295.914893456462 -115.094857479945 -115.094772465977 595963.636363636
"SerumReversal" 0.499556516239813 1.0000003783506 0.0755183616901701 0.00219024108626253 0.00219023544469071 -5.92768856222392e-09 -4.36127762547939 5.19584375524573e-14 2.80442336020315e-13 0.521906421629775 0.239046859396066 0.239046718974158 0.5 1 2 0.333333333333333 0.333333333333333 0.333333333333333 0.842424241818182 -677.532276562835 -298.597703416488 -113.722683340085 -113.722596438799 606064.545454545
"SerumReversal" 0.500157767046852 1.00000038677682 0.0749999373609133 0.00217923189581428 0.0021792261584921 2.04857997232466e-09 -4.19615351859011 9.39248678832882e-14 5.55333556917503e-13 0.526874578240496 0.236562783075361 0.236562638684144 0.5 1 2 0.333333333333333 0.333333333333333 0.333333333333333 0.846464645848485 -676.896306437472 -301.358871423614 -112.314843234629 -112.314754309019 616165.454545454
"SerumReversal" 0.500776911514586 1.00000039604627 0.0744623082343581 0.00216812693381571 0.00216812108997672 1.00333750197024e-08 -4.03178502970211 8.17401701880272e-14 4.91162666094169e-13 0.532006663395339 0.233996742635888 0.233996593968774 0.5 1 2 0.333333333333333 0.333333333333333 0.333333333333333 0.850505049878788 -676.233142307344 -304.202279876822 -110.869572875008 -110.869481764058 626266.363636364
"SerumReversal" 0.501414884085166 1.00000040624896 0.0739050293978882 0.00215692241692653 0.00215691645471774 1.89820070772839e-08 -3.86822070598815 -5.64270852265736e-14 3.5615954629975e-13 0.537311702368703 0.231344225456141 0.231344072175156 0.5 1 2 0.333333333333333 0.333333333333333 0.333333333333333 0.854545453909091 -675.540515933027 -307.132113807731 -109.3849676519 -109.384874178646 636367.272727273
"SerumReversal" 0.502072712346538 1.00000041744238 0.0733276287171375 0.00214561426806448 0.002145608175056 3.11327994495514e-08 -3.70551202537236 1.04360964314765e-14 1.13575815419154e-12 0.542799470376911 0.228600343936619 0.228600185686469 0.5 1 2 0.333333333333333 0.333333333333333 0.333333333333333 0.858585857939394 -674.81591387467 -310.152891495394 -107.858968399373 -107.858872379776 646468.181818182
"SerumReversal" 0.502751527704663 1.00000042979411 0.0727296035101448 0.0021341980853499 0.00213419184696402 3.35269874085498e-08 -3.54371372477949 -8.45989944764369e-14 3.99680288865056e-14 0.548480579811859 0.225759791910699 0.225759628277442 0.5 1 2 0.333333333333333 0.333333333333333 0.333333333333333 0.862626261969697 -674.056544166506 -313.269502701122 -106.289343571165 -106.289244789588 656569.090909091
"SerumReversal" 0.503452576142126 1.0000004434064 0.072110418279142 0.00212266911608439 0.00212266271660153 4.14319742958469e-08 -3.38288434443501 -1.57651669496772e-14 -3.12638803734444e-13 0.554366569130951 0.222816800165283 0.222816630703766 0.5 1 2 0.333333333333333 0.333333333333333 0.333333333333333 0.866666666 -673.259298628926 -316.487246591997 -104.67367159985 -104.673569826188 666670
"SerumReversal" 0.504177232024035 1.00000045844357 0.0714695006047596 0.00211102221834342 0.00211101564005645 4.93797642775462e-08 -3.22308668543351 -9.73665592596262e-14 9.05941988094128e-14 0.560470015672279 0.219765080058255 0.219764904269466 0.5 1 2 0.333333333333333 0.333333333333333 0.333333333333333 0.870707070030303 -672.420707583484 -319.81188089423 -103.009317972975 -103.009212949767 676770.909090909
"SerumReversal" 0.504927012408894 1.00000047508788 0.0708062380267638 0.00209925182667508 0.00209924504970006 5.73850229557138e-08 -3.06438850124702 -4.74620343027254e-14 -2.52686760404686e-13 0.566804654187802 0.216597764242172 0.216597581570026 0.5 1 2 0.333333333333333 0.333333333333333 0.333333333333333 0.874747474060606 -671.536887887594 -323.249672429352 -101.293411711051 -101.293303152232 686871.818181818
"SerumReversal" 0.505703594428942 1.00000049359867 0.0701199734975493 0.00208735190688319 0.00208734490814291 6.54624159324158e-08 -2.90686318526718 3.4555691641458e-14 -2.99982261253717e-13 0.573385521109311 0.213307334542821 0.213307144347868 0.5 1 2 0.333333333333333 0.333333333333333 0.333333333333333 0.878787878090909 -670.603480758981 -326.807459256678 -99.5228163857935 -99.5227039620305 696972.727272727
"SerumReversal" 0.506508834839875 1.00000051417449 0.06941000075653 0.00207531590806895 0.0020753086622557 7.36262109057861e-08 -2.7505906330135 1.80966353013901e-14 -6.48370246381091e-13 0.58022911720932 0.209885540601581 0.2098853421891 0.5 1 2 0.333333333333333 0.333333333333333 0.333333333333333 0.882828282121212 -669.615578552072 -330.492720185426 -97.6940976944275 -97.6939810508529 707073.636363636
"SerumReversal" 0.507344792673166 1.00000053719385 0.0686755590249574 0.00206313670780088 0.00206312918494549 8.18892544884875e-08 -2.59565823790393 -1.02667874202211e-13 -2.30038210702332e-13 0.587353596821629 0.20632330531074 0.206323097867631 0.5 1 2 0.333333333333333 0.333333333333333 0.333333333333333 0.886868686151515 -668.567637474185 -334.313655499435 -95.8034858250149 -95.8033645452014 717174.545454545
"SerumReversal" 0.508213755538998 1.00000056303346 0.0679158269461812 0.00205080654925109 0.00205079871490551 9.02617784959148e-08 -2.44216206258263 6.07014438713804e-14 -5.13145081981747e-13 0.594778988387018 0.202610614505031 0.202610397107951 0.5 1 2 0.333333333333333 0.333333333333333 0.333333333333333 0.890909090181818 -667.453373043067 -338.279280815072 -93.8468316292255 -93.8467052417376 727275.454545454
"SerumReversal" 0.509118269838141 1.00000059217363 0.0671299161411373 0.00203831697258157 0.00203830878655172 9.8749467269954e-08 -2.29020826339207 -2.55351295663786e-14 -8.32667268468867e-14 0.602527448376813 0.198736390017403 0.198736161605784 0.5 1 2 0.333333333333333 0.333333333333333 0.333333333333333 0.894949494212121 -666.26563472383 -342.399534496927 -91.8195564931229 -91.8194244573594 737376.363636364
"SerumReversal" 0.510061176896335 1.00000062519733 0.0663168630140063 0.00202565873045571 0.00202565014560125 1.07350729194877e-07 -2.13991469305651 1.51767487466259e-13 -3.06199510191618e-13 0.610623566683263 0.194688336984218 0.194688096332519 0.5 1 2 0.333333333333333 0.333333333333333 0.333333333333333 0.898989898242424 -664.996253066345 -346.685407170314 -89.7165918138036 -89.7164535064798 747477.272727273
"SerumReversal" 0.511045654210357 1.00000066284505 0.0654756206275887 0.00201282169965775 0.00201281266000384 1.16052206067252e-07 -1.99141293657166 -1.00031094518727e-13 8.19344592173366e-14 0.619094715698522 0.190452769311139 0.190452514990339 0.5 1 2 0.333333333333333 0.333333333333333 0.333333333333333 0.903030302272727 -663.635854861831 -351.149088298979 -87.5323105232093 -87.5321652186385 757578.181818182
"SerumReversal" 0.512075264912867 1.00000070609001 0.0646050485644469 0.00199979477355336 0.00199978521147069 1.24822634006705e-07 -1.84485066084533 1.13242748511766e-13 -7.11652958784725e-13 0.627971471076736 0.186014399304184 0.18601412961908 0.5 1 2 0.333333333333333 0.333333333333333 0.333333333333333 0.90707070630303 -662.173635222048 -355.804143021231 -85.2604443940632 -85.2602912317822 767679.090909091
"SerumReversal" 0.513154015902804 1.00000075612352 0.0637039017937521 0.00198656574148922 0.00198655557520164 1.33602725327364e-07 -1.70039449415792 -4.05786515500495e-14 2.20712337295481e-13 0.637288107843505 0.181356089607019 0.181355802549476 0.5 1 2 0.333333333333333 0.333333333333333 0.333333333333333 0.911111110333333 -660.597076387584 -360.665719521062 -82.8939870189618 -82.893824981625 777780
"SerumReversal" 0.514286426592929 1.00000081453024 0.0627708183145793 0.0019731211525917 0.00197311028147622 1.42292208238359e-07 -1.5582335449562 -1.74027459109993e-13 2.8466118351389e-13 0.64708318931285 0.176458558766057 0.176458251921093 0.5 1 2 0.333333333333333 0.333333333333333 0.333333333333333 0.915151514363636 -658.891597956658 -365.750793940399 -80.4250791850533 -80.4249070504188 787880.909090909
"SerumReversal" 0.515477611411491 1.00000088340103 0.0618043046906244 0.00195944615630685 0.00195943445492688 1.5072942005645e-07 -1.41858365548759 1.11299858218672e-14 -1.27009514017118e-13 0.657400277030388 0.17130002627081 0.171299696698802 0.5 1 2 0.333333333333333 0.333333333333333 0.333333333333333 0.919191918393939 -657.040116873266 -371.078464739195 -77.8448709926184 -77.8446872746371 797981.818181818
"SerumReversal" 0.516733377627822 1.00000096553763 0.0608027206179631 0.00194552432653774 0.00194551163628852 1.58660611759842e-07 -1.28169270550532 4.82947015711943e-14 -1.4077627952247e-13 0.66828877602289 0.1658557899454 0.16585543403171 0.5 1 2 0.333333333333333 0.333333333333333 0.333333333333333 0.923232322424242 -655.022491282549 -376.670300633974 -75.143358795829 -75.1431616692148 808082.727272727
"SerumReversal" 0.518060343554552 1.00000106479983 0.0597642610693132 0.00193133745715404 0.00193132357381262 1.81490804607165e-07 -1.14784710752386 -1.32949207198862e-14 -5.97744076458184e-13 0.679804961823971 0.160097712479382 0.160097325696646 0.5 1 2 0.333333333333333 0.333333333333333 0.333333333333333 0.927272726454546 -652.814807793682 -382.550761685543 -72.3091877063837 -72.308974887706 818183.636363636
"SerumReversal" 0.519466079020596 1.00000118667604 0.0586869384016624 0.00191686534582727 0.00191685000037348 1.88298884040705e-07 -1.01738003476161 -1.05526698490621e-13 -1.86517468137026e-13 0.692013204931289 0.153993609248658 0.153993185820053 0.5 1 2 0.333333333333333 0.333333333333333 0.333333333333333 0.931313130484849 -650.388463511394 -388.74769641428 -69.3294182954973 -69.3291868729933 828284.545454545
"SerumReversal" 0.520959274345074 1.00000133916658 0.0575685632625938 0.00190208555413867 0.00190206838326118 2.00348608814238e-07 -0.89068166555893 -1.5798473640416e-13 -1.25677246387568e-13 0.704987457959552 0.147506504831557 0.147506037208891 0.5 1 2 0.333333333333333 0.333333333333333 0.333333333333333 0.935353534515152 -647.708965594085 -395.292941441146 -66.1892449154036 -66.1889910868886 838385.454545454
"SerumReversal" 0.522549940902822 1.00000153417103 0.0564067278723393 0.00188697317364304 0.00188695367419806 2.1304657593646e-07 -0.768212249506078 5.77593528561238e-14 -4.84723372551343e-13 0.718813028058252 0.140593746913786 0.140593225027962 0.5 1 2 0.333333333333333 0.333333333333333 0.333333333333333 0.939393938545455 -644.73434885113 -402.2230269859 -62.8716639862808 -62.8713826842975 848486.363636364
"SerumReversal" 0.524249646107797 1.00000179042333 0.0551987950651852 0.00187150062262323 0.00187147807163778 2.26481972731563e-07 -0.650518753133355 2.04530836711569e-13 -5.97077942643409e-13 0.733588676194115 0.133205956929345 0.133205366876539 0.5 1 2 0.333333333333333 0.333333333333333 0.333333333333333 0.943434342575758 -641.413063028426 -409.579999390327 -59.3570868431054 -59.3567710740983 858587.272727273
"SerumReversal" 0.526071780546271 1.00000213870115 0.0539419013908405 0.00185563754455194 0.00185561085868039 2.40757117353496e-07 -0.538256231318826 1.80411241501588e-13 3.29736238313671e-13 0.749429032891363 0.125285822641912 0.125285144466725 0.5 1 2 0.333333333333333 0.333333333333333 0.333333333333333 0.947474746606061 -637.681120876129 -417.412344347682 -55.6229045112878 -55.6225442433908 868688.181818182
"SerumReversal" 0.528031841601453 1.00000263278821 0.0526329907187732 0.00183935095073525 0.00183931841825122 2.55990528330585e-07 -0.432215347225117 -5.06816810741384e-14 6.11732886568461e-14 0.76646721602846 0.116766790172801 0.116765993798739 0.5 1 2 0.333333333333333 0.333333333333333 0.333333333333333 0.951515150636364 -633.458208653437 -425.775943078101 -51.6430359328075 -51.6426160536461 878789.090909091
"SerumReversal" 0.530147687937414 1.0000033747719 0.0512689104843808 0.00182260589392737 0.00182256461279131 2.72318686711515e-07 -0.333357673956264 -1.53321799700734e-13 -8.81517081552374e-14 0.784857285418875 0.107571838817076 0.107570875764048 0.5 1 2 0.333333333333333 0.333333333333333 0.333333333333333 0.955555554666667 -628.642338284285 -434.734874617906 -47.3875470594529 -47.3870432195265 888890
"SerumReversal" 0.532439644118605 1.00000458023849 0.0498466382142015 0.00180536728532225 0.00180531184523559 2.8989597922191e-07 -0.242860349148842 1.49713574870702e-13 -1.87183601951801e-13 0.804775531689341 0.0976128418185963 0.0976116264920626 0.5 1 2 0.333333333333333 0.333333333333333 0.333333333333333 0.95959595869697 -623.102484678997 -444.361582124278 -42.8225672480292 -42.8219364746281 898990.909090909
"SerumReversal" 0.534930157512066 1.00000678300713 0.0483637815706071 0.00178760417199841 0.00178752296444926 3.08891856093396e-07 -0.162170153623673 1.10633724403897e-13 2.27373675443232e-13 0.826418076822974 0.0867917820939975 0.0867901410830285 0.5 1 2 0.333333333333333 0.333333333333333 0.333333333333333 0.963636362727273 -616.668583715705 -454.735230136122 -37.9110564462169 -37.9102117104018 909091.818181818
"SerumReversal" 0.537642269401487 1.00001169028674 0.046819671314356 0.00176929945137499 0.00176916108320926 3.29477586547e-07 -0.093061222643783 1.40165656858926e-14 8.43769498715119e-14 0.849988451519989 0.0750070288046897 0.0750045196753209 0.5 1 2 0.333333333333333 0.333333333333333 0.333333333333333 0.967676766757576 -609.118640290538 -465.935369570558 -32.615794797559 -32.6145141525204 919192.727272727
"SerumReversal" 0.540595051854352 1.00002856775363 0.0452177893697139 0.00175047214715447 0.00175013802121678 3.51786411556532e-07 -0.0376678596988143 2.37088126908702e-13 3.09197112358106e-13 0.875659146360384 0.0621730402017169 0.062167813437899 0.5 1 2 0.333333333333333 0.333333333333333 0.333333333333333 0.971717170787879 -600.164832554633 -478.023756890271 -26.9081285382455 -26.9054845377624 929293.636363636
"SerumReversal" 0.55973255208664 41.1209784758782 0.0456154640686308 0.00210527060424778 3.33047457159008e-106 5.1601233508336e-07 -2.65326356441165e-08 -3.15303338993544e-14 -9.83705361618558e+89 0.852042896100187 0.0431190979201811 0.104838005979632 0.5 1 2 0.333333333333333 0.333333333333333 0.333333333333333 0.975757574818182 -588.877025886303 -476.220950055136 -19.6532685824193 -17.7551164872743 939394.545454545
"SerumReversal" 0.561786786514303 41.0732330229844 0.0446182023747692 0.00209118409115514 4.42209447524117e-106 5.2860411869915e-07 -2.62816577389913e-08 4.16333634234434e-14 -1.85750228799055e+89 0.868054726930717 0.0263575548932875 0.105587718175995 0.5 1 2 0.333333333333333 0.333333333333333 0.333333333333333 0.979797978848485 -581.430806292124 -484.066705201601 -11.9768900654536 -17.8918147713293 949495.454545454
"SerumReversal" 0.563532736015765 41.047305067793 0.0437919541999897 0.00207849153366348 5.1609550020513e-106 5.38286542450805e-07 -2.60218477876606e-08 2.09665618200461e-13 3.90150078963478e+89 0.881713298915406 0.0120866815202723 0.106200019564321 0.5 1 2 0.333333333333333 0.333333333333333 0.333333333333333 0.983838382878788 -573.77464228291 -490.72347239581 -5.47707825904009 -18.0019897959639 959596.363636364
"SerumReversal" 0.564640943923134 41.0614684775594 0.0432765065908003 0.00206839036042884 4.75221938857184e-106 5.42275529369363e-07 -2.57416878923777e-08 -3.51163542688937e-13 -7.55931319342876e+89 0.890415100035052 0.00302207411727435 0.106562825847674 0.5 1 2 0.333333333333333 0.333333333333333 0.333333333333333 0.987878786909091 -567.579112114672 -494.94607068682 -1.36648018449546 -18.0637971575697 969697.272727273
"SerumReversal" 0.56499182960414 41.1208338692005 0.0431132553778072 0.00206125449933258 3.34968081393672e-106 5.39694667622825e-07 -2.54386058884393e-08 9.62008250837698e-14 1.13389697901431e+90 0.893191262944994 0.000164750211141413 0.106643986843865 0.5 1 2 0.333333333333333 0.333333333333333 0.333333333333333 0.991919190939394 -564.904927476766 -496.288314379469 -0.0743834540812502 -18.070966565313 979798.181818182
"SerumReversal" 0.565014727271895 41.1987179280998 0.0431007344353486 0.00205540880394488 2.11619038763416e-106 5.34381342731649e-07 -2.51302552101151e-08 -2.80331313717852e-14 -8.81256774918142e+89 0.893393980700693 4.79070151234841e-08 0.106605971392292 0.5 1 2 0.333333333333333 0.333333333333333 0.333333333333333 0.995959594969697 -564.664705800678 -496.384177612978 -2.16037804274148e-05 -18.0551110942844 989899.090909091
"SerumReversal" 0.565017611738699 41.2766271214573 0.0430974922668478 0.00204967420428865 1.33669266743416e-106 5.29006968008616e-07 -2.48282923109855e-08 1.12743148150685e-13 2.794956588623e+89 0.893438098693557 3.9335182902122e-09 0.106561897372924 0.5 1 2 0.333333333333333 0.333333333333333 0.333333333333333 0.999999999 -564.653049861793 -496.403408530236 -1.77174265449605e-06 -18.0382266587483 1e+06
